1	Cincinnati	0.8	1.3	0.0	0.6	1.0	1.9
2	Oregon St	0.9	1.3	3.0	0.8	1.0	1.6
3	Alabama	0.9	0.7	2.0	1.2	0.7	1.4
4	Boise State	1.0	1.3	1.0	1.3	0.7	2.0
5	Navy	1.0	1.3	2.0	1.0	1.0	1.2
6	Air Force	1.0	2.0	1.0	0.2	1.6	1.2
7	LSU	1.1	2.0	3.0	1.0	1.2	1.6
8	Wyoming	1.1	1.0	1.0	1.2	1.0	3.2
9	Pittsburgh	1.1	1.7	1.0	1.2	1.0	2.1
10	UAB	1.1	1.3	1.0	1.6	0.7	2.3
11	LA Tech	1.1	1.3	1.0	0.8	1.3	1.4
12	Utah State	1.1	1.3	1.0	1.0	1.1	2.1
13	VA Tech	1.2	1.0	1.0	1.0	1.3	1.8
14	Central Mich	1.2	1.3	1.0	0.8	1.3	1.0
15	Bowling Grn	1.2	0.7	1.0	1.3	1.0	1.8
16	GA Tech	1.2	1.0	1.0	1.4	1.0	2.0
17	Notre Dame	1.2	1.7	1.0	1.1	1.2	2.2
18	Arkansas	1.2	1.3	1.0	1.2	1.1	2.0
19	Virginia	1.2	1.7	2.0	1.2	1.2	2.5
20	Rutgers	1.2	1.3	2.0	1.6	0.8	1.4
21	Florida	1.2	1.0	0.0	1.8	0.7	1.0
22	Fla Atlantic	1.2	0.7	0.0	1.0	1.4	2.2
23	N Illinois	1.2	2.3	2.0	0.6	1.7	1.2
24	Stanford	1.3	1.3	2.0	1.4	1.2	2.1
25	S Mississippi	1.3	1.0	2.0	1.4	1.3	1.2
26	Penn State	1.3	1.3	0.0	2.1	0.2	1.3
27	Army	1.4	0.7	2.0	2.0	0.8	2.4
28	Vanderbilt	1.4	1.0	1.0	1.6	1.2	1.6
29	Ohio State	1.4	0.7	1.0	1.0	1.8	1.0
30	California	1.4	2.0	3.0	1.2	1.6	1.5
31	Arizona	1.5	0.7	1.0	2.2	1.0	1.5
32	Duke	1.5	1.3	1.0	1.2	1.7	1.7
33	Temple	1.5	2.0	2.0	1.0	1.9	2.1
34	Central FL	1.5	1.7	2.0	1.2	1.8	2.2
35	Kansas St	1.5	1.7	2.0	1.0	1.8	2.2
36	Utah	1.5	0.7	1.0	1.3	1.7	1.5
37	Colorado St	1.5	2.0	1.0	1.4	1.7	1.6
38	Washington	1.6	1.3	0.0	1.3	2.0	2.2
39	Connecticut	1.6	0.7	1.0	1.6	1.6	2.0
40	Missouri	1.6	1.7	3.0	1.6	1.6	2.0
41	Miami (FL)	1.6	1.0	1.0	1.8	1.4	2.0
42	E Carolina	1.6	1.7	3.0	2.0	1.4	2.0
43	Middle Tenn	1.6	1.7	1.0	1.7	1.6	1.7
44	Ohio	1.6	0.7	1.0	1.4	1.8	2.7
45	Tennessee	1.6	1.7	2.0	1.8	1.4	1.5
46	Nevada	1.6	1.3	1.0	1.2	2.0	1.6
47	Illinois	1.6	1.7	3.0	1.6	1.7	1.9
48	Wake Forest	1.6	0.7	0.0	2.2	1.0	1.5
49	Louisville	1.6	1.0	1.0	1.0	2.2	2.5
50	Nebraska	1.6	1.3	0.0	1.9	1.4	2.2
51	Kentucky	1.7	1.0	1.0	2.8	0.5	1.6
52	S Carolina	1.7	2.3	2.0	1.5	1.8	2.9
53	Michigan St	1.7	1.7	2.0	1.0	2.3	1.7
54	USC	1.7	1.3	2.0	2.0	1.4	1.7
55	Clemson	1.7	1.7	0.0	1.5	1.9	2.3
56	Indiana	1.7	2.3	4.0	2.0	1.5	1.8
57	UNLV	1.7	1.0	2.0	1.8	1.6	1.1
58	TX El Paso	1.8	2.3	0.0	1.0	2.5	1.2
59	Wisconsin	1.8	1.7	3.0	2.0	1.6	2.4
60	Marshall	1.8	1.7	2.0	1.4	2.0	1.8
61	Florida Intl	1.8	0.3	0.0	--	1.8	1.6
62	TX Christian	1.8	3.0	3.0	2.0	1.6	1.2
63	Auburn	1.8	2.7	4.0	1.3	2.4	2.1
64	Oregon	1.8	1.7	2.0	2.1	1.3	2.2
65	Texas A&M	1.8	1.7	2.0	1.0	2.7	2.2
66	Idaho	1.8	3.0	0.0	1.3	2.1	2.6
67	N Carolina	1.8	2.7	2.0	1.2	2.3	1.8
68	UCLA	1.8	1.7	1.0	2.5	1.3	2.4
69	BYU	1.8	1.7	2.0	2.5	1.3	2.0
70	LA Lafayette	1.9	1.7	2.0	1.8	2.0	2.1
71	S Florida	1.9	1.3	1.0	1.2	2.3	1.8
72	Florida St	1.9	1.7	0.0	2.6	1.4	2.3
73	Fresno St	1.9	1.0	2.0	1.2	2.2	1.8
74	Houston	1.9	3.3	6.0	--	1.9	2.2
75	Oklahoma	2.0	2.0	2.0	1.0	2.7	0.8
76	Maryland	2.0	0.3	0.0	2.5	1.4	1.9
77	Tulsa	2.0	3.0	2.0	2.4	1.7	2.2
78	Kansas	2.0	1.7	3.0	1.4	2.5	1.8
79	S Methodist	2.0	0.7	0.0	1.0	2.7	2.9
80	Baylor	2.0	2.7	2.0	2.2	1.8	0.9
81	Texas	2.0	3.0	5.0	2.0	2.0	1.1
82	Troy	2.1	2.0	1.0	1.8	2.2	1.6
83	Northwestern	2.1	2.0	5.0	2.2	2.0	2.3
84	W Virginia	2.1	1.0	1.0	2.3	1.8	1.2
85	San Diego St	2.1	1.7	2.0	1.6	2.5	1.8
86	Ball State	2.1	1.3	1.0	1.4	2.7	1.4
87	Memphis	2.1	1.3	1.0	2.4	1.8	1.4
88	Arkansas St	2.1	2.3	2.0	2.8	1.7	1.3
89	E Michigan	2.2	4.0	2.0	2.6	1.9	1.5
90	Boston Col	2.2	2.7	2.0	1.7	2.7	2.5
91	Iowa	2.2	2.3	2.0	2.7	1.7	1.9
92	Iowa State	2.2	2.7	4.0	2.4	2.0	1.7
93	New Mexico	2.2	2.3	5.0	2.2	2.2	1.8
94	Oklahoma St	2.2	4.3	7.0	2.3	2.0	1.6
95	W Kentucky	2.2	2.0	3.0	--	2.2	1.8
96	San Jose St	2.2	3.3	4.0	2.4	2.0	1.3
97	Akron	2.2	2.0	3.0	3.0	1.5	1.7
98	Tulane	2.2	2.3	1.0	2.2	2.2	1.8
99	Georgia	2.2	2.0	1.0	2.2	2.3	1.5
100	N Mex State	2.2	1.7	2.0	2.0	2.4	2.2
101	Texas Tech	2.2	1.7	2.0	2.5	2.0	1.6
102	Minnesota	2.2	2.3	2.0	2.3	2.2	1.6
103	Rice	2.2	1.3	3.0	2.0	2.5	1.2
104	W Michigan	2.3	2.7	5.0	2.5	2.1	2.0
105	Buffalo	2.3	2.3	4.0	2.0	2.5	1.0
106	Syracuse	2.4	1.3	2.0	2.4	2.2	1.5
107	Arizona St	2.4	2.7	1.0	1.8	3.0	1.5
108	Kent State	2.4	2.0	1.0	2.0	2.7	2.0
109	NC State	2.4	1.7	0.0	1.8	3.2	1.5
110	Hawaii	2.4	1.7	2.0	2.5	2.3	2.7
111	Purdue	2.4	1.0	0.0	2.6	2.2	2.0
112	North Texas	2.4	2.7	1.0	3.2	1.7	2.8
113	Michigan	2.5	2.3	5.0	2.3	2.8	2.5
114	LA Monroe	2.5	3.0	3.0	2.5	2.6	1.3
115	Mississippi	2.5	3.0	5.0	1.8	3.2	1.9
116	Miss State	2.5	2.3	2.0	3.5	1.4	1.6
117	Toledo	2.6	3.7	5.0	2.0	3.0	1.7
118	Wash State	2.6	2.3	2.0	3.2	2.0	2.8
119	Colorado	2.7	2.3	3.0	2.5	2.8	2.0
120	Miami (OH)	3.0	3.0	2.0	2.0	3.7	2.2
