1	Oklahoma	0.8	0.7	2.0	0.8	0.8	1.4
2	Baylor	0.9	0.7	1.0	1.2	0.6	3.2
3	Central Mich	1.0	1.3	1.0	1.0	1.0	1.6
4	Ohio State	1.0	0.7	0.0	1.0	1.0	1.8
5	Florida	1.0	1.0	2.0	1.2	0.9	1.2
6	Buffalo	1.0	1.3	1.0	1.0	1.0	1.3
7	Texas	1.1	0.7	1.0	1.0	1.2	2.0
8	UNLV	1.1	1.3	3.0	1.0	1.2	1.8
9	Navy	1.2	0.7	2.0	1.0	1.2	1.3
10	Rice	1.2	0.7	0.0	1.2	1.3	2.1
11	S Mississippi	1.2	1.0	1.0	1.2	1.3	2.3
12	Air Force	1.2	1.3	2.0	1.8	0.9	1.4
13	TX El Paso	1.2	1.0	3.0	1.2	1.3	1.7
14	W Virginia	1.2	1.7	2.0	1.2	1.3	1.6
15	TX Christian	1.2	1.3	2.0	0.4	1.9	2.2
16	N Illinois	1.2	1.7	3.0	1.2	1.3	2.5
17	LA Monroe	1.3	1.7	2.0	0.8	1.6	1.5
18	San Jose St	1.3	1.3	1.0	1.4	1.2	1.3
19	Arkansas St	1.3	1.7	3.0	0.8	1.6	2.0
20	Penn State	1.3	2.0	3.0	1.3	1.3	2.0
21	Alabama	1.4	1.3	3.0	1.3	1.4	1.7
22	Ball State	1.4	2.7	3.0	0.6	1.9	0.8
23	LA Tech	1.4	0.7	1.0	1.8	1.1	2.1
24	Rutgers	1.4	1.0	1.0	1.8	1.0	2.1
25	Memphis	1.4	0.7	0.0	1.7	1.2	1.2
26	Syracuse	1.5	2.0	1.0	1.8	1.2	1.7
27	E Michigan	1.5	1.0	1.0	2.2	1.0	1.8
28	Arizona	1.5	1.3	3.0	0.7	2.3	2.2
29	California	1.5	0.7	1.0	1.6	1.3	2.1
30	Georgia	1.5	1.7	2.0	1.8	1.3	1.3
31	NC State	1.5	1.7	4.0	1.2	1.8	2.8
32	Tennessee	1.5	1.7	0.0	1.3	1.8	1.3
33	Wake Forest	1.5	1.7	1.0	1.9	1.2	2.0
34	Utah	1.5	0.7	1.0	1.0	1.9	1.7
35	Arizona St	1.5	0.7	1.0	1.3	1.8	1.8
36	Colorado St	1.6	2.0	1.0	1.4	1.7	1.8
37	Oklahoma St	1.6	1.7	2.0	1.5	1.7	1.6
38	Minnesota	1.6	2.3	1.0	1.7	1.5	2.5
39	Troy	1.6	0.7	1.0	0.8	2.0	2.6
40	Florida Intl	1.6	1.0	0.0	1.0	2.0	2.8
41	Kentucky	1.6	1.0	1.0	2.0	1.2	2.2
42	Nevada	1.6	1.7	3.0	1.8	1.4	1.5
43	LSU	1.6	0.7	0.0	2.0	1.0	1.1
44	Oregon St	1.6	2.3	3.0	1.7	1.6	2.8
45	Vanderbilt	1.6	2.0	0.0	1.5	1.7	2.2
46	Miss State	1.6	1.3	2.0	0.6	2.5	2.2
47	Texas Tech	1.6	2.3	2.0	1.2	2.0	2.1
48	Akron	1.7	1.7	3.0	2.0	1.4	2.1
49	Toledo	1.7	2.0	3.0	1.7	1.7	2.1
50	Middle Tenn	1.7	2.7	3.0	1.6	1.7	1.6
51	Michigan St	1.7	2.3	1.0	2.1	1.2	1.4
52	USC	1.7	2.0	1.0	2.0	1.4	2.0
53	Iowa State	1.7	1.7	3.0	1.8	1.7	1.9
54	Duke	1.7	2.7	2.0	1.2	2.4	1.8
55	N Carolina	1.8	3.3	2.0	2.0	1.5	2.4
56	S Florida	1.8	1.7	1.0	1.8	1.7	2.6
57	Kansas	1.8	1.7	1.0	1.7	1.8	1.2
58	New Mexico	1.8	0.7	0.0	1.3	2.2	2.1
59	Bowling Grn	1.8	1.7	3.0	2.0	1.6	2.2
60	VA Tech	1.8	3.0	5.0	1.6	1.9	1.5
61	W Kentucky	1.8	1.7	2.0	2.5	1.3	2.7
62	Indiana	1.8	1.7	3.0	1.6	2.2	2.2
63	Marshall	1.8	2.0	0.0	1.4	2.2	1.5
64	San Diego St	1.8	2.3	0.0	1.6	2.0	1.5
65	Tulane	1.8	3.0	3.0	2.7	1.0	1.6
66	Fresno St	1.8	2.0	1.0	2.8	1.2	1.6
67	Illinois	1.9	2.0	2.0	2.0	1.8	2.1
68	Mississippi	1.9	2.0	3.0	1.8	2.0	2.4
69	Maryland	1.9	3.0	3.0	2.0	1.8	1.2
70	Iowa	1.9	1.7	3.0	2.2	1.7	1.1
71	Cincinnati	1.9	1.7	0.0	1.6	2.1	2.0
72	Connecticut	2.0	3.7	5.0	2.4	1.7	1.2
73	BYU	2.0	3.7	3.0	--	2.0	2.1
74	GA Tech	2.0	1.7	3.0	1.4	2.5	2.0
75	Boise State	2.0	2.3	2.0	1.6	2.3	1.7
76	Miami (FL)	2.0	2.7	2.0	1.8	2.1	2.6
77	Purdue	2.0	1.0	0.0	1.8	2.2	2.2
78	Kent State	2.0	2.0	0.0	2.8	1.6	2.1
79	Arkansas	2.0	1.7	1.0	1.8	2.2	1.9
80	Missouri	2.0	3.0	3.0	1.8	2.1	1.3
81	Colorado	2.0	2.0	4.0	1.6	2.3	2.1
82	E Carolina	2.0	1.0	1.0	1.4	2.3	1.1
83	W Michigan	2.0	2.0	2.0	2.5	1.8	2.5
84	Pittsburgh	2.1	2.7	2.0	2.0	2.1	1.9
85	LA Lafayette	2.1	2.0	0.0	1.6	2.4	1.5
86	Temple	2.1	2.7	3.0	1.4	2.6	2.2
87	Utah State	2.1	3.0	0.0	1.7	2.5	1.7
88	Stanford	2.1	2.0	4.0	1.2	2.7	1.9
89	Auburn	2.1	2.3	3.0	2.0	2.2	1.9
90	Notre Dame	2.2	1.0	0.0	1.0	3.1	2.1
91	Oregon	2.2	1.0	2.0	2.3	2.0	1.8
92	Tulsa	2.2	2.3	0.0	2.8	1.6	2.1
93	Kansas St	2.2	1.0	0.0	1.8	2.6	1.9
94	Miami (OH)	2.2	2.3	2.0	3.2	1.3	2.2
95	Central FL	2.2	1.3	2.0	1.6	2.7	1.9
96	N Mex State	2.2	1.3	2.0	2.0	2.3	2.1
97	Fla Atlantic	2.2	1.7	1.0	2.0	2.3	1.2
98	Nebraska	2.2	2.3	3.0	2.0	2.6	2.3
99	Houston	2.2	2.0	3.0	--	2.2	2.4
100	Texas A&M	2.2	3.3	1.0	2.0	2.6	1.3
101	Washington	2.2	3.3	4.0	2.3	2.2	1.9
102	Florida St	2.3	1.3	0.0	3.2	1.5	1.7
103	UAB	2.3	0.7	0.0	2.2	2.3	1.7
104	Clemson	2.3	1.7	2.0	2.6	2.0	0.8
105	Northwestern	2.3	1.3	1.0	2.8	1.8	2.3
106	Army	2.4	2.3	2.0	3.4	1.5	2.5
107	UCLA	2.4	2.7	1.0	1.9	3.2	2.4
108	Wisconsin	2.4	3.3	3.0	2.3	2.5	1.7
109	Virginia	2.5	3.0	1.0	1.8	3.2	1.5
110	Boston Col	2.5	2.3	3.0	2.2	2.7	2.1
111	Michigan	2.5	1.7	2.0	2.7	2.2	2.1
112	Louisville	2.5	3.0	2.0	2.6	2.5	2.2
113	Idaho	2.6	2.7	4.0	1.8	3.3	2.9
114	Hawaii	2.7	1.7	2.0	2.2	3.1	2.7
115	Ohio	2.7	2.0	2.0	2.5	2.9	2.0
116	North Texas	2.8	3.3	3.0	3.2	2.4	2.9
117	Wash State	2.8	1.7	2.0	3.2	2.6	2.1
118	S Methodist	2.9	2.7	2.0	1.8	3.8	2.6
119	S Carolina	2.9	4.3	5.0	2.3	3.5	2.0
120	Wyoming	3.2	2.3	3.0	3.3	3.0	2.6
