1	Texas A&M	0.8	0.7	1.0	0.5	1.0	1.8
2	Michigan	0.9	1.0	2.0	1.1	0.7	1.5
3	BYU	1.0	1.3	2.0	0.8	1.1	1.5
4	Notre Dame	1.1	1.7	2.0	1.3	0.8	1.2
5	Houston	1.1	1.3	2.0	1.0	1.2	2.3
6	Air Force	1.2	1.3	4.0	1.0	1.3	2.2
7	Minnesota	1.2	0.7	1.0	0.6	1.6	1.3
8	S Mississippi	1.2	0.7	1.0	1.4	1.1	1.4
9	Kentucky	1.2	1.0	2.0	1.5	1.0	2.2
10	Virginia	1.2	1.3	2.0	0.8	1.7	1.5
11	Wake Forest	1.3	1.3	3.0	2.2	0.8	1.7
12	Colorado	1.4	0.3	0.0	1.8	1.0	1.5
13	Mississippi	1.4	1.0	0.0	1.0	1.8	1.9
14	Ohio State	1.4	2.3	2.0	1.6	1.2	1.8
15	USC	1.4	1.3	1.0	1.3	1.4	1.3
16	W Virginia	1.4	1.7	0.0	1.5	1.3	1.5
17	Syracuse	1.4	2.0	2.0	1.5	1.3	2.5
18	Bowling Grn	1.5	0.3	1.0	1.8	1.3	1.5
19	Rutgers	1.5	0.0	0.0	1.8	1.3	2.1
20	Tennessee	1.5	1.7	3.0	1.7	1.3	2.5
21	Alabama	1.5	3.0	3.0	1.4	1.8	0.9
22	Auburn	1.5	2.3	2.0	1.5	1.6	1.5
23	Ball State	1.5	0.7	1.0	1.2	1.8	1.4
24	Colorado St	1.5	1.7	1.0	1.0	1.9	1.5
25	Arizona	1.5	0.7	2.0	1.5	1.6	2.5
26	Iowa State	1.5	1.7	1.0	--	1.5	1.7
27	Pittsburgh	1.5	1.3	4.0	1.7	1.4	2.2
28	Central Mich	1.6	0.3	0.0	1.8	1.4	0.9
29	Boise State	1.6	2.0	3.0	1.6	1.6	2.7
30	N Illinois	1.6	2.0	1.0	1.0	2.0	1.6
31	Maryland	1.6	2.3	0.0	1.0	2.2	2.2
32	San Jose St	1.6	1.3	0.0	1.7	1.5	1.1
33	California	1.6	1.7	1.0	1.0	2.2	2.1
34	Tulsa	1.6	1.0	2.0	2.0	1.3	1.2
35	Navy	1.6	1.7	2.0	1.5	1.6	1.8
36	TX Christian	1.6	0.7	0.0	1.4	1.7	1.6
37	LSU	1.6	1.7	2.0	1.0	2.6	1.9
38	GA Tech	1.6	2.3	2.0	1.2	2.0	1.4
39	Rice	1.6	3.3	5.0	2.2	1.3	2.5
40	Memphis	1.6	1.0	0.0	0.8	2.6	1.3
41	Oklahoma St	1.7	1.3	2.0	0.8	2.3	3.4
42	Middle Tenn	1.7	1.0	2.0	1.2	1.9	0.7
43	UAB	1.7	1.7	0.0	2.3	1.0	1.7
44	Utah	1.7	0.7	2.0	1.6	1.7	2.0
45	Boston Col	1.7	1.3	2.0	1.3	2.0	1.7
46	Akron	1.7	2.0	2.0	1.4	1.9	1.8
47	Fresno St	1.7	3.0	4.0	1.8	1.5	2.0
48	W Michigan	1.7	1.7	2.0	1.2	2.0	1.7
49	NC State	1.7	2.3	1.0	1.0	2.6	1.8
50	Central FL	1.7	1.0	2.0	2.3	1.0	1.5
51	E Michigan	1.8	3.0	1.0	0.8	2.2	0.7
52	New Mexico	1.8	2.3	4.0	1.9	1.6	1.7
53	S Carolina	1.8	2.0	1.0	1.7	1.8	1.8
54	Michigan St	1.8	1.7	0.0	1.7	1.8	1.7
55	UCLA	1.8	1.3	3.0	1.9	1.7	1.3
56	E Carolina	1.8	1.3	2.0	1.8	1.7	1.8
57	Louisville	1.8	2.0	2.0	1.7	1.9	1.8
58	Oregon St	1.8	1.0	2.0	1.3	2.1	3.5
59	LA Monroe	1.8	0.7	1.0	0.7	2.2	2.1
60	Miami (OH)	1.8	2.3	3.0	1.8	1.9	1.7
61	VA Tech	1.8	2.0	4.0	1.3	2.6	1.5
62	Washington	1.8	2.0	2.0	2.0	1.7	1.7
63	Arizona St	1.8	1.7	2.0	1.4	2.1	1.7
64	Florida	1.8	1.0	0.0	2.0	1.7	1.1
65	Nebraska	1.8	3.0	2.0	2.2	1.6	1.7
66	Arkansas	1.8	2.3	2.0	2.0	1.8	1.6
67	Connecticut	1.9	1.7	2.0	1.5	2.4	2.1
68	Miss State	1.9	1.7	1.0	2.0	1.8	1.9
69	Toledo	1.9	0.7	0.0	1.2	2.5	1.5
70	S Methodist	1.9	2.0	4.0	1.4	2.3	1.8
71	Fla Atlantic	1.9	0.7	0.0	2.3	1.8	2.0
72	Wisconsin	1.9	2.7	3.0	2.2	1.7	1.1
73	Texas	1.9	2.3	1.0	2.2	1.7	1.5
74	Penn State	1.9	1.7	0.0	2.0	1.8	1.8
75	Miami (FL)	1.9	2.3	1.0	1.8	2.0	1.9
76	Nevada	1.9	2.3	1.0	2.3	1.6	1.9
77	Buffalo	2.0	2.7	2.0	2.4	1.7	2.0
78	Wash State	2.0	1.7	1.0	1.7	2.3	2.2
79	Texas Tech	2.0	1.7	3.0	2.0	2.0	1.8
80	LA Lafayette	2.0	2.3	3.0	2.4	1.7	1.8
81	Hawaii	2.0	2.3	2.0	2.2	1.6	2.0
82	Missouri	2.0	1.0	2.0	2.0	2.0	2.1
83	Florida St	2.1	2.0	1.0	2.4	1.6	1.9
84	TX El Paso	2.1	3.3	4.0	2.0	2.2	3.0
85	Kent State	2.1	1.7	1.0	2.0	2.1	2.4
86	Utah State	2.1	2.0	2.0	3.0	1.4	1.6
87	Tulane	2.1	1.3	0.0	1.6	2.4	2.3
88	Wyoming	2.1	1.7	2.0	1.7	2.5	2.9
89	Clemson	2.2	3.0	4.0	2.1	2.2	1.2
90	Ohio	2.2	2.7	2.0	2.5	2.0	1.4
91	S Florida	2.2	1.3	1.0	2.6	1.9	1.9
92	Florida Intl	2.2	1.3	2.0	2.8	1.7	2.9
93	Temple	2.2	2.0	2.0	1.5	2.5	2.5
94	Stanford	2.2	1.3	2.0	2.2	2.1	1.3
95	San Diego St	2.2	2.3	1.0	2.2	2.2	2.0
96	Indiana	2.2	2.7	4.0	2.3	2.0	1.9
97	Purdue	2.2	3.3	2.0	2.5	2.0	1.8
98	Idaho	2.3	2.3	2.0	2.2	2.3	2.3
99	Troy	2.3	1.0	1.0	3.0	2.0	2.1
100	Kansas St	2.3	3.7	3.0	1.4	3.6	2.5
101	Oklahoma	2.4	1.7	4.0	2.2	2.5	1.8
102	Northwestern	2.4	3.0	2.0	2.5	2.3	1.8
103	Vanderbilt	2.4	2.3	2.0	1.4	3.2	1.6
104	Cincinnati	2.4	2.3	3.0	2.3	2.5	1.8
105	North Texas	2.4	2.3	2.0	3.2	1.9	1.6
106	Georgia	2.4	1.7	1.0	2.2	2.7	1.4
107	Marshall	2.5	3.0	4.0	2.0	2.7	2.3
108	N Carolina	2.5	2.0	3.0	2.7	2.2	1.9
109	Arkansas St	2.5	0.7	1.0	2.2	2.6	1.8
110	Iowa	2.5	2.7	2.0	2.5	2.5	1.5
111	Duke	2.6	2.7	2.0	2.8	2.4	2.3
112	UNLV	2.6	2.7	3.0	3.0	2.3	2.1
113	Oregon	2.7	3.3	2.0	3.2	2.3	1.5
114	N Mex State	2.8	2.3	1.0	2.6	3.0	2.8
115	Kansas	2.8	3.3	2.0	2.5	3.2	2.3
116	LA Tech	2.8	3.3	4.0	3.8	2.4	1.3
117	Illinois	2.9	3.3	3.0	3.2	2.6	1.5
118	Baylor	3.0	3.7	2.0	2.0	4.2	2.3
119	Army	3.2	3.7	2.0	4.2	2.6	1.8
