1	Clemson	0.8	0.7	0.0	1.0	0.7	2.2
2	Ball State	0.8	0.3	1.0	0.8	0.9	1.5
3	E Carolina	1.1	1.0	1.0	0.8	1.3	1.8
4	Iowa	1.1	1.7	3.0	1.7	0.5	2.5
5	LSU	1.1	1.0	1.0	1.1	1.1	1.6
6	Florida	1.2	0.3	0.0	1.1	1.2	1.8
7	Fla Atlantic	1.2	0.7	1.0	1.4	1.0	1.9
8	Kansas	1.2	1.0	1.0	1.0	1.3	2.8
9	Connecticut	1.2	1.3	1.0	0.8	1.5	1.9
10	Maryland	1.2	1.0	2.0	1.2	1.1	1.6
11	Memphis	1.2	0.3	0.0	1.5	0.8	1.6
12	San Jose St	1.3	1.0	1.0	1.5	1.1	1.6
13	Tennessee	1.3	2.0	1.0	0.7	1.9	1.5
14	Missouri	1.3	1.3	3.0	1.2	1.4	2.0
15	Buffalo	1.3	0.3	0.0	1.4	1.3	2.0
16	Georgia	1.3	2.0	1.0	1.7	1.0	2.4
17	Navy	1.3	1.0	3.0	1.2	1.4	1.6
18	Texas A&M	1.3	2.0	3.0	1.0	1.7	0.8
19	Michigan St	1.4	2.7	5.0	1.3	1.4	1.8
20	Air Force	1.4	1.0	0.0	1.2	1.6	1.2
21	Oklahoma	1.4	0.7	1.0	1.4	1.4	2.4
22	Marshall	1.5	0.0	0.0	1.0	1.8	2.5
23	LA Monroe	1.5	1.3	0.0	1.5	1.4	1.8
24	San Diego St	1.5	1.3	1.0	1.4	1.5	2.2
25	Nevada	1.5	1.3	1.0	1.6	1.4	1.9
26	VA Tech	1.5	2.3	3.0	1.5	1.6	1.8
27	Virginia	1.5	1.7	2.0	2.0	1.1	1.2
28	LA Lafayette	1.5	2.0	2.0	2.2	1.0	2.0
29	Middle Tenn	1.6	1.0	2.0	0.8	2.1	1.7
30	Oklahoma St	1.6	1.0	2.0	1.8	1.4	1.7
31	Fresno St	1.6	1.3	1.0	1.6	1.6	1.7
32	W Virginia	1.6	1.3	0.0	1.7	1.6	1.4
33	Central Mich	1.6	1.7	0.0	1.0	1.9	1.6
34	Tulane	1.6	1.0	2.0	1.8	1.4	2.1
35	Boise State	1.7	2.0	4.0	1.2	2.2	1.6
36	Syracuse	1.7	2.7	1.0	1.9	1.4	1.4
37	Wisconsin	1.7	1.3	2.0	1.7	1.7	1.9
38	Utah State	1.7	1.7	0.0	2.2	1.3	2.1
39	Alabama	1.7	2.3	2.0	1.8	1.5	1.5
40	Florida St	1.7	1.0	2.0	2.2	1.4	2.1
41	Utah	1.7	2.0	2.0	1.7	1.7	1.7
42	TX El Paso	1.7	1.7	2.0	1.6	1.8	2.1
43	UAB	1.7	1.3	0.0	2.2	1.4	1.7
44	UNLV	1.8	1.7	2.0	2.0	1.5	2.6
45	Ohio State	1.8	2.3	3.0	2.0	1.5	1.4
46	Duke	1.8	1.3	1.0	2.2	1.4	2.6
47	Arizona St	1.8	2.3	5.0	1.4	2.4	1.8
48	Colorado St	1.8	1.0	2.0	3.0	1.7	1.5
49	E Michigan	1.8	1.0	1.0	1.5	2.0	1.8
50	Oregon	1.8	2.0	1.0	1.4	2.3	2.7
51	Pittsburgh	1.9	2.3	2.0	1.8	2.0	1.5
52	Iowa State	1.9	1.0	1.0	1.7	2.2	1.5
53	Kansas St	1.9	1.7	2.0	2.0	1.8	2.3
54	Arkansas	1.9	2.0	5.0	1.7	2.2	1.8
55	Stanford	1.9	2.3	2.0	1.5	2.8	2.2
56	Auburn	1.9	2.0	1.0	2.3	1.4	1.5
57	Washington	1.9	1.3	1.0	2.4	1.3	1.8
58	Central FL	1.9	2.0	4.0	1.7	2.1	1.7
59	Penn State	2.0	1.3	2.0	2.0	2.0	1.9
60	USC	2.0	1.0	1.0	2.5	1.6	1.4
61	Texas	2.0	1.7	1.0	1.8	2.1	1.9
62	GA Tech	2.0	2.7	1.0	2.8	1.2	1.6
63	Cincinnati	2.0	2.3	4.0	1.6	2.3	2.4
64	S Carolina	2.0	2.0	3.0	2.2	1.8	1.8
65	Ohio	2.0	0.3	1.0	2.2	1.9	2.2
66	Arkansas St	2.0	1.7	2.0	1.7	2.3	2.5
67	Wake Forest	2.0	2.3	2.0	2.3	1.7	1.3
68	Colorado	2.1	1.0	2.0	2.2	2.0	1.4
69	Boston Col	2.1	2.7	2.0	2.7	1.6	1.7
70	California	2.1	2.7	2.0	2.2	2.0	1.6
71	New Mexico	2.1	3.3	2.0	2.5	1.7	1.8
72	BYU	2.1	1.7	2.0	1.0	2.2	1.0
73	Notre Dame	2.1	2.3	4.0	1.9	2.4	1.1
74	Akron	2.1	2.3	2.0	2.0	2.1	1.7
75	Rutgers	2.1	1.7	1.0	2.9	1.0	1.5
76	Wash State	2.1	3.7	0.0	3.2	1.3	2.0
77	Illinois	2.1	2.0	4.0	1.8	2.3	2.9
78	Michigan	2.1	2.3	4.0	2.0	2.2	0.9
79	Texas Tech	2.1	1.7	1.0	2.8	1.6	2.0
80	Rice	2.1	1.0	1.0	2.6	1.7	1.6
81	Kent State	2.1	2.0	0.0	1.0	2.7	2.1
82	Toledo	2.1	2.3	4.0	1.7	2.6	1.9
83	N Mex State	2.1	2.0	0.0	1.0	3.0	2.8
84	LA Tech	2.1	3.3	3.0	1.5	2.4	2.8
85	Tulsa	2.1	1.3	0.0	2.2	2.1	1.6
86	TX Christian	2.2	1.7	1.0	2.0	2.3	1.6
87	Miami (OH)	2.2	2.7	2.0	2.7	1.7	1.8
88	Bowling Grn	2.2	1.7	4.0	1.6	2.5	1.5
89	Temple	2.2	1.0	1.0	1.8	2.5	2.2
90	Purdue	2.2	2.7	3.0	2.0	2.3	2.2
91	Miss State	2.2	2.7	1.0	2.4	2.0	1.9
92	Vanderbilt	2.2	2.0	5.0	2.6	1.5	2.4
93	Arizona	2.2	1.7	3.0	1.8	2.5	1.5
94	Louisville	2.2	4.0	1.0	1.4	2.8	1.8
95	Kentucky	2.2	2.7	4.0	2.0	2.6	1.2
96	Indiana	2.2	1.3	0.0	2.5	2.0	2.2
97	Northwestern	2.3	2.7	2.0	2.3	2.2	2.4
98	Nebraska	2.3	2.7	3.0	2.1	2.6	1.8
99	S Mississippi	2.3	2.3	3.0	3.0	1.9	1.2
100	Mississippi	2.4	2.3	2.0	2.8	1.8	1.4
101	N Carolina	2.4	1.7	2.0	2.4	2.3	2.5
102	UCLA	2.4	2.7	2.0	2.7	2.1	1.8
103	Houston	2.4	2.3	0.0	2.0	2.5	1.1
104	N Illinois	2.5	2.0	2.0	2.0	2.7	1.6
105	Army	2.5	2.7	2.0	2.2	2.7	3.2
106	W Michigan	2.5	0.7	1.0	2.4	2.7	1.7
107	Minnesota	2.5	1.7	3.0	2.5	2.6	1.2
108	S Methodist	2.6	2.7	2.0	2.5	2.7	1.9
109	Wyoming	2.6	2.7	2.0	1.7	3.5	2.1
110	Troy	2.6	2.0	3.0	3.2	2.1	2.3
111	Miami (FL)	2.6	3.3	2.0	2.4	2.8	1.9
112	S Florida	2.6	2.7	5.0	3.2	2.1	2.2
113	W Kentucky	2.7	2.7	2.0	3.0	2.6	2.0
114	Hawaii	2.7	3.7	6.0	2.0	3.3	2.0
115	Oregon St	2.8	2.0	3.0	2.4	3.0	1.8
116	NC State	2.8	2.3	1.0	2.3	3.4	1.7
117	Florida Intl	2.8	1.0	1.0	1.6	3.7	2.2
118	Idaho	2.9	3.0	4.0	3.8	2.2	2.3
119	North Texas	2.9	2.7	3.0	3.0	2.9	2.4
120	Baylor	3.2	2.0	2.0	2.4	3.8	3.0
