1	Ball State	0.5	0.3	0.0	0.2	0.8	1.6
2	Bowling Grn	0.6	1.7	2.0	0.5	0.7	2.2
3	Oklahoma St	0.8	0.7	2.0	0.5	1.0	1.7
4	Virginia	0.8	0.7	0.0	1.0	0.7	1.4
5	Northwestern	0.9	0.7	1.0	0.8	1.0	2.0
6	Texas A&M	1.1	2.0	5.0	0.7	1.5	2.5
7	Miami (FL)	1.1	1.3	2.0	1.3	0.8	2.8
8	Minnesota	1.1	2.7	3.0	1.0	1.2	1.3
9	Navy	1.1	1.0	0.0	1.0	1.2	1.4
10	Utah	1.2	1.3	1.0	1.2	1.2	1.7
11	Pittsburgh	1.2	0.7	0.0	1.8	0.7	1.8
12	TX Christian	1.2	1.7	2.0	1.0	1.4	1.7
13	North Texas	1.2	1.0	3.0	0.8	1.4	1.7
14	N Illinois	1.3	0.3	0.0	1.0	1.4	1.4
15	N Carolina	1.3	0.7	0.0	1.4	1.2	2.1
16	Houston	1.3	1.3	1.0	1.6	1.0	2.0
17	Wake Forest	1.3	1.3	1.0	1.4	1.2	1.6
18	Oklahoma	1.3	2.3	5.0	1.0	1.7	1.2
19	Louisville	1.3	1.7	4.0	1.2	1.4	1.4
20	UAB	1.3	1.7	1.0	1.8	1.0	2.4
21	Notre Dame	1.3	1.0	1.0	1.8	0.8	2.2
22	Army	1.4	1.3	1.0	1.0	1.7	3.4
23	Indiana	1.4	1.3	1.0	1.0	1.7	1.4
24	Iowa State	1.4	0.3	0.0	--	1.4	2.2
25	Akron	1.5	0.7	0.0	1.6	1.3	1.5
26	New Mexico	1.5	2.0	3.0	1.8	1.3	1.9
27	S Mississippi	1.5	1.3	3.0	1.4	1.6	2.2
28	Texas	1.5	1.7	2.0	1.5	1.5	2.3
29	VA Tech	1.5	1.7	2.0	1.2	1.8	2.1
30	Purdue	1.5	1.3	2.0	1.2	1.8	1.2
31	Air Force	1.5	2.0	0.0	1.7	1.2	1.5
32	California	1.5	1.0	1.0	1.2	1.7	1.4
33	Wisconsin	1.5	2.3	2.0	1.3	1.7	1.9
34	Vanderbilt	1.5	1.7	4.0	2.0	1.0	2.4
35	Auburn	1.6	2.0	2.0	1.4	1.8	1.6
36	Iowa	1.6	1.7	2.0	1.3	1.8	1.6
37	Tulane	1.6	1.7	2.0	1.4	1.8	2.1
38	Temple	1.6	1.0	2.0	1.0	2.2	1.5
39	Arkansas	1.6	1.3	3.0	1.6	1.8	1.7
40	Missouri	1.6	2.3	2.0	1.5	1.8	0.9
41	Florida	1.7	2.0	2.0	1.3	2.0	1.8
42	Tennessee	1.7	0.7	0.0	2.1	1.2	1.5
43	Boston Col	1.7	1.7	1.0	2.8	1.1	1.8
44	Stanford	1.7	2.7	2.0	1.3	2.2	2.4
45	Alabama	1.7	1.7	2.0	1.8	1.6	1.7
46	Georgia	1.7	2.0	3.0	1.0	2.3	1.4
47	Memphis	1.7	1.0	2.0	2.0	1.6	2.3
48	Michigan	1.8	0.7	0.0	1.8	1.7	1.5
49	USC	1.8	1.7	0.0	2.0	1.6	1.7
50	San Jose St	1.8	1.3	1.0	3.2	0.8	1.4
51	Wyoming	1.8	1.7	1.0	1.2	2.3	1.3
52	Buffalo	1.8	1.7	1.0	1.6	2.0	1.5
53	Troy	1.8	1.7	1.0	2.5	1.4	2.5
54	Florida St	1.8	2.3	3.0	0.8	2.8	1.9
55	Boise State	1.8	1.7	1.0	1.6	2.2	1.4
56	LA Monroe	1.9	1.7	1.0	2.3	1.7	2.6
57	S Florida	1.9	1.3	4.0	2.6	1.2	2.6
58	Illinois	1.9	1.0	1.0	2.3	1.2	2.3
59	Mississippi	1.9	2.3	4.0	1.8	2.0	1.5
60	W Virginia	1.9	3.0	4.0	1.8	2.0	1.7
61	Ohio State	1.9	1.7	1.0	1.8	2.0	1.8
62	Arizona St	1.9	2.3	1.0	1.7	2.2	2.4
63	Toledo	1.9	2.3	3.0	1.6	2.1	1.3
64	Colorado	1.9	0.7	0.0	1.8	2.0	2.3
65	Miss State	2.0	1.3	3.0	1.0	3.5	3.3
66	Michigan St	2.0	2.0	0.0	2.2	1.8	1.4
67	Texas Tech	2.0	2.0	1.0	1.6	2.3	2.7
68	Connecticut	2.0	1.0	1.0	2.0	2.0	1.7
69	Cincinnati	2.0	2.3	2.0	1.0	2.7	2.4
70	Oregon	2.0	1.7	3.0	2.2	1.8	2.1
71	Marshall	2.1	3.3	2.0	2.2	2.0	2.6
72	UCLA	2.1	2.0	2.0	2.2	2.0	2.5
73	LSU	2.1	1.0	1.0	2.1	2.0	1.9
74	Kansas	2.1	2.0	2.0	2.0	2.2	2.1
75	Tulsa	2.1	2.7	1.0	1.4	2.7	1.8
76	Duke	2.1	2.7	2.0	2.0	2.2	1.5
77	Ohio	2.1	3.3	5.0	2.0	2.2	1.9
78	San Diego St	2.1	2.0	1.0	2.0	2.2	2.5
79	Hawaii	2.2	1.0	1.0	1.5	3.5	2.6
80	Syracuse	2.2	2.7	3.0	2.2	2.1	1.6
81	Clemson	2.2	2.0	1.0	1.5	3.0	1.5
82	Rice	2.2	3.3	3.0	2.4	2.0	5.6
83	Central FL	2.2	2.3	4.0	2.4	2.0	2.9
84	Baylor	2.2	0.7	1.0	2.2	2.2	2.1
85	Miami (OH)	2.2	1.3	1.0	1.8	2.5	1.5
86	Maryland	2.3	3.0	1.0	1.2	3.6	1.5
87	Kentucky	2.3	1.3	1.0	2.7	1.8	1.6
88	Middle Tenn	2.3	3.0	4.0	0.8	3.3	1.7
89	Arizona	2.3	2.3	2.0	2.3	2.2	2.5
90	Kansas St	2.3	2.3	4.0	2.3	2.2	1.9
91	LA Lafayette	2.3	3.0	3.0	1.8	2.8	2.0
92	Oregon St	2.3	1.7	0.0	1.8	2.7	3.2
93	Idaho	2.3	2.7	2.0	2.0	2.5	2.2
94	Nevada	2.4	3.0	3.0	1.6	3.0	1.9
95	Utah State	2.4	3.0	4.0	3.0	2.3	2.5
96	S Carolina	2.4	2.3	2.0	1.8	3.0	1.4
97	E Michigan	2.4	3.0	6.0	3.0	1.8	2.0
98	E Carolina	2.5	2.7	2.0	2.0	2.8	2.7
99	Penn State	2.5	1.3	1.0	2.2	2.8	1.8
100	Colorado St	2.5	2.0	1.0	2.2	2.8	2.6
101	GA Tech	2.5	2.3	3.0	3.2	2.0	1.9
102	TX El Paso	2.5	2.7	3.0	2.2	2.8	2.9
103	W Michigan	2.6	1.7	2.0	2.8	2.5	2.5
104	Wash State	2.6	1.7	2.0	3.2	2.2	3.1
105	Arkansas St	2.6	3.3	3.0	2.2	2.9	2.7
106	Nebraska	2.7	2.0	4.0	2.6	2.8	1.8
107	BYU	2.7	2.0	2.0	3.0	2.4	3.2
108	S Methodist	2.7	2.0	1.0	2.6	2.8	2.2
109	UNLV	2.8	3.0	4.0	3.2	2.5	1.8
110	N Mex State	2.9	4.7	4.0	2.0	3.6	2.1
111	NC State	3.1	3.0	4.0	3.0	3.2	1.5
112	Rutgers	3.3	3.0	2.0	3.0	3.6	2.4
113	Washington	3.8	4.0	4.0	3.7	4.0	2.5
114	Kent State	3.9	0.7	1.0	1.0	5.8	1.6
115	LA Tech	4.2	1.7	0.0	7.6	1.9	2.3
116	Fresno St	7.9	1.3	0.0	1.5	11.6	1.5
117	Central Mich	8.9	2.7	2.0	19.8	1.7	1.6
