1	E Michigan	0.7	1.0	0.0	1.0	0.5	2.4
2	Middle Tenn	0.7	0.3	0.0	1.2	0.3	2.3
3	Central Mich	0.9	1.7	0.0	0.4	1.3	8.9
4	Alabama	0.9	0.0	0.0	0.9	1.0	1.7
5	Wisconsin	1.1	0.3	1.0	1.2	1.0	1.5
6	Florida	1.1	1.3	1.0	1.1	1.0	1.7
7	San Jose St	1.1	0.7	1.0	1.2	1.0	1.8
8	Tulsa	1.2	0.7	1.0	1.4	1.0	2.1
9	Notre Dame	1.2	0.7	0.0	1.3	1.0	1.3
10	Clemson	1.2	2.0	1.0	0.5	2.0	2.2
11	Memphis	1.3	0.7	0.0	1.2	1.3	1.7
12	LA Tech	1.3	1.7	1.0	0.8	1.7	4.2
13	Stanford	1.3	1.3	0.0	0.8	1.8	1.7
14	USC	1.3	1.7	2.0	1.2	1.4	1.8
15	Minnesota	1.3	1.0	1.0	1.3	1.3	1.1
16	UCLA	1.3	3.0	4.0	0.8	1.8	2.1
17	S Mississippi	1.4	1.3	2.0	1.8	1.1	1.5
18	Ball State	1.4	1.0	1.0	1.5	1.3	0.5
19	Ohio	1.4	1.7	2.0	1.2	1.5	2.1
20	Georgia	1.4	1.3	3.0	1.5	1.3	1.7
21	GA Tech	1.4	2.0	2.0	1.5	1.3	2.5
22	BYU	1.5	1.0	2.0	1.6	1.3	2.7
23	W Virginia	1.5	0.7	0.0	1.8	1.2	1.9
24	Bowling Grn	1.5	1.0	0.0	1.6	1.3	0.6
25	VA Tech	1.5	1.3	0.0	1.8	1.1	1.5
26	Virginia	1.5	1.7	2.0	1.7	1.3	0.8
27	Michigan	1.5	1.3	3.0	0.7	2.6	1.8
28	Colorado St	1.5	1.7	0.0	1.6	1.4	2.5
29	Texas	1.5	1.7	1.0	1.3	1.7	1.5
30	Colorado	1.5	1.7	0.0	1.0	2.0	1.9
31	Central FL	1.5	2.0	1.0	1.6	1.5	2.2
32	Iowa	1.5	1.3	1.0	1.6	1.5	1.6
33	Toledo	1.5	3.0	3.0	1.8	1.4	1.9
34	Illinois	1.5	1.7	1.0	1.5	1.6	1.9
35	Oregon	1.5	1.3	1.0	0.8	2.2	2.0
36	Auburn	1.5	1.7	2.0	1.5	1.6	1.6
37	TX Christian	1.6	1.7	3.0	1.0	2.0	1.2
38	Arkansas	1.6	1.7	1.0	1.4	1.8	1.6
39	Vanderbilt	1.6	2.3	0.0	1.8	1.4	1.5
40	N Illinois	1.6	0.7	0.0	1.5	1.7	1.3
41	North Texas	1.6	1.7	2.0	2.6	0.8	1.2
42	Utah State	1.6	1.0	1.0	1.5	1.7	2.4
43	Arizona St	1.7	1.7	2.0	1.7	1.6	1.9
44	Boston Col	1.7	2.0	1.0	2.0	1.3	1.7
45	W Michigan	1.7	1.3	2.0	1.5	1.8	2.6
46	UAB	1.7	3.0	3.0	2.0	1.5	1.3
47	Washington	1.7	1.7	1.0	1.8	1.6	3.8
48	Wake Forest	1.7	3.0	6.0	2.0	1.4	1.3
49	Michigan St	1.7	1.7	4.0	2.5	0.8	2.0
50	Nebraska	1.7	1.7	2.0	2.0	1.4	2.7
51	Miami (OH)	1.7	3.0	1.0	2.0	1.5	2.2
52	Iowa State	1.7	2.0	4.0	--	1.7	1.4
53	New Mexico	1.7	2.7	2.0	1.4	2.0	1.5
54	Ohio State	1.8	1.7	2.0	1.9	1.6	1.9
55	S Carolina	1.8	2.3	3.0	1.6	2.0	2.4
56	Northwestern	1.8	1.7	3.0	2.2	1.3	0.9
57	Akron	1.8	1.0	1.0	1.4	2.0	1.5
58	Texas A&M	1.8	2.3	3.0	2.2	1.4	1.1
59	Army	1.8	0.3	0.0	2.4	1.2	1.4
60	Cincinnati	1.8	2.3	1.0	2.2	1.5	2.0
61	LA Lafayette	1.8	1.0	1.0	1.8	1.8	2.3
62	Texas Tech	1.8	1.7	0.0	1.5	2.0	2.0
63	NC State	1.8	1.0	1.0	2.2	1.4	3.1
64	Arkansas St	1.8	2.0	3.0	1.5	2.0	2.6
65	E Carolina	1.8	1.3	0.0	2.6	1.2	2.5
66	S Methodist	1.8	1.3	0.0	2.0	1.6	2.7
67	Purdue	1.8	1.0	1.0	1.7	2.0	1.5
68	Navy	1.8	1.3	2.0	2.2	1.6	1.1
69	Oklahoma	1.8	1.0	2.0	2.0	1.7	1.3
70	Louisville	1.8	3.3	4.0	1.5	2.2	1.3
71	Penn State	1.8	1.7	2.0	1.9	1.8	2.5
72	Mississippi	1.9	2.0	4.0	1.6	2.2	1.9
73	Miss State	1.9	2.7	1.0	1.6	2.2	2.0
74	Indiana	1.9	2.3	5.0	2.2	1.6	1.4
75	S Florida	1.9	2.7	3.0	0.5	2.7	1.9
76	N Carolina	1.9	1.3	1.0	1.3	2.6	1.3
77	Nevada	1.9	1.0	2.0	1.0	2.8	2.4
78	Florida St	1.9	1.7	1.0	1.8	2.0	1.8
79	LSU	1.9	1.7	0.0	2.4	1.6	2.1
80	Miami (FL)	1.9	1.0	1.0	2.2	1.7	1.1
81	Hawaii	2.0	2.7	4.0	2.4	1.4	2.2
82	Fresno St	2.0	3.0	2.0	1.8	2.1	7.9
83	San Diego St	2.0	2.7	4.0	1.8	2.2	2.1
84	Fla Atlantic	2.0	2.0	5.0	2.5	1.7	2.2
85	Utah	2.0	2.3	2.0	2.0	2.0	1.2
86	Buffalo	2.0	4.3	5.0	2.0	2.0	1.8
87	Missouri	2.1	2.0	2.0	2.2	2.0	1.6
88	UNLV	2.1	2.0	1.0	2.0	2.2	2.8
89	Rutgers	2.1	1.7	2.0	2.6	1.7	3.3
90	California	2.1	2.3	0.0	3.2	1.2	1.5
91	LA Monroe	2.1	2.0	2.0	1.5	2.5	1.9
92	Connecticut	2.1	3.0	4.0	1.6	2.6	2.0
93	Troy	2.1	1.0	2.0	2.0	2.2	1.8
94	Maryland	2.2	3.3	4.0	2.2	2.2	2.3
95	Air Force	2.2	2.3	0.0	2.2	2.2	1.5
96	Wash State	2.2	2.0	1.0	2.2	2.2	2.6
97	Pittsburgh	2.2	2.3	5.0	1.8	2.6	1.2
98	Kentucky	2.2	2.3	4.0	2.0	2.4	2.3
99	Houston	2.3	2.3	3.0	2.2	2.3	1.3
100	Idaho	2.3	4.0	4.0	2.2	2.3	2.3
101	Kansas	2.3	2.0	1.0	2.0	2.6	2.1
102	Duke	2.3	2.3	3.0	1.8	2.8	2.1
103	Marshall	2.3	2.0	3.0	2.0	2.6	2.1
104	Baylor	2.3	1.3	1.0	2.5	2.2	2.2
105	Tulane	2.3	2.3	2.0	2.0	2.4	1.6
106	Kent State	2.4	2.0	2.0	1.8	2.8	3.9
107	Syracuse	2.5	2.3	3.0	1.8	3.2	2.2
108	Temple	2.5	2.3	1.0	2.2	2.7	1.6
109	Tennessee	2.5	2.3	3.0	2.0	3.0	1.7
110	Arizona	2.5	2.0	1.0	3.0	2.0	2.3
111	Rice	2.5	3.3	6.0	2.2	2.8	2.2
112	Kansas St	2.5	2.3	2.0	2.3	2.8	2.3
113	Boise State	2.7	2.3	3.0	2.8	2.5	1.8
114	N Mex State	2.8	2.7	3.0	2.8	2.7	2.9
115	Florida Intl	2.9	1.0	2.0	3.0	2.8	3.0
116	Wyoming	2.9	3.7	3.0	3.4	2.5	1.8
117	TX El Paso	3.0	4.3	2.0	2.8	3.2	2.5
118	Oklahoma St	3.4	4.0	2.0	2.2	4.6	0.8
119	Oregon St	3.5	2.3	5.0	3.8	3.2	2.3
