1	Missouri	0.9	1.3	3.0	0.4	1.3	1.1
2	Oklahoma	1.2	2.0	2.0	0.7	1.6	1.5
3	Purdue	1.2	2.0	1.0	0.7	1.8	2.6
4	Wyoming	1.3	1.0	1.0	1.8	0.8	1.5
5	Toledo	1.3	1.7	1.0	1.4	1.2	1.9
6	Minnesota	1.3	2.0	1.0	1.3	1.3	1.4
7	Georgia	1.4	2.0	2.0	1.2	1.5	1.7
8	Indiana	1.4	1.0	1.0	0.8	1.8	1.5
9	N Illinois	1.4	2.0	0.0	0.8	1.7	2.5
10	Navy	1.4	0.7	1.0	1.8	1.1	2.6
11	Virginia	1.4	0.7	1.0	1.5	1.3	1.6
12	Michigan St	1.4	2.3	3.0	1.0	1.5	2.0
13	San Jose St	1.4	1.3	2.0	1.0	1.7	2.8
14	Louisville	1.4	2.0	--	1.5	1.3	2.4
15	S Carolina	1.4	3.0	3.0	1.1	2.0	2.0
16	Boise State	1.4	1.5	--	1.4	1.4	2.2
17	California	1.4	1.3	0.0	1.5	1.4	1.8
18	Buffalo	1.5	2.0	1.0	1.6	1.3	1.8
19	Michigan	1.5	1.0	1.0	1.4	1.5	1.8
20	Miami (OH)	1.5	0.5	--	1.6	1.4	2.2
21	Mississippi	1.5	1.3	1.0	1.4	1.5	1.5
22	Tennessee	1.5	1.3	1.0	1.3	1.7	2.2
23	Maryland	1.5	0.7	0.0	1.0	1.9	2.1
24	Akron	1.5	1.3	0.0	0.5	2.2	1.5
25	NC State	1.5	1.7	0.0	1.3	1.7	1.5
26	Temple	1.5	1.7	4.0	1.2	1.7	2.7
27	Clemson	1.5	2.0	1.0	1.3	1.7	2.3
28	Fresno St	1.5	1.7	1.0	1.4	1.6	1.6
29	Duke	1.5	1.3	0.0	1.8	1.2	1.6
30	Air Force	1.5	1.0	2.0	1.4	1.7	6.6
31	Auburn	1.6	2.3	1.0	1.7	1.5	2.3
32	Wake Forest	1.6	2.3	2.0	1.3	2.0	0.9
33	Central Mich	1.6	2.3	2.0	1.5	1.7	1.4
34	Iowa	1.6	1.3	0.0	1.3	2.0	1.6
35	Syracuse	1.6	2.7	4.0	1.8	1.4	1.8
36	Kentucky	1.6	1.7	3.0	2.2	1.0	1.4
37	Ball State	1.6	2.0	2.0	1.4	1.8	1.8
38	Kent State	1.6	1.7	1.0	1.8	1.5	2.6
39	Utah	1.7	2.0	3.0	1.3	2.0	2.3
40	Oklahoma St	1.7	1.3	0.0	1.5	1.8	1.2
41	TX Christian	1.7	2.5	--	1.7	1.7	2.9
42	Arkansas	1.7	1.7	0.0	0.8	2.4	1.6
43	W Virginia	1.7	1.7	2.0	2.0	1.3	1.8
44	USC	1.7	1.7	1.0	1.6	1.8	1.6
45	North Texas	1.7	1.3	1.0	2.2	1.4	2.3
46	Alabama	1.7	2.3	3.0	1.1	2.6	1.9
47	Middle Tenn	1.7	1.7	2.0	1.8	1.7	1.6
48	Connecticut	1.7	1.3	2.0	1.8	1.7	24.2
49	Boston Col	1.8	2.0	1.0	1.8	1.7	2.0
50	Pittsburgh	1.8	2.0	2.0	2.0	1.6	1.8
51	Florida	1.8	1.3	1.0	2.6	1.3	1.5
52	Penn State	1.8	1.0	2.0	1.9	1.8	1.2
53	Tulsa	1.8	2.7	6.0	1.6	2.0	1.9
54	UNLV	1.8	2.0	2.0	2.0	1.7	8.1
55	Ohio State	1.8	1.0	2.0	1.9	1.8	1.5
56	Nebraska	1.8	1.3	0.0	2.2	1.6	1.7
57	Ohio	1.9	1.3	2.0	1.6	2.2	26.4
58	New Mexico	1.9	0.5	--	1.8	2.0	2.1
59	Nevada	1.9	2.3	3.0	2.2	1.7	1.7
60	GA Tech	1.9	2.3	1.0	1.5	2.3	1.7
61	Wisconsin	1.9	2.3	2.0	2.9	0.8	1.4
62	Florida St	1.9	1.3	2.0	2.0	1.9	2.0
63	Kansas St	1.9	1.0	1.0	2.2	1.7	1.8
64	LSU	1.9	1.7	3.0	1.5	2.3	2.0
65	LA Lafayette	2.0	1.7	2.0	2.0	2.0	1.8
66	Northwestern	2.0	2.3	2.0	2.5	1.6	2.2
67	Houston	2.0	1.3	2.0	1.7	2.3	2.8
68	E Michigan	2.0	2.0	4.0	1.2	2.8	2.4
69	Oregon	2.1	1.3	1.0	2.5	1.7	1.6
70	N Carolina	2.1	1.7	2.0	1.8	2.3	2.3
71	VA Tech	2.1	1.3	0.0	1.5	2.7	2.3
72	Kansas	2.1	2.0	2.0	1.5	2.4	2.0
73	N Mex State	2.1	1.0	1.0	1.0	2.5	1.2
74	Tulane	2.1	1.3	1.0	1.6	2.5	2.1
75	Baylor	2.1	1.3	0.0	1.5	2.8	2.5
76	S Mississippi	2.2	2.7	4.0	2.3	2.0	2.4
77	S Methodist	2.2	1.7	0.0	2.0	2.3	2.0
78	Bowling Grn	2.2	2.3	3.0	2.0	2.3	1.3
79	Notre Dame	2.2	2.0	4.0	2.0	2.3	2.8
80	Iowa State	2.2	3.0	4.0	1.8	2.6	1.5
81	Idaho	2.2	1.7	1.0	1.5	2.7	1.6
82	Illinois	2.3	3.3	6.0	2.4	2.2	1.8
83	Texas	2.3	3.0	3.0	2.3	2.3	1.8
84	Colorado	2.3	1.7	2.0	2.2	2.5	1.8
85	LA Tech	2.3	3.0	3.0	1.8	2.6	1.4
86	Memphis	2.3	3.3	0.0	3.0	1.7	2.3
87	Arizona St	2.4	2.3	2.0	2.4	2.3	2.6
88	Vanderbilt	2.4	2.0	2.0	1.7	3.2	1.9
89	Cincinnati	2.4	1.7	1.0	1.6	3.0	1.9
90	Stanford	2.4	2.3	3.0	1.5	2.9	2.3
91	UAB	2.4	2.7	2.0	3.4	1.7	1.8
92	Rutgers	2.4	1.3	1.0	2.0	2.8	2.7
93	W Michigan	2.5	1.3	2.0	3.0	2.1	2.3
94	UCLA	2.5	2.0	1.0	1.7	3.1	2.5
95	Arizona	2.5	2.3	2.0	2.7	2.2	1.8
96	Troy	2.5	1.3	1.0	1.0	2.9	1.3
97	Washington	2.5	3.3	5.0	2.4	2.6	2.1
98	Texas A&M	2.5	1.7	3.0	2.4	2.6	2.2
99	Utah State	2.5	3.3	1.0	3.2	2.1	1.9
100	San Diego St	2.5	1.3	0.0	2.8	2.3	2.2
101	S Florida	2.6	3.7	2.0	2.5	2.6	2.4
102	Colorado St	2.6	3.0	5.0	2.8	2.3	1.9
103	LA Monroe	2.6	2.7	3.0	1.7	3.0	2.2
104	Hawaii	2.6	2.0	2.0	1.9	3.5	2.8
105	Marshall	2.6	2.3	1.0	3.0	2.4	1.9
106	E Carolina	2.7	2.3	4.0	2.5	2.8	1.5
107	Texas Tech	2.7	2.0	1.0	3.0	2.3	1.9
108	Arkansas St	2.7	3.0	4.0	2.5	2.8	2.1
109	Miami (FL)	2.8	2.0	3.0	2.6	3.0	2.1
110	Central FL	2.9	2.0	3.0	1.8	3.6	2.3
111	TX El Paso	2.9	2.7	2.0	3.4	2.5	2.5
112	Wash State	3.1	3.3	2.0	3.6	2.8	2.5
113	Oregon St	3.2	4.0	--	2.7	3.8	1.7
114	BYU	3.2	3.7	3.0	3.0	3.4	2.6
115	Miss State	3.3	4.3	2.0	2.3	4.3	2.9
116	Army	3.4	2.0	2.0	3.7	3.1	2.0
117	Rice	5.6	15.7	1.0	13.0	1.9	1.6
