1	Navy	0.8	0.7	2.0	0.2	1.0	1.4
2	Bowling Grn	0.8	1.0	0.0	0.4	1.0	1.4
3	Louisville	0.8	0.3	0.0	1.2	0.5	1.0
4	Nevada	0.9	0.7	1.0	1.2	0.7	1.8
5	Arkansas St	1.0	1.3	1.0	1.0	1.0	1.1
6	Michigan St	1.1	1.7	2.0	1.3	0.9	1.4
7	N Illinois	1.1	1.3	2.0	0.2	1.4	1.2
8	Buffalo	1.1	2.0	3.0	0.5	1.4	1.9
9	S Alabama	1.1	0.7	0.0	0.6	1.5	2.6
10	Missouri	1.2	1.3	3.0	0.8	1.4	2.0
11	New Mexico	1.2	1.7	3.0	0.8	1.5	1.2
12	Baylor	1.2	0.7	1.0	0.8	1.5	1.8
13	Air Force	1.2	0.7	1.0	1.2	1.2	2.4
14	USC	1.2	1.7	2.0	0.9	1.6	2.6
15	Oklahoma	1.2	1.0	1.0	1.2	1.3	1.5
16	UCLA	1.2	0.7	1.0	1.2	1.3	1.8
17	Washington	1.2	1.0	1.0	1.0	1.5	2.2
18	Minnesota	1.2	2.3	1.0	1.2	1.3	1.8
19	UNLV	1.2	1.0	2.0	1.3	1.2	1.9
20	Notre Dame	1.3	1.3	1.0	1.2	1.4	1.2
21	LSU	1.3	1.0	1.0	1.2	1.5	1.2
22	E Carolina	1.3	1.0	0.0	1.8	1.0	1.6
23	Alabama	1.3	3.0	5.0	0.5	2.2	1.0
24	Florida St	1.3	2.0	3.0	1.3	1.3	2.1
25	VA Tech	1.3	1.3	2.0	1.2	1.4	2.1
26	Boston Col	1.3	2.3	2.0	0.8	1.7	2.0
27	Stanford	1.4	1.3	1.0	1.0	1.7	1.3
28	Rice	1.4	1.0	1.0	1.0	1.6	1.7
29	Kentucky	1.4	2.7	1.0	1.2	1.6	1.3
30	Utah State	1.4	2.0	2.0	1.8	1.1	1.6
31	Ohio State	1.4	2.0	4.0	1.0	1.7	1.5
32	Arizona St	1.4	0.7	1.0	1.1	1.7	1.9
33	Miss State	1.4	1.7	1.0	1.0	1.8	1.4
34	Oklahoma St	1.4	1.7	3.0	1.4	1.4	1.7
35	Auburn	1.4	1.0	2.0	1.3	1.6	2.3
36	Pittsburgh	1.4	1.3	0.0	2.2	0.7	0.6
37	S Carolina	1.4	0.7	2.0	0.7	2.2	1.5
38	N Carolina	1.4	1.7	1.0	1.3	1.5	1.5
39	Kent State	1.5	2.0	0.0	1.5	1.4	1.4
40	Toledo	1.5	2.0	1.0	1.4	1.5	1.5
41	BYU	1.5	1.0	1.0	1.6	1.4	1.8
42	Houston	1.5	2.3	3.0	2.3	1.2	2.9
43	TX El Paso	1.5	1.3	1.0	0.6	2.1	1.9
44	Oregon	1.5	2.0	0.0	1.7	1.3	1.3
45	Wisconsin	1.5	2.7	4.0	1.7	1.3	0.9
46	Arizona	1.5	2.0	2.0	1.4	1.6	2.2
47	Mississippi	1.5	2.0	1.0	1.3	1.7	2.3
48	Colorado St	1.5	1.7	3.0	1.2	1.8	2.2
49	Army	1.5	2.3	3.0	1.2	1.7	1.6
50	Texas State	1.5	2.0	1.0	2.0	1.2	1.3
51	Indiana	1.5	1.3	2.0	1.7	1.2	1.5
52	NC State	1.5	0.3	0.0	1.0	2.5	2.6
53	Ball State	1.6	1.0	1.0	1.6	1.6	1.3
54	Georgia	1.6	1.7	2.0	1.8	1.4	1.4
55	Michigan	1.6	1.0	1.0	1.6	1.7	2.1
56	Central FL	1.6	3.0	3.0	2.3	1.0	1.1
57	Troy	1.6	0.7	0.0	1.2	1.9	2.2
58	Florida Intl	1.6	0.7	0.0	1.6	1.7	1.8
59	UAB	1.6	2.7	5.0	1.8	1.6	2.5
60	Northwestern	1.6	1.3	0.0	1.8	1.4	1.2
61	Temple	1.6	1.7	1.0	2.0	1.3	1.9
62	Middle Tenn	1.7	1.0	2.0	1.4	1.9	1.4
63	Texas A&M	1.7	1.0	0.0	2.1	1.0	1.5
64	Marshall	1.7	1.0	0.0	1.2	2.0	1.8
65	Texas	1.7	2.0	2.0	1.8	1.6	1.2
66	Illinois	1.7	2.3	1.0	1.5	2.0	2.6
67	LA Lafayette	1.8	3.0	2.0	2.0	1.6	1.8
68	Iowa	1.8	2.3	3.0	2.3	1.2	1.0
69	Ohio	1.8	2.3	3.0	2.0	1.5	0.8
70	Fresno St	1.8	2.7	2.0	1.7	1.8	1.7
71	Miami (OH)	1.8	2.7	3.0	2.2	1.4	1.6
72	TX-San Ant	1.8	2.0	3.0	2.2	1.3	1.6
73	North Texas	1.8	1.3	1.0	1.3	2.1	1.5
74	LA Monroe	1.8	0.7	0.0	2.8	1.3	1.5
75	Akron	1.8	1.7	1.0	1.8	1.8	2.2
76	Florida	1.8	2.3	2.0	2.0	1.7	1.2
77	Penn State	1.8	1.0	0.0	1.7	2.0	1.1
78	Syracuse	1.8	0.7	1.0	1.0	2.4	1.8
79	Miami (FL)	1.8	1.0	1.0	1.7	2.0	1.2
80	Vanderbilt	1.8	3.0	3.0	1.3	2.3	1.5
81	Fla Atlantic	1.8	1.3	3.0	2.4	1.4	1.4
82	Duke	1.8	2.0	2.0	1.5	2.1	1.8
83	Arkansas	1.9	2.0	2.0	2.0	1.8	2.5
84	S Methodist	1.9	2.0	1.0	1.0	2.7	1.7
85	Wake Forest	1.9	3.3	1.0	2.2	1.7	1.3
86	Kansas St	1.9	1.7	1.0	1.7	2.2	1.0
87	Boise State	1.9	1.3	2.0	1.4	2.3	1.2
88	San Jose St	2.0	1.7	2.0	2.2	1.8	1.8
89	Iowa State	2.0	2.0	2.0	2.2	1.8	1.9
90	Wyoming	2.0	3.0	2.0	2.0	2.0	1.1
91	Clemson	2.0	3.0	2.0	1.6	2.3	1.7
92	Tulane	2.0	1.3	3.0	1.2	2.6	2.8
93	E Michigan	2.0	2.7	3.0	3.0	1.4	1.5
94	Purdue	2.0	1.3	0.0	2.0	2.0	1.8
95	Kansas	2.0	3.0	6.0	2.3	1.6	1.9
96	San Diego St	2.1	2.3	2.0	1.6	2.4	2.1
97	N Mex State	2.1	1.7	3.0	2.2	2.0	2.5
98	Tennessee	2.1	2.0	2.0	1.5	2.8	1.8
99	Connecticut	2.1	0.3	0.0	1.5	2.8	2.2
100	Colorado	2.1	2.0	3.0	1.5	2.5	3.2
101	Georgia State	2.1	3.0	3.0	2.0	2.2	3.0
102	Oregon St	2.2	2.7	1.0	2.2	2.1	1.9
103	GA Tech	2.2	2.0	2.0	1.8	2.5	1.4
104	Virginia	2.2	2.3	1.0	2.3	2.0	2.4
105	Memphis	2.2	1.7	2.0	2.0	2.4	1.9
106	U Mass	2.2	3.3	4.0	1.6	2.7	2.3
107	Idaho	2.2	2.3	2.0	2.2	2.1	3.4
108	W Michigan	2.2	1.0	1.0	2.2	2.1	2.5
109	Maryland	2.2	1.0	1.0	2.8	1.9	2.4
110	Nebraska	2.2	2.0	1.0	2.4	2.0	2.5
111	S Florida	2.3	2.0	2.0	2.7	1.8	2.4
112	Utah	2.3	2.0	3.0	2.7	1.8	1.5
113	Cincinnati	2.3	2.3	2.0	2.4	2.3	1.2
114	Central Mich	2.4	2.3	2.0	2.0	2.6	1.1
115	Rutgers	2.4	2.7	4.0	2.2	2.7	1.8
116	Texas Tech	2.4	2.7	2.0	3.0	2.0	1.8
117	California	2.5	1.0	1.0	2.7	2.2	2.5
118	W Kentucky	2.5	1.7	3.0	2.8	2.4	1.8
119	LA Tech	2.6	3.0	1.0	2.5	2.7	1.1
120	TX Christian	2.7	2.7	4.0	3.6	2.0	2.3
121	W Virginia	2.8	3.7	4.0	2.6	3.0	1.1
122	Tulsa	2.8	2.7	2.0	3.0	2.7	1.8
123	Wash State	2.8	2.3	3.0	3.2	2.6	2.5
124	Hawaii	2.8	2.3	3.0	3.2	2.5	3.0
125	S Mississippi	3.2	2.0	1.0	4.0	2.6	2.3
