1	Iowa	0.7	1.3	2.0	0.2	1.2	2.2
2	VA Tech	0.7	0.3	1.0	0.8	0.6	1.2
3	Wisconsin	0.8	0.7	0.0	0.5	1.0	1.8
4	N Illinois	0.9	0.3	0.0	0.8	1.0	1.2
5	Maryland	1.0	2.0	2.0	0.8	1.1	2.0
6	TX Christian	1.0	1.3	0.0	0.6	1.3	1.8
7	Army	1.0	1.3	0.0	1.0	1.0	1.4
8	W Kentucky	1.0	1.0	1.0	1.0	1.0	2.2
9	Louisville	1.1	0.7	1.0	0.8	1.3	1.6
10	Ohio State	1.2	1.0	0.0	1.1	1.2	1.4
11	Alabama	1.2	1.3	0.0	1.2	1.2	0.9
12	S Mississippi	1.2	1.3	1.0	1.0	1.3	1.3
13	Stanford	1.2	0.7	2.0	0.8	1.6	1.3
14	Kansas St	1.2	0.7	0.0	1.0	1.4	1.5
15	Georgia	1.2	1.3	2.0	0.8	1.6	2.2
16	Rutgers	1.3	1.7	1.0	1.2	1.3	1.2
17	Minnesota	1.3	1.0	1.0	1.5	1.0	2.2
18	Wyoming	1.3	2.0	0.0	1.0	1.5	1.1
19	Oklahoma	1.3	2.0	2.0	0.8	1.6	2.0
20	Auburn	1.3	1.3	2.0	1.3	1.3	1.8
21	Central FL	1.3	1.0	2.0	1.7	1.0	1.5
22	Washington	1.3	1.7	0.0	1.7	1.0	1.6
23	UNLV	1.3	1.3	3.0	0.8	1.7	1.7
24	Nevada	1.3	1.3	3.0	0.7	1.9	1.6
25	Oregon St	1.3	3.0	4.0	1.2	1.5	0.9
26	Air Force	1.3	1.0	0.0	2.2	0.7	1.0
27	Navy	1.3	2.3	1.0	1.0	1.5	1.0
28	Illinois	1.3	0.7	0.0	0.6	1.9	1.6
29	Missouri	1.3	1.3	2.0	1.8	1.0	1.6
30	Tulsa	1.3	2.0	2.0	1.0	1.6	2.0
31	Boise State	1.4	1.3	4.0	1.3	1.4	1.0
32	North Texas	1.4	2.0	2.0	1.2	1.7	2.4
33	N Mex State	1.4	2.7	2.0	2.0	0.8	2.2
34	Michigan St	1.4	1.3	1.0	1.3	1.5	1.7
35	Wake Forest	1.5	0.3	0.0	1.8	1.2	1.6
36	Nebraska	1.5	2.0	2.0	1.2	1.7	1.6
37	Kentucky	1.5	1.3	1.0	0.8	2.2	1.7
38	Connecticut	1.5	1.7	2.0	1.4	1.6	1.6
39	TX El Paso	1.5	2.0	3.0	0.8	2.0	1.8
40	BYU	1.5	1.7	2.0	0.7	2.3	1.8
41	Utah State	1.5	2.3	2.0	1.4	1.7	1.1
42	Iowa State	1.5	2.0	1.0	1.7	1.4	2.2
43	California	1.5	1.7	1.0	1.3	1.8	1.4
44	Kansas	1.5	1.3	3.0	1.3	1.8	2.0
45	Colorado	1.6	1.3	3.0	1.0	2.2	2.7
46	Vanderbilt	1.6	1.7	2.0	1.6	1.6	1.4
47	Miss State	1.6	2.3	1.0	1.3	1.8	2.5
48	LSU	1.6	1.3	1.0	1.5	1.7	1.1
49	Baylor	1.6	1.7	2.0	1.4	1.7	2.0
50	Pittsburgh	1.6	2.0	1.0	1.8	1.4	1.1
51	Florida St	1.6	1.0	1.0	1.5	1.7	1.9
52	Florida Intl	1.6	1.3	1.0	2.2	1.2	1.8
53	Fresno St	1.7	2.0	1.0	1.8	1.5	1.9
54	Arizona	1.7	2.3	4.0	1.5	1.8	1.5
55	S Florida	1.7	2.0	2.0	1.3	2.0	1.9
56	Rice	1.7	2.0	1.0	1.7	1.7	2.2
57	San Diego St	1.7	1.3	0.0	2.0	1.3	2.1
58	Penn State	1.7	2.0	5.0	1.2	2.2	1.3
59	N Carolina	1.7	1.0	2.0	1.8	1.6	1.8
60	USC	1.7	1.7	2.0	1.5	1.9	1.7
61	Oklahoma St	1.7	1.0	0.0	2.0	1.3	2.2
62	Hawaii	1.7	2.7	6.0	2.0	1.3	2.4
63	Miami (OH)	1.7	1.0	2.0	1.8	1.7	3.0
64	Syracuse	1.7	1.0	0.0	1.8	1.7	2.4
65	Clemson	1.8	2.0	2.0	2.0	1.5	1.7
66	Northwestern	1.8	3.7	1.0	1.5	1.9	2.1
67	Colorado St	1.8	2.3	2.0	1.4	2.0	1.5
68	Arkansas	1.8	2.0	1.0	1.4	2.0	1.2
69	Oregon	1.8	2.0	2.0	1.6	1.9	1.8
70	Toledo	1.8	1.7	4.0	1.0	2.4	2.6
71	Virginia	1.8	1.3	1.0	2.2	1.4	1.2
72	San Jose St	1.8	2.7	2.0	2.5	1.4	2.2
73	Wash State	1.8	1.0	1.0	1.8	1.8	2.6
74	Akron	1.8	2.3	2.0	1.8	1.8	2.2
75	Indiana	1.8	2.0	2.0	1.0	2.5	1.7
76	Arkansas St	1.8	2.3	0.0	2.2	1.6	2.1
77	Boston Col	1.8	1.3	2.0	2.0	1.7	2.2
78	Tennessee	1.8	2.7	3.0	1.3	2.3	1.6
79	NC State	1.8	1.3	1.0	2.0	1.7	2.4
80	Notre Dame	1.8	1.7	0.0	1.6	2.2	1.2
81	S Carolina	1.8	2.3	5.0	1.3	2.3	1.7
82	Mississippi	1.9	3.3	2.0	1.5	2.4	2.5
83	GA Tech	1.9	3.3	4.0	2.0	1.9	1.2
84	Marshall	1.9	2.3	2.0	1.0	2.8	1.8
85	W Virginia	1.9	2.7	5.0	1.5	2.3	2.1
86	S Methodist	1.9	2.0	3.0	1.9	2.0	2.0
87	UAB	2.0	1.3	0.0	2.0	2.0	1.1
88	Arizona St	2.0	1.0	0.0	2.8	1.5	2.4
89	LA Monroe	2.0	2.7	2.0	1.6	2.3	2.5
90	E Michigan	2.0	2.3	2.0	2.0	2.0	2.2
91	Florida	2.0	2.7	2.0	1.5	2.5	1.2
92	Utah	2.0	2.0	3.0	2.0	2.0	1.5
93	Texas Tech	2.1	2.3	2.0	2.0	2.1	2.2
94	Fla Atlantic	2.1	3.0	3.0	2.0	2.1	1.2
95	Memphis	2.1	2.0	2.0	2.3	1.8	2.1
96	LA Lafayette	2.1	2.3	2.0	2.0	2.1	1.9
97	Tulane	2.1	2.7	4.0	2.2	2.0	2.2
98	Troy	2.2	0.3	0.0	2.6	1.9	2.1
99	Houston	2.2	3.0	3.0	3.0	1.5	1.9
100	Kent State	2.2	2.3	0.0	1.6	2.7	2.4
101	E Carolina	2.2	3.0	4.0	2.0	2.4	1.6
102	Michigan	2.2	2.3	2.0	2.7	1.8	2.5
103	Idaho	2.2	0.7	0.0	1.8	2.6	1.8
104	Purdue	2.3	2.7	1.0	2.7	1.8	2.4
105	W Michigan	2.3	1.0	0.0	2.8	1.8	2.3
106	LA Tech	2.3	1.7	0.0	1.8	2.8	1.1
107	Temple	2.3	3.3	4.0	1.8	2.7	1.5
108	UCLA	2.3	2.3	3.0	2.5	2.2	1.8
109	Cincinnati	2.4	3.3	4.0	2.2	2.6	0.8
110	Texas A&M	2.4	2.0	4.0	2.3	2.5	1.8
111	Duke	2.5	2.0	2.0	3.0	1.8	1.5
112	Texas	2.5	2.3	4.0	2.6	2.4	2.0
113	Bowling Grn	2.5	2.7	2.0	2.8	2.3	1.2
114	Ball State	2.5	2.3	3.0	2.8	2.3	2.1
115	Ohio	2.5	2.7	2.0	2.4	2.6	1.6
116	New Mexico	2.6	3.0	3.0	2.0	3.2	2.2
117	Central Mich	2.6	1.7	3.0	3.2	2.3	1.2
118	Buffalo	2.8	2.3	3.0	2.2	3.3	2.3
119	Middle Tenn	2.8	2.3	5.0	2.0	3.4	1.6
120	Miami (FL)	2.9	4.3	4.0	2.8	3.0	1.6
