1	LSU	0.6	0.7	0.0	0.6	0.6	1.6
2	Wisconsin	0.7	1.0	2.0	0.5	0.9	0.8
3	Kansas St	0.8	0.7	2.0	1.0	0.7	1.2
4	Wake Forest	0.9	0.3	0.0	0.7	1.2	1.5
5	Temple	1.0	0.7	0.0	1.5	0.5	2.3
6	Houston	1.0	1.0	0.0	1.0	1.0	2.2
7	UNLV	1.1	1.3	1.0	0.8	1.3	1.3
8	Alabama	1.1	1.3	1.0	1.7	0.4	1.2
9	Florida Intl	1.2	0.3	1.0	1.5	0.9	1.6
10	Ohio State	1.2	1.7	2.0	1.1	1.2	1.2
11	Toledo	1.2	0.7	2.0	1.8	0.7	1.8
12	Navy	1.3	1.7	2.0	0.5	1.7	1.3
13	Buffalo	1.3	0.7	1.0	1.6	1.0	2.8
14	Michigan St	1.3	2.0	3.0	0.8	1.7	1.4
15	Stanford	1.3	1.7	2.0	1.4	1.2	1.2
16	N Illinois	1.3	1.7	1.0	1.8	1.0	0.9
17	San Diego St	1.3	0.3	0.0	1.7	1.0	1.7
18	Minnesota	1.4	1.0	0.0	0.8	2.0	1.3
19	LA Monroe	1.4	1.3	1.0	2.0	1.0	2.0
20	Boise State	1.4	2.0	3.0	1.7	1.1	1.4
21	VA Tech	1.4	1.7	2.0	1.2	1.5	0.7
22	E Michigan	1.4	1.3	0.0	0.5	2.0	2.0
23	Northwestern	1.4	1.0	0.0	1.8	1.1	1.8
24	Iowa	1.4	2.0	2.0	1.0	1.8	0.7
25	North Texas	1.4	1.3	1.0	1.7	1.2	1.4
26	Nebraska	1.4	1.7	2.0	1.2	1.7	1.5
27	GA Tech	1.4	1.7	1.0	1.2	1.7	1.9
28	Missouri	1.4	1.7	1.0	2.0	1.0	1.3
29	Memphis	1.5	1.0	3.0	1.0	1.8	2.1
30	Wyoming	1.5	2.7	3.0	0.8	1.9	1.3
31	Colorado	1.5	2.3	2.0	1.0	1.8	1.6
32	LA Tech	1.5	1.7	2.0	2.8	0.9	2.3
33	Florida St	1.5	1.0	1.0	1.2	1.8	1.6
34	Ball State	1.5	1.7	3.0	1.4	1.6	2.5
35	USC	1.5	1.0	0.0	1.1	2.0	1.7
36	Louisville	1.5	2.3	3.0	1.6	1.4	1.1
37	Oregon	1.5	2.0	2.0	1.6	1.5	1.8
38	Texas Tech	1.5	2.7	4.0	2.0	1.2	2.1
39	Central FL	1.5	2.3	2.0	1.0	2.0	1.3
40	Indiana	1.5	1.3	1.0	1.8	1.3	1.8
41	Purdue	1.6	2.7	4.0	1.5	1.7	2.3
42	Rice	1.6	0.7	1.0	1.6	1.6	1.7
43	Arkansas	1.6	1.7	1.0	1.8	1.4	1.8
44	Auburn	1.6	1.7	0.0	1.0	2.2	1.3
45	Miss State	1.6	2.0	4.0	1.2	1.9	1.6
46	Syracuse	1.6	2.3	6.0	1.3	2.0	1.7
47	Tennessee	1.6	2.0	3.0	1.4	2.0	1.8
48	Kent State	1.6	0.3	0.0	1.6	1.7	2.2
49	Miami (FL)	1.6	2.7	4.0	1.5	1.8	2.9
50	Pittsburgh	1.7	1.3	2.0	1.1	2.4	1.6
51	TX Christian	1.7	1.3	2.0	0.8	2.5	1.0
52	Michigan	1.7	1.0	1.0	1.5	2.0	2.2
53	Clemson	1.7	1.7	4.0	1.2	2.1	1.8
54	Duke	1.7	2.0	4.0	1.8	1.6	2.5
55	Boston Col	1.7	0.7	1.0	1.6	1.8	1.8
56	W Kentucky	1.7	0.7	1.0	2.2	1.3	1.0
57	Miami (OH)	1.8	1.7	0.0	1.7	1.8	1.7
58	Arizona St	1.8	3.0	2.0	2.2	1.3	2.0
59	LA Lafayette	1.8	2.3	1.0	1.5	1.9	2.1
60	Cincinnati	1.8	1.7	2.0	1.6	1.9	2.4
61	Oklahoma St	1.8	2.3	1.0	1.7	1.9	1.7
62	NC State	1.8	2.3	3.0	1.4	2.2	1.8
63	New Mexico	1.8	1.0	0.0	2.2	1.5	2.6
64	Utah State	1.8	1.3	1.0	2.4	1.4	1.5
65	W Virginia	1.8	2.3	1.0	1.8	1.8	1.9
66	Washington	1.8	1.7	2.0	1.7	2.0	1.3
67	Ohio	1.8	1.3	0.0	1.6	2.0	2.5
68	Texas A&M	1.8	2.0	1.0	2.1	1.5	2.4
69	Georgia	1.8	2.3	3.0	2.6	1.4	1.2
70	UCLA	1.9	2.3	2.0	2.0	1.8	2.3
71	Air Force	1.9	1.3	2.0	2.4	1.5	1.3
72	Wash State	1.9	2.7	2.0	2.0	1.9	1.8
73	S Florida	1.9	2.0	2.0	2.0	1.8	1.7
74	Arizona	1.9	2.0	2.0	1.2	2.5	1.7
75	Central Mich	1.9	1.3	1.0	0.8	2.6	2.6
76	Fresno St	1.9	1.3	1.0	2.8	1.3	1.7
77	Baylor	1.9	1.3	1.0	1.2	2.7	1.6
78	California	1.9	2.7	5.0	1.8	2.0	1.5
79	Utah	1.9	1.3	1.0	2.6	1.4	2.0
80	Nevada	1.9	1.0	2.0	2.0	1.9	1.3
81	N Mex State	1.9	3.0	3.0	1.8	2.0	1.4
82	Maryland	2.0	2.3	5.0	2.2	1.8	1.0
83	Connecticut	2.0	2.0	3.0	2.3	1.6	1.5
84	Texas	2.0	2.7	0.0	1.7	2.3	2.5
85	BYU	2.0	1.0	2.0	2.3	1.7	1.5
86	Kentucky	2.0	1.7	0.0	1.2	3.0	1.5
87	Marshall	2.1	3.0	1.0	1.6	2.4	1.9
88	N Carolina	2.1	1.3	2.0	1.8	2.3	1.7
89	Hawaii	2.1	1.0	1.0	1.0	3.2	1.7
90	Penn State	2.1	2.7	3.0	2.0	2.2	1.7
91	Arkansas St	2.1	3.0	5.0	1.4	2.6	1.8
92	Kansas	2.1	3.0	3.0	2.0	2.2	1.5
93	TX El Paso	2.1	1.7	1.0	2.0	2.2	1.5
94	Colorado St	2.1	2.7	3.0	2.6	1.7	1.8
95	UAB	2.2	2.0	2.0	2.0	2.3	2.0
96	Florida	2.2	3.0	3.0	1.8	2.5	2.0
97	Tulane	2.2	1.7	2.0	2.6	1.9	2.1
98	S Carolina	2.2	0.3	0.0	1.8	2.5	1.8
99	Army	2.2	1.3	3.0	2.0	2.2	1.0
100	Akron	2.2	2.7	5.0	1.4	2.8	1.8
101	Mississippi	2.2	2.7	2.0	2.2	2.2	1.9
102	Notre Dame	2.2	2.3	3.0	2.0	2.5	1.8
103	Oklahoma	2.2	3.3	1.0	2.0	2.4	1.3
104	S Mississippi	2.2	2.7	2.0	2.4	2.1	1.2
105	Fla Atlantic	2.2	1.7	2.0	2.6	2.0	2.1
106	Rutgers	2.2	2.0	0.0	2.0	2.5	1.3
107	Bowling Grn	2.3	2.0	2.0	2.2	2.3	2.5
108	Middle Tenn	2.3	2.0	3.0	2.2	2.5	2.8
109	Virginia	2.3	2.0	2.0	2.7	2.0	1.8
110	W Michigan	2.3	3.7	7.0	2.5	2.2	2.3
111	Vanderbilt	2.3	2.3	3.0	2.7	2.0	1.6
112	Illinois	2.3	2.0	1.0	2.7	1.8	1.3
113	Idaho	2.4	2.3	3.0	2.4	2.3	2.2
114	S Methodist	2.4	2.7	1.0	2.4	2.4	1.9
115	Tulsa	2.5	2.3	2.0	3.0	2.1	1.3
116	Iowa State	2.6	3.0	3.0	2.6	2.6	1.5
117	Troy	2.6	3.3	4.0	2.8	2.4	2.2
118	Oregon St	2.6	3.0	3.0	2.4	2.8	1.3
119	San Jose St	2.7	1.7	2.0	2.8	2.6	1.8
120	E Carolina	2.9	2.7	4.0	3.0	2.8	2.2
