1	Pittsburgh	0.6	1.0	2.0	0.5	0.7	1.7
2	Ohio	0.8	1.7	2.0	0.8	0.9	1.8
3	Wisconsin	0.9	0.7	1.0	1.0	0.9	0.7
4	Kansas St	1.0	2.0	2.0	0.7	1.3	0.8
5	Iowa	1.0	0.7	2.0	1.3	0.6	1.4
6	Louisville	1.0	1.0	1.0	0.7	1.3	1.5
7	Central FL	1.1	0.3	0.0	0.8	1.2	1.5
8	LA Tech	1.1	2.0	3.0	1.2	1.0	1.5
9	Arkansas St	1.1	0.3	0.0	1.4	0.9	2.1
10	Central Mich	1.1	0.7	0.0	1.2	1.0	1.9
11	Alabama	1.1	2.0	2.0	1.0	1.2	1.0
12	W Virginia	1.1	0.7	1.0	1.1	1.0	1.8
13	Penn State	1.1	1.7	0.0	1.1	1.0	2.1
14	Wyoming	1.1	0.3	1.0	1.2	1.0	1.5
15	New Mexico	1.2	0.7	0.0	1.8	0.7	1.8
16	Notre Dame	1.2	1.0	0.0	1.8	0.5	2.2
17	LSU	1.2	1.3	1.0	1.1	1.2	0.7
18	Miami (FL)	1.2	0.7	0.0	1.2	1.2	1.6
19	Cincinnati	1.2	0.3	0.0	1.0	1.3	1.8
20	Texas	1.2	2.7	1.0	1.0	1.4	2.0
21	Boise State	1.2	1.0	1.0	1.5	1.0	1.4
22	N Illinois	1.2	1.7	2.0	0.8	1.5	1.3
23	Northwestern	1.2	1.7	3.0	1.5	1.0	1.4
24	Florida	1.2	1.3	3.0	0.8	1.7	2.2
25	Texas State	1.3	1.0	0.0	0.6	1.8	3.5
26	Wake Forest	1.3	1.7	2.0	1.5	1.0	0.9
27	Kentucky	1.3	1.0	0.0	1.0	1.6	2.0
28	Stanford	1.3	0.3	0.0	1.1	1.4	1.3
29	Ball State	1.3	0.3	1.0	1.4	1.2	1.5
30	Oregon	1.3	0.3	0.0	1.8	0.8	1.5
31	Middle Tenn	1.4	1.3	2.0	1.8	1.1	2.3
32	Fla Atlantic	1.4	1.7	3.0	2.0	1.0	2.2
33	Kent State	1.4	1.7	1.0	1.2	1.4	1.6
34	Georgia	1.4	1.0	2.0	1.5	1.3	1.8
35	Michigan St	1.4	2.0	0.0	1.9	0.8	1.3
36	GA Tech	1.4	2.3	3.0	1.0	1.7	1.4
37	Miss State	1.4	2.3	4.0	0.7	2.2	1.6
38	Bowling Grn	1.4	2.3	1.0	1.8	1.1	2.3
39	Navy	1.4	1.0	1.0	1.0	1.6	1.3
40	N Carolina	1.5	1.3	1.0	1.3	1.6	2.1
41	Indiana	1.5	3.0	4.0	1.0	1.8	1.5
42	E Michigan	1.5	1.0	1.0	1.4	1.5	1.4
43	Texas A&M	1.5	0.7	1.0	1.5	1.4	1.8
44	LA Monroe	1.5	1.7	3.0	1.4	1.5	1.4
45	Ohio State	1.5	1.3	2.0	1.6	1.2	1.2
46	Vanderbilt	1.5	1.3	0.0	1.6	1.4	2.3
47	Oklahoma	1.5	1.7	1.0	1.8	1.3	2.2
48	S Carolina	1.5	1.0	1.0	1.2	1.8	2.2
49	Toledo	1.5	2.3	2.0	1.6	1.4	1.2
50	Utah	1.5	1.3	1.0	1.0	2.0	1.9
51	North Texas	1.5	1.7	2.0	0.8	2.0	1.4
52	E Carolina	1.6	1.0	1.0	1.8	1.4	2.9
53	Utah State	1.6	1.3	2.0	1.8	1.4	1.8
54	TX-San Ant	1.6	1.3	3.0	3.7	0.4	--
55	Miami (OH)	1.6	1.7	1.0	1.2	1.9	1.8
56	Army	1.6	2.7	3.0	1.3	2.2	2.2
57	Fresno St	1.7	2.0	4.0	2.0	1.4	1.9
58	Clemson	1.7	2.0	2.0	1.7	1.7	1.6
59	Oklahoma St	1.7	1.0	0.0	1.2	2.2	1.8
60	S Methodist	1.7	1.3	2.0	1.7	1.7	2.4
61	Rice	1.7	1.7	3.0	1.2	2.0	1.6
62	Duke	1.8	1.7	4.0	1.2	2.3	1.7
63	Baylor	1.8	1.3	3.0	1.8	1.7	1.9
64	Nevada	1.8	2.0	4.0	2.2	1.4	1.9
65	Rutgers	1.8	2.0	2.0	2.4	1.3	2.2
66	LA Lafayette	1.8	1.0	2.0	2.6	1.1	1.8
67	Syracuse	1.8	1.7	2.0	1.0	2.1	1.6
68	Minnesota	1.8	2.3	1.0	1.7	1.8	1.4
69	Tulsa	1.8	2.0	1.0	1.7	1.9	2.5
70	UCLA	1.8	1.0	0.0	1.4	2.1	1.9
71	Marshall	1.8	2.0	3.0	1.8	1.8	2.1
72	Tennessee	1.8	1.3	0.0	1.3	2.4	1.6
73	San Jose St	1.8	1.3	1.0	1.6	2.0	2.7
74	Texas Tech	1.8	3.0	2.0	1.8	1.8	1.5
75	Florida Intl	1.8	1.3	2.0	2.0	1.7	1.2
76	W Kentucky	1.8	1.3	0.0	2.4	1.4	1.7
77	BYU	1.8	2.0	3.0	1.4	2.1	2.0
78	Purdue	1.8	2.0	5.0	1.7	2.0	1.6
79	Temple	1.9	1.7	4.0	2.2	1.6	1.0
80	Buffalo	1.9	1.3	1.0	2.0	1.8	1.3
81	Kansas	1.9	1.7	1.0	2.0	1.8	2.1
82	Memphis	1.9	2.0	1.0	2.6	1.3	1.5
83	Oregon St	1.9	3.3	3.0	2.0	1.8	2.6
84	TX El Paso	1.9	1.3	0.0	1.3	2.5	2.1
85	UNLV	1.9	2.7	3.0	1.7	2.2	1.1
86	Arizona St	1.9	1.7	1.0	1.8	2.0	1.8
87	Iowa State	1.9	1.7	3.0	1.7	2.2	2.6
88	Missouri	2.0	1.7	2.0	2.0	2.0	1.4
89	Boston Col	2.0	2.0	3.0	2.0	2.0	1.7
90	Michigan	2.1	2.3	2.0	1.2	2.9	1.7
91	Florida St	2.1	3.0	1.0	2.8	1.6	1.5
92	VA Tech	2.1	1.3	3.0	1.2	2.7	1.4
93	San Diego St	2.1	3.3	5.0	1.3	2.8	1.3
94	Troy	2.2	2.7	5.0	2.0	2.3	2.6
95	Connecticut	2.2	1.7	3.0	2.0	2.3	2.0
96	Colorado St	2.2	1.7	1.0	1.8	2.5	2.1
97	Akron	2.2	2.3	1.0	2.8	1.7	2.2
98	Arizona	2.2	3.0	3.0	1.9	2.8	1.9
99	Washington	2.2	2.0	3.0	1.6	2.7	1.8
100	Auburn	2.3	2.0	3.0	2.2	2.4	1.6
101	S Mississippi	2.3	1.3	1.0	2.7	2.0	2.2
102	TX Christian	2.3	1.3	2.0	2.6	2.1	1.7
103	Mississippi	2.3	3.0	2.0	1.8	2.8	2.2
104	U Mass	2.3	2.7	4.0	2.2	2.4	4.0
105	Maryland	2.4	2.0	1.0	2.2	2.5	2.0
106	S Florida	2.4	3.0	4.0	2.6	2.2	1.9
107	Virginia	2.4	1.7	2.0	2.5	2.2	2.3
108	Air Force	2.4	2.7	3.0	2.4	2.4	1.9
109	N Mex State	2.5	2.7	4.0	2.6	2.3	1.9
110	W Michigan	2.5	2.7	2.0	1.6	3.2	2.3
111	UAB	2.5	2.7	2.0	2.6	2.3	2.2
112	Nebraska	2.5	2.7	3.0	2.0	2.9	1.4
113	California	2.5	3.7	4.0	2.7	2.4	1.9
114	Arkansas	2.5	3.3	2.0	2.2	3.0	1.6
115	Wash State	2.5	3.0	4.0	3.0	2.3	1.9
116	S Alabama	2.6	2.7	3.0	3.4	2.0	3.5
117	NC State	2.6	2.7	5.0	1.8	3.1	1.8
118	USC	2.6	2.7	3.0	2.7	2.6	1.5
119	Illinois	2.6	3.0	4.0	2.8	2.4	2.3
120	Tulane	2.8	3.7	6.0	2.6	3.0	2.2
121	Houston	2.9	2.7	3.0	2.0	4.2	1.0
122	Hawaii	3.0	1.7	4.0	2.8	3.2	2.1
123	Colorado	3.1	3.7	5.0	3.2	3.0	1.5
124	Idaho	3.4	4.0	4.0	2.5	3.9	2.4
