1	Louisville	49.8	56.3	44.0	50.6	49.1	35.2
2	Boise State	48.9	51.0	40.0	48.7	49.2	42.2
3	Utah	45.3	44.0	35.0	52.3	38.3	28.7
4	Bowling Grn	43.9	49.7	52.0	50.0	40.4	28.8
5	Fresno St	41.4	51.0	37.0	46.8	38.3	21.5
6	USC	38.2	41.7	55.0	40.8	35.9	41.1
7	California	36.8	32.7	31.0	36.4	37.0	32.6
8	Hawaii	36.6	49.7	59.0	46.6	16.5	34.3
9	N Illinois	36.2	28.3	34.0	35.5	36.6	31.3
10	Texas Tech	36.2	33.7	45.0	46.8	28.6	42.5
11	TX El Paso	36.1	40.0	28.0	43.8	29.7	19.6
12	Texas	35.2	30.3	38.0	42.3	28.2	41.0
13	Oklahoma	34.8	32.0	19.0	35.0	34.5	42.9
14	Memphis	34.4	34.7	35.0	42.2	29.9	29.4
15	Toledo	33.2	31.3	10.0	40.8	28.5	30.9
16	TX Christian	32.9	33.7	31.0	40.5	23.8	29.1
17	Oklahoma St	32.2	23.7	7.0	39.5	25.0	35.4
18	Auburn	32.0	25.0	16.0	33.6	29.8	24.5
19	Florida	31.8	26.0	10.0	39.2	24.5	27.2
20	Purdue	31.8	36.7	23.0	38.0	25.5	26.8
21	Miami (FL)	31.7	29.7	27.0	30.7	32.7	27.8
22	UAB	31.0	27.0	40.0	34.4	28.6	20.4
23	Michigan	30.8	33.3	37.0	35.2	26.5	35.4
24	Virginia	30.2	24.7	34.0	34.2	26.3	28.0
25	UCLA	30.1	26.3	21.0	27.3	32.8	19.1
26	E Michigan	30.0	31.3	16.0	37.4	22.6	16.5
27	Kansas St	29.9	29.7	23.0	29.2	31.0	35.1
28	Miami (OH)	29.8	25.7	13.0	38.2	25.6	42.5
29	Arizona St	29.8	33.0	27.0	39.8	19.8	24.0
30	Arkansas	29.8	24.3	14.0	31.7	26.5	33.5
31	Kent State	29.7	47.7	41.0	36.8	25.0	27.7
32	Minnesota	29.5	20.3	20.0	38.8	21.7	38.7
33	Michigan St	29.4	33.3	38.0	34.2	24.7	27.9
34	Tennessee	29.1	34.3	38.0	27.3	31.2	28.1
35	W Virginia	28.7	16.0	18.0	32.2	25.8	28.9
36	LSU	28.7	31.7	25.0	32.4	23.4	33.8
37	Cincinnati	28.7	28.0	32.0	37.4	22.4	24.7
38	Texas A&M	28.4	17.3	7.0	32.7	24.2	25.3
39	Air Force	28.4	36.3	47.0	27.5	29.8	24.8
40	Connecticut	28.3	36.3	39.0	30.7	25.4	33.9
41	VA Tech	28.2	17.7	13.0	36.3	20.0	34.8
42	Navy	27.2	43.3	34.0	26.6	27.8	31.1
43	Nevada	27.0	19.3	21.0	38.0	17.8	23.5
44	North Texas	26.9	30.7	10.0	40.5	19.1	27.5
45	Tulsa	26.9	30.7	37.0	30.4	24.0	29.9
46	Oregon St	26.7	37.3	38.0	26.4	26.9	30.7
47	San Jose St	26.5	33.7	28.0	41.8	16.3	23.0
48	Tulane	26.1	29.0	7.0	33.4	18.8	28.2
49	Georgia	26.1	16.3	24.0	24.8	27.2	26.5
50	Pittsburgh	25.8	22.0	7.0	23.6	27.7	29.9
51	S Mississippi	25.8	24.3	31.0	30.4	22.4	22.5
52	LA Tech	25.7	34.3	51.0	31.0	21.9	25.8
53	Oregon	25.6	24.7	21.0	28.3	22.4	27.4
54	Rice	25.4	21.0	14.0	26.0	24.8	28.6
55	Florida St	25.2	20.0	30.0	31.8	18.5	32.2
56	Wash State	25.0	29.0	28.0	21.4	28.0	30.3
57	S Florida	25.0	17.3	14.0	25.0	25.0	21.6
58	Middle Tenn	24.9	21.3	17.0	34.2	18.7	28.5
59	Akron	24.6	29.7	27.0	32.2	18.3	32.5
60	Northwestern	24.6	29.7	41.0	24.3	24.8	20.2
61	N Carolina	24.5	31.7	24.0	23.8	25.2	26.4
62	Rutgers	24.5	22.0	35.0	25.8	23.2	27.4
63	Iowa	24.3	29.7	30.0	30.0	18.7	28.7
64	Boston Col	24.3	29.3	37.0	21.5	25.9	28.5
65	BYU	24.3	28.0	21.0	22.8	26.0	16.3
66	Marshall	24.2	26.7	14.0	29.4	20.6	27.7
67	Ohio State	24.2	29.0	33.0	25.3	23.0	24.8
68	Wyoming	24.1	20.3	24.0	31.8	17.7	24.1
69	Notre Dame	24.1	23.0	21.0	27.7	20.5	20.2
70	Syracuse	23.9	27.0	14.0	30.6	19.1	25.4
71	Indiana	23.8	21.3	24.0	24.6	23.2	13.1
72	Kansas	23.8	25.0	31.0	31.5	14.6	28.6
73	Troy	23.8	23.7	21.0	39.2	15.0	13.6
74	Army	23.6	19.3	13.0	24.4	23.0	15.8
75	Colorado	23.4	20.7	33.0	26.2	21.0	26.6
76	Missouri	23.3	18.3	17.0	28.7	16.8	30.2
77	Colorado St	22.2	31.0	17.0	25.8	18.6	29.2
78	NC State	22.2	25.3	52.0	19.2	25.2	35.8
79	Alabama	22.1	13.0	16.0	24.8	18.8	25.5
80	S Carolina	22.1	18.7	7.0	26.5	16.8	22.3
81	Stanford	22.0	18.7	6.0	27.8	15.0	16.9
82	Nebraska	21.9	16.7	20.0	26.8	17.0	24.8
83	Central Mich	21.6	35.0	41.0	25.8	18.8	19.5
84	Clemson	21.5	22.0	29.0	26.8	15.0	28.1
85	GA Tech	21.5	24.7	51.0	17.4	24.8	21.1
86	E Carolina	21.0	22.0	14.0	27.2	15.8	18.1
87	Houston	20.9	22.7	27.0	26.6	16.2	34.5
88	UNLV	20.8	19.3	3.0	28.8	14.2	21.3
89	Wisconsin	20.8	14.0	21.0	25.7	15.8	27.3
90	W Michigan	20.6	14.0	21.0	30.8	13.8	25.0
91	LA Lafayette	20.6	12.3	10.0	19.5	21.4	20.3
92	Ball State	20.5	30.7	40.0	25.6	16.2	20.9
93	Idaho	20.4	31.7	21.0	26.2	17.5	21.5
94	New Mexico	20.3	18.7	19.0	17.2	22.6	27.7
95	Iowa State	20.3	22.7	17.0	--	20.3	14.2
96	N Mex State	20.2	31.7	25.0	26.0	15.6	19.5
97	Baylor	20.0	12.7	0.0	21.4	18.6	14.9
98	Temple	20.0	24.0	17.0	20.6	19.4	19.8
99	San Diego St	19.6	24.7	21.0	23.2	17.2	16.8
100	Arkansas St	19.5	18.0	7.0	17.8	20.6	15.8
101	Mississippi	19.5	15.7	20.0	19.7	19.4	34.0
102	Vanderbilt	19.3	21.0	33.0	24.2	14.4	16.7
103	Illinois	18.8	20.0	21.0	22.5	13.2	14.0
104	Wake Forest	18.8	12.7	7.0	18.4	19.2	27.9
105	LA Monroe	18.4	23.0	13.0	22.0	16.7	20.8
106	S Methodist	18.4	35.3	27.0	27.6	10.7	11.2
107	Buffalo	17.9	14.3	0.0	23.0	13.7	14.7
108	Ohio	17.9	17.3	19.0	20.5	16.2	22.4
109	Maryland	17.7	6.3	13.0	18.5	16.8	28.8
110	Penn State	17.7	22.0	37.0	24.3	9.8	19.4
111	Utah State	16.7	22.0	34.0	6.0	17.8	22.0
112	Miss State	16.6	12.7	3.0	22.7	7.5	18.8
113	Central FL	15.9	19.0	24.0	21.8	11.0	17.4
114	Kentucky	15.7	20.7	31.0	20.3	10.2	26.5
115	Duke	15.5	13.3	17.0	17.5	14.2	16.5
116	Arizona	14.3	22.0	34.0	13.3	15.8	15.1
117	Washington	14.0	16.7	25.0	17.8	9.4	26.0
