1	Hawaii	47.1	38.3	41.0	47.6	46.2	30.7
2	Boise State	39.2	43.3	43.0	46.4	34.1	37.3
3	Louisville	37.8	40.0	24.0	39.3	36.4	43.4
4	W Virginia	37.8	32.7	38.0	38.3	37.2	31.8
5	BYU	36.8	37.7	38.0	47.2	27.9	31.9
6	Ohio State	34.6	36.7	14.0	37.9	30.8	32.7
7	Texas	34.2	25.0	26.0	34.3	34.2	50.2
8	Oklahoma St	33.8	26.3	34.0	41.8	28.1	20.7
9	LSU	33.7	31.7	41.0	40.6	22.6	29.9
10	Clemson	32.7	22.7	20.0	35.4	29.5	26.3
11	Houston	32.3	31.0	36.0	36.1	27.8	27.8
12	California	32.1	26.7	45.0	38.5	25.7	32.2
13	Notre Dame	31.0	26.3	14.0	33.4	28.2	36.7
14	Minnesota	30.5	35.3	41.0	40.0	23.7	35.8
15	USC	30.5	28.3	32.0	30.7	30.3	49.1
16	Oklahoma	30.3	30.0	42.0	35.3	26.5	26.9
17	Nevada	30.1	23.0	20.0	29.8	30.3	34.2
18	Texas Tech	30.0	32.7	44.0	34.4	26.9	33.0
19	Pittsburgh	30.0	32.0	24.0	27.8	32.6	22.6
20	Central Mich	29.7	39.0	31.0	25.6	32.0	23.6
21	N Mex State	29.6	36.7	50.0	31.4	27.8	16.5
22	Michigan	29.2	30.3	18.0	28.1	30.5	28.8
23	Navy	28.8	30.7	24.0	23.2	31.6	34.2
24	Wisconsin	28.8	25.3	17.0	30.2	27.5	34.3
25	Missouri	28.7	32.0	38.0	31.0	26.3	30.8
26	Nebraska	28.6	19.3	14.0	39.2	19.6	24.6
27	Tennessee	27.8	22.0	10.0	25.1	31.0	18.6
28	TX Christian	27.8	40.0	37.0	29.0	27.0	33.2
29	Rutgers	27.6	38.0	37.0	29.4	26.3	27.8
30	Ball State	27.5	25.3	30.0	29.2	26.0	21.2
31	TX El Paso	27.3	25.3	19.0	31.2	23.5	30.6
32	Oregon	27.3	15.3	8.0	31.2	24.6	33.4
33	Texas A&M	27.2	16.3	10.0	31.8	22.7	30.8
34	Florida	27.2	33.3	41.0	28.3	26.3	28.6
35	Kansas	27.2	32.3	17.0	23.8	31.2	21.2
36	Rice	26.9	22.0	17.0	28.2	26.3	21.9
37	S Carolina	26.6	42.3	44.0	26.3	26.8	23.7
38	Florida St	26.5	28.7	44.0	24.1	30.4	26.2
39	Utah	26.5	24.3	25.0	26.8	26.3	30.0
40	Boston Col	26.3	25.7	25.0	32.2	20.5	25.8
41	Tulsa	26.2	25.0	13.0	30.8	23.0	33.1
42	Arkansas	26.2	22.7	14.0	25.4	26.8	23.4
43	Arizona St	26.1	21.3	24.0	32.4	21.6	36.8
44	Oregon St	25.6	34.7	39.0	27.3	24.1	25.2
45	San Jose St	25.6	24.0	20.0	29.2	22.0	21.3
46	Kentucky	25.5	27.3	28.0	32.8	18.2	19.8
47	S Methodist	25.5	29.3	27.0	33.8	18.5	20.8
48	Michigan St	25.2	15.3	13.0	25.1	25.2	33.8
49	VA Tech	24.8	22.7	24.0	27.4	21.2	33.8
50	Auburn	24.8	18.0	17.0	25.2	24.0	31.7
51	Wash State	24.6	21.0	32.0	27.3	21.8	32.0
52	S Mississippi	23.9	30.0	28.0	30.4	19.9	27.9
53	GA Tech	23.9	17.7	35.0	29.2	19.4	18.5
54	N Illinois	23.6	21.7	7.0	28.2	20.3	31.5
55	Purdue	23.4	23.3	7.0	22.3	24.3	30.0
56	Marshall	23.4	25.3	7.0	38.5	14.7	16.8
57	Air Force	23.2	22.3	14.0	18.3	28.2	30.0
58	Georgia	23.2	27.7	31.0	24.2	22.3	29.5
59	New Mexico	23.2	23.3	12.0	23.0	23.4	29.6
60	UCLA	23.0	21.3	27.0	24.0	21.8	39.1
61	Fresno St	23.0	27.3	14.0	28.2	17.8	36.3
62	W Michigan	23.0	20.3	24.0	26.6	20.8	32.0
63	Alabama	22.9	20.0	31.0	25.5	18.8	21.9
64	Kansas St	22.7	25.0	10.0	26.3	17.6	26.3
65	Indiana	22.6	16.0	19.0	23.8	21.2	21.3
66	Memphis	22.5	27.3	38.0	18.2	27.8	24.3
67	Iowa	22.4	23.0	24.0	23.8	21.0	28.6
68	Washington	21.8	17.3	35.0	21.3	22.3	21.5
69	Toledo	21.8	21.7	31.0	28.0	16.7	33.4
70	LA Monroe	21.6	34.0	39.0	21.0	21.9	21.6
71	E Carolina	21.5	15.0	7.0	26.2	17.6	24.3
72	S Florida	21.5	18.7	24.0	25.6	18.6	21.7
73	Wyoming	21.5	22.7	34.0	25.7	17.3	24.6
74	Troy	21.5	29.3	41.0	26.5	19.0	14.8
75	Baylor	21.5	18.3	10.0	18.5	25.0	18.8
76	Maryland	21.4	21.3	24.0	21.5	21.3	24.5
77	Penn State	21.1	28.0	20.0	27.8	14.3	34.4
78	Middle Tenn	21.0	13.7	14.0	19.8	21.6	19.1
79	Wake Forest	20.6	20.0	13.0	15.6	23.8	24.5
80	Vanderbilt	20.5	18.3	10.0	20.8	20.3	26.2
81	Cincinnati	20.2	27.7	27.0	21.5	19.0	18.5
82	Akron	19.7	12.7	0.0	24.6	16.1	23.6
83	Bowling Grn	19.5	18.7	21.0	19.2	19.7	33.8
84	Ohio	19.0	17.0	7.0	23.8	16.9	17.5
85	UAB	18.8	19.7	22.0	20.7	16.8	27.2
86	Tulane	18.7	5.3	3.0	24.2	14.7	20.6
87	Connecticut	18.6	18.0	17.0	21.8	14.8	21.3
88	Miami (OH)	18.5	19.0	24.0	16.6	19.9	33.7
89	Buffalo	18.3	15.7	28.0	26.8	12.3	10.0
90	LA Lafayette	18.2	21.7	20.0	21.6	15.3	23.7
91	Iowa State	18.0	15.7	21.0	--	18.0	27.9
92	Central FL	17.9	22.0	31.0	18.0	17.8	28.7
93	Kent State	17.8	6.7	6.0	19.6	16.6	14.7
94	LA Tech	17.6	16.7	23.0	22.2	15.2	28.7
95	Illinois	17.5	19.0	16.0	19.7	15.0	17.0
96	Syracuse	17.4	12.3	7.0	21.8	13.0	13.8
97	NC State	17.0	13.0	16.0	20.0	13.4	17.7
98	Miami (FL)	17.0	15.0	21.0	18.8	15.2	27.1
99	Colorado	16.9	22.7	14.0	23.6	11.3	23.5
100	Miss State	16.9	18.3	17.0	14.7	19.6	11.5
101	UNLV	16.7	25.0	42.0	23.4	11.2	18.8
102	Northwestern	16.5	19.3	27.0	18.0	15.6	32.3
103	Duke	16.3	24.0	44.0	20.7	11.0	13.7
104	Idaho	16.0	6.7	13.0	18.5	14.6	22.1
105	Colorado St	15.6	14.0	6.0	16.0	15.4	26.8
106	Arizona	15.5	25.0	14.0	12.8	18.8	22.1
107	N Carolina	15.5	22.7	45.0	14.3	17.0	18.0
108	Army	15.5	10.0	14.0	13.8	16.4	18.6
109	Arkansas St	15.2	18.7	13.0	15.8	14.9	21.6
110	Virginia	15.1	5.7	0.0	17.2	13.0	26.7
111	Mississippi	14.6	19.0	20.0	15.7	13.4	12.1
112	San Diego St	14.2	10.3	17.0	18.2	10.8	26.9
113	E Michigan	13.9	9.0	0.0	11.0	15.4	21.8
114	Fla Atlantic	13.5	21.7	31.0	15.3	12.9	13.5
115	North Texas	12.8	11.7	3.0	19.2	8.3	14.3
116	Temple	10.9	10.7	6.0	17.8	7.5	9.7
117	Utah State	10.8	10.0	20.0	12.8	9.4	18.9
118	Stanford	10.6	14.7	17.0	6.6	13.4	25.2
119	Florida Intl	9.6	6.7	13.0	10.8	8.7	21.8
