1	Texas	50.2	50.3	41.0	52.7	48.0	35.2
2	USC	49.1	51.3	38.0	55.7	43.4	38.2
3	Louisville	43.4	31.7	24.0	55.3	31.5	49.8
4	UCLA	39.1	38.0	50.0	44.7	33.5	30.1
5	Boise State	37.3	40.3	21.0	47.0	27.7	48.9
6	Arizona St	36.8	34.3	45.0	36.9	36.8	29.8
7	Notre Dame	36.7	30.7	20.0	39.7	33.7	24.1
8	Fresno St	36.3	29.0	24.0	39.4	34.1	41.4
9	Minnesota	35.8	33.3	31.0	41.7	29.8	29.5
10	Penn State	34.4	30.7	26.0	33.4	35.8	17.7
11	Wisconsin	34.3	25.0	24.0	37.7	31.4	20.8
12	Nevada	34.2	39.0	49.0	36.3	32.0	27.0
13	Navy	34.2	43.7	51.0	37.2	32.0	27.2
14	VA Tech	33.8	29.0	35.0	34.0	33.7	28.2
15	Michigan St	33.8	20.3	22.0	34.0	33.6	29.4
16	Bowling Grn	33.8	35.7	41.0	35.4	32.5	43.9
17	Miami (OH)	33.7	35.3	38.0	40.0	28.5	29.8
18	Oregon	33.4	34.7	14.0	35.6	31.5	25.6
19	Toledo	33.4	35.3	45.0	35.2	32.3	33.2
20	TX Christian	33.2	37.0	27.0	38.8	29.1	32.9
21	Tulsa	33.1	37.7	31.0	27.0	36.9	26.9
22	Texas Tech	33.0	16.7	10.0	41.2	27.5	36.2
23	Ohio State	32.7	35.7	34.0	33.9	31.0	24.2
24	Northwestern	32.3	27.7	38.0	33.5	31.2	24.6
25	California	32.2	24.0	35.0	27.0	36.5	36.8
26	W Michigan	32.0	27.3	7.0	40.8	26.2	20.6
27	Wash State	32.0	27.0	26.0	31.0	33.0	25.0
28	BYU	31.9	32.3	28.0	34.6	29.7	24.3
29	W Virginia	31.8	37.0	38.0	34.6	29.5	28.7
30	Auburn	31.7	23.0	10.0	34.7	28.2	32.0
31	N Illinois	31.5	35.7	30.0	30.2	32.3	36.2
32	Texas A&M	30.8	25.3	29.0	37.4	24.2	28.4
33	Missouri	30.8	32.3	38.0	34.3	27.2	23.3
34	Hawaii	30.7	41.0	49.0	34.7	25.0	36.6
35	TX El Paso	30.6	21.0	13.0	32.0	29.5	36.1
36	Air Force	30.0	35.7	42.0	29.0	30.8	28.4
37	Utah	30.0	35.3	38.0	30.8	29.2	45.3
38	Purdue	30.0	35.3	41.0	31.3	28.4	31.8
39	LSU	29.9	24.3	40.0	28.6	30.9	28.7
40	New Mexico	29.6	26.7	24.0	27.0	31.8	20.3
41	Georgia	29.5	27.7	35.0	34.5	25.3	26.1
42	Michigan	28.8	30.0	28.0	29.6	27.6	30.8
43	LA Tech	28.7	31.3	40.0	32.8	25.3	25.7
44	Central FL	28.7	35.3	48.0	30.6	27.5	15.9
45	Iowa	28.6	32.0	24.0	40.2	19.0	24.3
46	Florida	28.6	29.0	31.0	31.6	24.4	31.8
47	Iowa State	27.9	25.0	24.0	--	27.9	20.3
48	S Mississippi	27.9	26.3	31.0	29.2	27.1	25.8
49	Houston	27.8	24.0	13.0	26.0	29.3	20.9
50	Rutgers	27.8	29.7	40.0	31.4	24.8	24.5
51	UAB	27.2	26.3	23.0	30.2	25.2	31.0
52	Miami (FL)	27.1	12.7	3.0	28.5	25.7	31.7
53	San Diego St	26.9	34.0	38.0	30.3	23.5	19.6
54	Oklahoma	26.9	26.7	17.0	33.2	20.7	34.8
55	Colorado St	26.8	23.7	30.0	30.6	24.0	22.2
56	Virginia	26.7	21.7	34.0	31.2	22.2	30.2
57	Clemson	26.3	22.3	19.0	31.5	21.2	21.5
58	Kansas St	26.3	26.0	36.0	30.8	20.8	29.9
59	Vanderbilt	26.2	37.7	28.0	22.4	30.0	19.3
60	Florida St	26.2	19.0	23.0	27.8	25.0	25.2
61	Boston Col	25.8	29.3	27.0	32.0	19.7	24.3
62	Stanford	25.2	18.0	31.0	25.2	25.2	22.0
63	Oregon St	25.2	16.3	14.0	28.4	22.0	26.7
64	Wyoming	24.6	18.3	21.0	27.8	22.0	24.1
65	Nebraska	24.6	29.7	32.0	24.5	24.8	21.9
66	Maryland	24.5	21.0	14.0	22.6	26.2	17.7
67	Wake Forest	24.5	26.0	17.0	25.2	23.6	18.8
68	Memphis	24.3	29.3	38.0	21.2	26.8	34.4
69	E Carolina	24.3	26.0	31.0	24.6	24.0	21.0
70	LA Lafayette	23.7	37.7	54.0	22.5	24.5	20.6
71	S Carolina	23.7	23.3	31.0	28.7	16.6	22.1
72	Central Mich	23.6	27.7	31.0	23.8	23.5	21.6
73	Akron	23.6	32.3	31.0	25.4	22.5	24.6
74	Colorado	23.5	5.3	10.0	33.2	15.1	23.4
75	Arkansas	23.4	29.7	17.0	27.8	19.0	29.8
76	Pittsburgh	22.6	19.0	13.0	29.6	15.6	25.8
77	Arizona	22.1	28.7	20.0	25.4	18.8	14.3
78	Idaho	22.1	30.3	18.0	18.8	24.0	20.4
79	Alabama	21.9	14.7	13.0	23.6	19.6	22.1
80	Rice	21.9	29.3	18.0	26.2	18.3	25.4
81	E Michigan	21.8	33.0	38.0	28.4	16.3	30.0
82	Florida Intl	21.8	31.3	35.0	32.3	16.5	28.3
83	S Florida	21.7	7.7	0.0	30.0	17.0	25.0
84	Arkansas St	21.6	20.0	19.0	29.2	17.3	19.5
85	LA Monroe	21.6	26.3	21.0	27.0	18.0	18.4
86	Washington	21.5	23.3	22.0	20.7	22.6	14.0
87	Indiana	21.3	16.3	14.0	23.8	18.8	23.8
88	Connecticut	21.3	11.7	20.0	24.6	18.0	28.3
89	San Jose St	21.3	20.0	26.0	28.5	16.5	26.5
90	Ball State	21.2	24.3	24.0	23.0	20.1	20.5
91	Kansas	21.2	26.7	42.0	24.0	17.8	23.8
92	S Methodist	20.8	32.0	40.0	23.0	18.2	18.4
93	Oklahoma St	20.7	24.0	14.0	20.6	20.8	32.2
94	Tulane	20.6	18.3	7.0	14.0	23.4	26.1
95	Kentucky	19.8	23.0	8.0	20.0	19.6	15.7
96	Middle Tenn	19.1	17.0	31.0	20.0	18.3	24.9
97	Utah State	18.9	23.7	24.0	21.5	17.4	16.7
98	UNLV	18.8	14.7	27.0	24.0	14.5	20.8
99	Baylor	18.8	20.0	44.0	14.5	21.7	20.0
100	Tennessee	18.6	23.7	27.0	19.5	17.6	29.1
101	Army	18.6	29.3	23.0	18.4	18.8	23.6
102	GA Tech	18.5	10.3	10.0	19.3	17.7	21.5
103	Cincinnati	18.5	8.3	9.0	19.5	17.8	28.7
104	N Carolina	18.0	19.0	3.0	18.8	17.0	24.5
105	NC State	17.7	19.3	14.0	19.2	16.0	22.2
106	Ohio	17.5	10.3	7.0	23.4	12.5	17.9
107	Illinois	17.0	8.7	21.0	23.7	9.0	18.8
108	Marshall	16.8	18.7	3.0	21.6	12.0	24.2
109	N Mex State	16.5	18.3	21.0	19.8	13.2	20.2
110	Troy	14.8	12.7	7.0	15.0	14.7	23.8
111	Kent State	14.7	7.7	3.0	8.2	19.0	29.7
112	North Texas	14.3	22.0	24.0	16.6	12.3	26.9
113	Syracuse	13.8	9.0	17.0	14.5	13.0	23.9
114	Duke	13.7	15.7	21.0	12.2	15.2	15.5
115	Fla Atlantic	13.5	15.3	6.0	16.0	12.0	18.0
116	Mississippi	12.1	12.7	14.0	12.2	12.0	19.5
117	Miss State	11.5	15.0	35.0	13.6	9.4	16.6
118	Buffalo	10.0	12.3	14.0	10.2	9.8	17.9
119	Temple	9.7	11.3	17.0	11.4	8.3	20.0
