1	Florida	42.5	46.3	35.0	48.1	35.8	27.2
2	Oklahoma	42.3	38.3	28.0	52.6	32.0	30.3
3	Boise State	41.2	41.0	38.0	48.2	34.3	39.2
4	Kansas	41.2	32.3	24.0	55.2	27.2	27.2
5	Tulsa	41.1	45.3	63.0	39.5	42.4	26.2
6	Missouri	40.0	30.3	38.0	43.2	38.0	28.7
7	W Virginia	39.6	41.0	48.0	43.5	36.3	37.8
8	Hawaii	39.5	28.0	10.0	42.6	37.0	47.1
9	LSU	38.6	35.7	38.0	40.6	36.7	33.7
10	Navy	38.2	35.0	32.0	33.4	41.7	28.8
11	Oregon	38.2	29.0	56.0	38.1	38.2	27.3
12	Texas Tech	38.1	36.0	31.0	36.4	39.3	30.0
13	Arkansas	37.6	34.0	7.0	42.3	32.8	26.2
14	Texas	37.2	47.0	52.0	36.8	37.6	34.2
15	Central Mich	36.4	39.3	48.0	44.8	32.7	29.7
16	Central FL	35.9	27.7	3.0	42.3	29.4	17.9
17	Kentucky	35.4	32.7	35.0	40.7	28.0	25.5
18	S Florida	35.2	41.3	21.0	42.0	30.4	21.5
19	Cincinnati	34.4	35.3	31.0	29.6	37.9	20.2
20	Oklahoma St	34.2	37.0	49.0	39.0	30.9	33.8
21	Troy	34.0	32.7	32.0	37.4	31.6	21.5
22	Fresno St	33.6	38.3	40.0	30.2	36.0	23.0
23	Nebraska	33.4	54.3	51.0	37.1	28.2	28.6
24	Michigan St	33.1	34.7	21.0	32.8	33.3	25.2
25	Rice	33.0	39.0	43.0	37.8	29.0	26.9
26	Purdue	32.8	35.3	51.0	30.3	35.3	23.4
27	Kansas St	32.8	30.7	29.0	37.6	28.8	22.7
28	Toledo	32.7	27.3	10.0	42.2	21.4	21.8
29	Clemson	32.7	20.0	20.0	37.8	27.5	32.7
30	USC	32.6	39.0	49.0	29.3	35.4	30.5
31	Tennessee	32.5	29.0	21.0	38.1	26.9	27.8
32	Houston	32.5	18.3	13.0	38.0	32.0	32.3
33	Arizona St	32.3	26.0	34.0	34.4	29.0	26.1
34	Nevada	31.9	24.3	0.0	36.0	29.0	30.1
35	TX El Paso	31.9	23.0	20.0	32.2	31.7	27.3
36	Louisville	31.7	29.7	41.0	38.6	26.0	37.8
37	Georgia	31.6	32.0	41.0	34.2	29.0	23.2
38	Ball State	31.5	32.7	30.0	35.2	29.1	27.5
39	Fla Atlantic	31.2	45.7	44.0	31.2	31.1	13.5
40	E Carolina	31.0	27.7	41.0	33.8	28.6	21.5
41	Ohio State	30.8	19.7	24.0	34.8	26.8	34.6
42	Rutgers	30.6	36.7	52.0	25.6	37.6	27.6
43	Penn State	30.3	28.7	24.0	34.7	25.2	21.1
44	Bowling Grn	30.2	25.0	7.0	39.4	24.4	19.5
45	Ohio	30.0	32.7	38.0	35.5	26.9	19.0
46	Indiana	29.8	29.3	33.0	31.8	27.7	22.6
47	Air Force	29.6	44.0	36.0	31.2	28.4	23.2
48	California	29.3	26.0	42.0	32.8	26.3	32.1
49	Washington	29.2	33.3	28.0	29.9	28.5	21.8
50	BYU	29.1	27.3	17.0	20.0	29.9	36.8
51	Memphis	28.8	35.7	27.0	28.7	28.8	22.5
52	Boston Col	28.6	22.7	24.0	35.3	22.9	26.3
53	Illinois	28.4	28.7	17.0	28.8	28.1	17.5
54	S Methodist	28.3	38.0	52.0	32.5	24.2	25.5
55	Wisconsin	28.2	31.7	17.0	35.0	21.3	28.8
56	Wake Forest	27.8	31.0	24.0	28.0	27.7	20.6
57	VA Tech	27.5	28.0	21.0	26.0	28.9	24.8
58	Colorado	27.3	39.0	24.0	27.3	27.3	16.9
59	S Mississippi	27.2	31.0	21.0	23.2	30.0	23.9
60	Texas A&M	27.1	27.0	17.0	34.7	19.5	27.2
61	Michigan	26.8	21.7	41.0	25.3	29.0	29.2
62	Minnesota	26.7	22.3	34.0	26.8	26.6	30.5
63	Arizona	26.5	28.3	17.0	32.6	21.3	15.5
64	Utah	26.2	24.3	35.0	31.8	21.4	26.5
65	TX Christian	26.1	33.0	20.0	27.2	25.1	27.8
66	Northwestern	25.7	23.3	22.0	27.2	24.0	16.5
67	Wash State	25.7	30.7	42.0	28.4	23.7	24.6
68	Middle Tenn	25.7	24.7	7.0	26.6	25.0	21.0
69	Connecticut	25.5	20.3	10.0	29.5	21.5	18.6
70	Oregon St	25.1	37.0	21.0	24.2	25.7	25.6
71	Alabama	25.0	18.0	30.0	30.5	19.5	22.9
72	S Carolina	25.0	29.3	21.0	27.0	22.6	26.6
73	North Texas	24.8	24.3	19.0	33.6	18.6	12.8
74	W Michigan	24.7	25.0	16.0	27.0	22.8	23.0
75	Virginia	24.4	32.3	28.0	25.2	23.7	15.1
76	LA Lafayette	24.4	27.7	11.0	27.0	22.2	18.2
77	Buffalo	24.2	25.0	30.0	27.6	21.9	18.3
78	Arkansas St	24.2	24.0	10.0	31.7	16.8	15.2
79	Marshall	23.9	33.3	46.0	30.6	18.3	23.4
80	Colorado St	23.8	25.0	36.0	28.0	23.4	15.6
81	Maryland	23.5	22.3	14.0	23.6	23.4	21.4
82	Tulane	23.5	30.3	12.0	20.3	27.2	18.7
83	N Mex State	23.4	19.0	23.0	30.4	17.5	29.6
84	Auburn	23.3	20.0	23.0	26.3	19.2	24.8
85	Florida St	23.3	21.3	28.0	27.8	20.5	26.5
86	LA Monroe	23.1	26.0	17.0	28.8	19.9	21.6
87	E Michigan	22.9	36.0	48.0	20.2	24.4	13.9
88	GA Tech	22.7	24.0	28.0	17.3	28.0	23.9
89	San Diego St	22.6	27.7	27.0	25.4	20.3	14.2
90	UCLA	22.4	13.0	16.0	23.8	21.1	23.0
91	New Mexico	21.9	20.0	23.0	29.7	14.2	23.2
92	Pittsburgh	21.8	22.0	13.0	27.8	14.6	30.0
93	Idaho	21.6	16.3	19.0	22.8	20.7	16.0
94	Akron	21.2	26.7	32.0	31.8	15.9	19.7
95	Miss State	20.7	19.3	10.0	17.0	23.3	16.9
96	Miami (FL)	20.6	9.3	14.0	20.3	21.0	17.0
97	Utah State	20.6	19.7	24.0	17.0	23.1	10.8
98	LA Tech	20.1	15.7	10.0	31.0	13.9	17.6
99	Kent State	20.1	19.0	23.0	22.0	19.0	17.8
100	Vanderbilt	19.9	20.3	17.0	21.3	17.5	20.5
101	N Carolina	19.7	24.0	20.0	20.8	18.8	15.5
102	Stanford	19.6	17.0	20.0	20.9	17.0	10.6
103	Wyoming	19.4	12.7	28.0	20.2	18.7	21.5
104	UAB	19.4	26.3	39.0	18.5	19.9	18.8
105	Miami (OH)	19.2	15.3	10.0	20.3	18.3	18.5
106	NC State	19.2	16.3	0.0	18.8	19.6	17.0
107	San Jose St	19.2	33.7	27.0	35.2	10.0	25.6
108	Iowa State	18.6	23.0	7.0	16.8	20.8	18.0
109	Iowa	18.5	22.7	19.0	23.2	13.8	22.4
110	Mississippi	18.5	13.7	14.0	21.5	14.8	14.6
111	UNLV	18.2	15.3	6.0	20.2	16.2	16.7
112	N Illinois	18.0	24.0	21.0	20.0	16.9	23.6
113	Duke	17.9	15.0	14.0	19.6	16.7	16.3
114	Army	17.2	16.0	3.0	25.5	12.4	15.5
115	Baylor	16.7	14.0	14.0	19.2	14.7	21.5
116	W Kentucky	16.5	18.3	26.0	17.0	16.4	12.0
117	Syracuse	16.4	16.0	31.0	17.3	15.2	17.4
118	Notre Dame	16.4	24.3	21.0	18.1	14.0	31.0
119	Temple	16.4	9.0	3.0	15.0	17.8	10.9
120	Florida Intl	15.1	29.7	38.0	23.0	9.4	9.6
