1	Oklahoma	50.7	45.7	14.0	51.8	50.0	42.3
2	Tulsa	46.1	35.7	45.0	54.2	39.1	41.1
3	Texas	42.4	36.0	24.0	47.7	36.2	37.2
4	Texas Tech	42.2	30.0	34.0	42.0	42.3	38.1
5	Oregon	41.9	54.0	42.0	43.8	40.3	38.2
6	Florida	41.6	33.3	24.0	47.0	37.0	42.5
7	Missouri	41.5	29.3	30.0	46.6	38.2	40.0
8	Rice	41.3	43.0	38.0	51.2	32.9	33.0
9	Houston	39.4	39.3	34.0	--	39.4	32.5
10	Oklahoma St	39.4	34.0	31.0	50.2	28.7	34.2
11	USC	37.5	34.7	38.0	36.3	38.6	32.6
12	Utah	36.9	47.3	31.0	36.6	37.1	26.2
13	Boise State	36.7	39.3	16.0	39.0	35.0	41.2
14	Penn State	36.7	35.7	24.0	42.8	30.5	30.3
15	Nevada	36.7	34.7	35.0	36.6	36.7	31.9
16	Arizona	36.6	26.3	31.0	37.0	36.2	26.5
17	Nebraska	35.4	40.7	26.0	35.5	35.2	33.4
18	Ball State	33.9	27.3	13.0	40.8	29.6	31.5
19	BYU	33.7	27.7	21.0	--	33.7	29.1
20	LA Lafayette	33.1	24.7	42.0	37.4	30.0	24.4
21	Kansas	33.0	29.7	42.0	29.8	36.2	41.2
22	TX El Paso	32.9	31.3	21.0	34.7	31.2	31.9
23	California	32.6	36.3	24.0	36.6	28.0	29.3
24	Mississippi	31.9	41.0	47.0	33.8	30.0	18.5
25	Kansas St	31.8	30.0	38.0	36.5	26.2	32.8
26	TX Christian	30.8	23.7	17.0	40.4	24.0	26.1
27	S Mississippi	30.6	26.3	30.0	35.5	26.4	27.2
28	Oregon St	30.5	20.0	3.0	39.5	22.9	25.1
29	Georgia	30.3	27.7	24.0	35.6	26.6	31.6
30	Buffalo	30.3	27.7	20.0	30.8	29.9	24.2
31	Alabama	30.1	24.3	17.0	29.3	31.0	25.0
32	LSU	30.1	27.0	38.0	31.7	27.8	38.6
33	Troy	30.0	36.7	27.0	33.2	28.4	34.0
34	Akron	30.0	29.3	6.0	31.8	28.7	21.2
35	Fresno St	29.6	23.0	35.0	27.2	31.1	33.6
36	Central Mich	29.4	32.3	21.0	28.2	30.0	36.4
37	Florida St	29.0	31.3	42.0	21.2	35.5	23.3
38	Iowa	29.0	36.0	31.0	26.7	31.3	18.5
39	Rutgers	28.2	40.7	29.0	26.5	30.0	30.6
40	Bowling Grn	27.7	33.3	38.0	27.4	27.9	30.2
41	W Michigan	27.6	21.0	14.0	32.0	25.4	24.7
42	N Carolina	27.1	22.7	30.0	27.8	26.3	19.7
43	Pittsburgh	27.1	17.7	0.0	26.5	27.6	21.8
44	Illinois	27.0	15.7	10.0	28.4	25.8	28.4
45	Memphis	26.8	26.7	14.0	32.3	21.3	28.8
46	Wisconsin	26.8	34.3	13.0	29.2	24.3	28.2
47	Ohio State	26.3	31.0	21.0	25.3	27.3	30.8
48	Stanford	26.2	22.3	16.0	32.8	21.6	19.6
49	Navy	26.0	23.0	19.0	27.8	25.1	38.2
50	Baylor	25.9	30.0	28.0	30.3	20.6	16.7
51	Kent State	25.8	26.3	24.0	25.2	26.1	20.1
52	Air Force	25.6	20.7	28.0	27.0	24.6	29.6
53	UNLV	25.6	23.3	21.0	25.6	25.6	18.2
54	Colorado St	25.3	30.3	40.0	27.6	23.7	23.8
55	S Florida	25.2	21.7	41.0	27.2	23.9	35.2
56	Fla Atlantic	25.1	31.7	24.0	38.0	19.3	31.2
57	Michigan St	25.1	17.0	12.0	21.6	29.2	33.1
58	Texas A&M	25.0	19.3	9.0	23.6	27.0	27.1
59	Miami (FL)	25.0	22.7	17.0	23.0	26.4	20.6
60	Cincinnati	24.8	22.0	7.0	28.0	22.8	34.4
61	Notre Dame	24.7	25.0	49.0	29.7	20.4	16.4
62	Florida Intl	24.7	34.7	27.0	23.2	25.7	15.1
63	GA Tech	24.2	29.7	3.0	30.8	18.7	22.7
64	Connecticut	24.1	20.3	38.0	27.8	21.4	25.5
65	Utah State	24.0	33.0	47.0	28.5	19.5	20.6
66	Hawaii	23.8	23.0	21.0	29.3	19.0	39.5
67	Northwestern	23.7	23.7	23.0	25.2	22.2	25.7
68	Iowa State	23.6	24.7	30.0	28.6	19.5	18.6
69	E Carolina	23.4	33.0	19.0	30.0	19.8	31.0
70	Temple	23.4	40.0	27.0	21.6	24.7	16.4
71	Boston Col	23.4	18.0	14.0	24.0	22.9	28.6
72	E Michigan	23.4	39.3	56.0	27.0	21.3	22.9
73	LA Tech	23.2	27.7	17.0	36.4	13.9	20.1
74	Purdue	23.1	28.7	62.0	30.0	14.8	32.8
75	Middle Tenn	22.8	33.7	28.0	26.2	20.4	25.7
76	W Virginia	22.6	19.7	31.0	23.0	22.2	39.6
77	NC State	22.6	34.0	23.0	24.5	20.7	19.2
78	LA Monroe	22.5	17.3	31.0	32.2	16.9	23.1
79	Toledo	22.4	23.0	10.0	24.2	20.7	32.7
80	Maryland	22.4	22.0	42.0	26.5	18.3	23.5
81	Louisville	22.3	18.3	14.0	24.0	19.2	31.7
82	Minnesota	22.2	17.7	21.0	17.8	26.7	26.7
83	Arizona St	22.2	25.0	10.0	26.0	17.6	32.3
84	N Illinois	22.2	17.3	10.0	20.2	23.6	18.0
85	VA Tech	21.9	22.3	20.0	20.2	23.0	27.5
86	Arkansas St	21.9	23.3	9.0	30.0	17.3	24.2
87	Ohio	21.6	31.0	41.0	24.8	19.9	30.0
88	Arkansas	21.4	26.7	31.0	20.6	22.0	37.6
89	Kentucky	21.3	19.7	25.0	26.8	15.8	35.4
90	New Mexico	21.1	12.0	6.0	27.5	14.7	21.9
91	Wake Forest	21.0	24.3	29.0	23.4	18.2	27.8
92	Clemson	20.7	21.7	21.0	24.6	17.5	32.7
93	UAB	20.7	23.0	15.0	22.0	20.0	19.4
94	S Carolina	20.6	10.0	10.0	24.2	17.0	25.0
95	Michigan	20.2	16.7	7.0	18.7	22.4	26.8
96	N Mex State	20.1	16.7	2.0	19.8	20.3	23.4
97	North Texas	20.0	18.0	28.0	22.2	18.4	24.8
98	Colorado	19.2	25.3	31.0	18.0	20.2	27.3
99	Marshall	19.2	19.7	35.0	22.6	16.3	23.9
100	San Jose St	19.2	9.0	10.0	18.2	20.0	19.2
101	Vanderbilt	19.2	12.0	16.0	17.8	20.3	19.9
102	Duke	19.1	10.0	20.0	26.7	10.0	17.9
103	S Methodist	19.0	16.0	12.0	22.8	15.8	28.3
104	San Diego St	18.5	22.7	42.0	29.0	9.8	22.6
105	Indiana	18.3	12.3	10.0	23.4	9.2	29.8
106	UCLA	17.7	14.3	7.0	18.9	16.0	22.4
107	Idaho	17.5	17.0	17.0	19.2	16.2	21.6
108	Tennessee	17.3	18.3	28.0	18.9	15.2	32.5
109	Syracuse	17.0	16.0	10.0	21.4	13.3	16.4
110	Tulane	16.7	12.3	6.0	22.7	10.7	23.5
111	Miami (OH)	16.6	18.7	26.0	17.2	16.2	19.2
112	Central FL	16.5	19.3	0.0	14.2	18.5	35.9
113	Virginia	16.1	11.3	14.0	18.2	13.6	24.4
114	Auburn	15.5	6.7	0.0	21.8	8.0	23.3
115	Army	15.2	11.3	0.0	9.6	19.8	17.2
116	Miss State	13.5	12.7	0.0	18.8	9.2	20.7
117	Washington	13.2	9.0	7.0	16.4	8.8	29.2
118	Wyoming	12.4	15.7	20.0	17.0	6.8	19.4
119	W Kentucky	12.3	6.7	3.0	19.2	7.7	16.5
120	Wash State	9.8	8.7	10.0	12.2	8.0	25.7
