1	Boise State	42.8	34.3	17.0	43.5	42.3	36.7
2	Houston	41.2	41.7	20.0	--	41.2	39.4
3	Texas	39.3	27.7	21.0	46.8	33.6	42.4
4	Nevada	38.2	35.3	10.0	45.7	31.9	36.7
5	Texas Tech	36.9	34.0	41.0	47.0	26.8	42.2
6	TX Christian	36.8	35.3	10.0	46.0	30.3	30.8
7	Oregon	36.1	32.7	17.0	41.6	29.7	41.9
8	Cincinnati	36.0	39.3	24.0	37.8	34.7	24.8
9	BYU	35.5	36.0	44.0	29.3	40.7	33.7
10	Stanford	35.5	33.3	27.0	36.7	34.0	26.2
11	Arkansas	35.0	30.7	20.0	47.4	26.1	21.4
12	Florida	33.8	33.7	51.0	38.0	30.3	41.6
13	Troy	33.7	45.3	41.0	39.4	30.1	30.0
14	GA Tech	33.5	25.7	14.0	27.2	37.5	24.2
15	Central Mich	32.8	36.3	44.0	51.2	24.7	29.4
16	Texas A&M	32.8	32.3	20.0	39.7	24.8	25.0
17	Idaho	32.7	39.0	43.0	34.2	31.4	17.5
18	Fresno St	32.4	37.0	28.0	34.0	31.6	29.6
19	Middle Tenn	32.0	39.3	42.0	36.5	28.1	22.8
20	VA Tech	31.8	39.0	37.0	33.7	30.3	21.9
21	Pittsburgh	31.6	26.3	19.0	33.3	29.8	27.1
22	S Mississippi	31.3	32.0	32.0	37.2	27.1	30.6
23	Oregon St	31.2	31.7	20.0	32.4	30.4	30.5
24	Alabama	31.1	31.7	37.0	30.7	31.4	30.1
25	Florida St	31.0	24.0	33.0	31.8	30.4	29.0
26	Auburn	30.8	27.7	38.0	35.6	24.2	15.5
27	Wisconsin	30.8	34.0	20.0	31.6	30.1	26.8
28	Notre Dame	30.1	30.0	38.0	29.0	31.6	24.7
29	Temple	30.0	28.3	21.0	33.8	27.3	23.4
30	Utah	29.8	32.7	37.0	32.2	27.9	36.9
31	TX El Paso	29.8	37.3	52.0	32.5	27.2	32.9
32	Clemson	29.8	24.0	21.0	30.7	29.0	20.7
33	Toledo	29.7	33.0	24.0	34.2	26.4	22.4
34	Connecticut	29.4	35.0	20.0	31.4	28.0	24.1
35	Tennessee	29.3	25.0	14.0	37.1	16.8	17.3
36	S Methodist	29.1	34.0	45.0	31.0	27.7	19.0
37	Ohio State	29.0	24.7	26.0	31.0	26.7	26.3
38	Miami (FL)	28.8	26.3	14.0	35.4	24.1	25.0
39	Michigan St	28.5	28.3	31.0	25.5	31.5	25.1
40	Bowling Grn	28.5	38.7	42.0	27.7	29.1	27.7
41	Oklahoma	28.3	23.7	31.0	42.4	18.3	50.7
42	Georgia	28.2	33.7	44.0	26.4	29.4	30.3
43	Purdue	27.8	37.7	38.0	28.9	26.4	23.1
44	UAB	27.8	26.3	27.0	38.0	20.4	20.7
45	Kansas	27.6	25.3	39.0	30.0	25.7	33.0
46	N Illinois	27.6	21.7	3.0	34.4	22.7	22.2
47	Navy	27.5	23.0	35.0	24.6	29.2	26.0
48	LA Tech	27.5	33.0	55.0	40.5	20.0	23.2
49	Fla Atlantic	27.4	26.0	28.0	27.4	27.4	25.1
50	Missouri	27.1	29.3	13.0	22.4	30.4	41.5
51	Penn State	26.9	30.7	19.0	22.6	33.0	36.7
52	Utah State	26.9	32.3	52.0	25.0	28.0	24.0
53	E Carolina	26.8	26.7	17.0	26.6	27.0	23.4
54	Arizona	26.8	13.7	0.0	35.6	20.6	36.6
55	Tulsa	26.8	28.0	33.0	25.8	27.7	46.1
56	Mississippi	26.7	24.3	21.0	29.6	24.3	31.9
57	California	26.6	23.7	27.0	28.4	25.3	32.6
58	North Texas	26.6	22.3	26.0	29.7	23.5	20.0
59	USC	26.5	23.0	24.0	31.8	21.9	37.5
60	Michigan	26.5	23.3	10.0	29.4	21.2	20.2
61	Rutgers	26.2	33.3	45.0	21.4	30.2	28.2
62	Air Force	26.2	37.7	47.0	26.6	25.9	25.6
63	Oklahoma St	26.1	12.7	7.0	28.9	22.2	39.4
64	Washington	26.1	31.0	42.0	29.7	21.0	13.2
65	Central FL	26.0	35.7	24.0	28.2	23.8	16.5
66	W Virginia	25.6	21.3	21.0	26.3	24.8	22.6
67	Wake Forest	25.5	33.3	45.0	28.7	21.8	21.0
68	NC State	25.4	20.3	28.0	26.3	24.0	22.6
69	Kentucky	25.2	23.7	13.0	23.7	26.7	21.3
70	Nebraska	25.1	24.3	33.0	26.6	23.7	35.4
71	LSU	24.8	24.3	17.0	26.7	22.7	30.1
72	W Michigan	24.7	22.0	17.0	30.5	21.4	27.6
73	Ohio	24.5	20.7	17.0	25.6	23.9	21.6
74	Northwestern	24.2	29.7	35.0	23.7	24.7	23.7
75	Indiana	23.9	23.0	21.0	22.6	25.0	18.3
76	Miss State	23.8	21.7	41.0	24.0	23.6	13.5
77	Duke	23.7	20.0	34.0	21.8	25.0	19.1
78	Iowa	23.7	20.0	24.0	24.2	23.2	29.0
79	UNLV	23.6	26.7	28.0	25.7	21.2	25.6
80	Florida Intl	22.9	19.7	21.0	--	22.9	24.7
81	LA Monroe	22.6	19.0	19.0	26.0	20.7	22.5
82	Buffalo	22.6	25.0	9.0	22.8	22.5	30.3
83	Hawaii	22.6	17.0	10.0	22.2	23.0	23.8
84	Boston Col	22.3	15.0	13.0	30.8	13.8	23.4
85	S Florida	22.3	21.3	27.0	22.8	22.0	25.2
86	San Diego St	22.3	19.3	24.0	24.8	20.2	18.5
87	Illinois	22.3	34.7	52.0	27.4	18.0	27.0
88	Colorado	22.2	19.3	20.0	24.5	20.0	19.2
89	UCLA	22.0	20.0	30.0	23.2	21.0	17.7
90	W Kentucky	21.6	20.3	20.0	--	21.6	12.3
91	Colorado St	21.5	19.7	16.0	22.4	20.7	25.3
92	Minnesota	21.3	15.0	13.0	29.7	13.0	22.2
93	Marshall	21.0	25.3	21.0	23.0	19.6	19.2
94	N Carolina	20.6	25.0	17.0	22.6	19.0	27.1
95	Kansas St	20.6	10.7	3.0	27.8	15.8	31.8
96	LA Lafayette	20.4	23.0	31.0	27.2	14.7	33.1
97	Memphis	20.1	21.7	30.0	21.0	19.3	26.8
98	Maryland	19.8	17.3	17.0	17.2	23.0	22.4
99	Virginia	19.8	14.7	13.0	18.3	21.6	16.1
100	Arizona St	19.8	17.0	17.0	21.0	18.4	22.2
101	Ball State	19.5	15.0	22.0	15.4	22.8	33.9
102	Iowa State	19.4	18.3	14.0	16.6	21.4	23.6
103	Syracuse	19.4	23.7	31.0	22.3	14.2	17.0
104	Kent State	19.4	13.0	6.0	22.0	17.2	25.8
105	Arkansas St	19.2	22.7	24.0	25.5	15.6	21.9
106	S Carolina	19.2	18.3	7.0	24.0	14.3	20.6
107	Rice	18.2	24.0	14.0	17.7	18.8	41.3
108	Wyoming	17.4	20.7	35.0	17.4	17.4	12.4
109	Akron	17.3	21.7	28.0	20.2	14.8	30.0
110	Louisville	17.0	15.3	14.0	16.0	17.8	22.3
111	Baylor	16.5	10.0	13.0	16.8	16.2	25.9
112	E Michigan	16.4	18.7	21.0	14.6	17.7	23.4
113	New Mexico	16.3	19.3	10.0	17.5	15.2	21.1
114	Miami (OH)	15.6	21.0	17.0	19.4	12.9	16.6
115	Army	14.7	9.0	3.0	17.0	12.8	15.2
116	Tulane	13.7	13.7	21.0	17.4	10.7	16.7
117	Vanderbilt	13.7	10.7	16.0	12.8	14.5	19.2
118	San Jose St	13.3	14.3	20.0	13.8	12.8	19.2
119	Wash State	12.0	5.7	0.0	15.7	8.3	9.8
120	N Mex State	10.7	12.3	7.0	12.2	9.6	20.1
