1	Oklahoma	42.9	25.7	14.0	48.8	38.5	37.2
2	Miami (OH)	42.5	52.5	--	44.8	41.1	32.0
3	Texas Tech	42.5	34.3	38.0	42.9	42.0	38.4
4	Boise State	42.2	50.5	--	48.8	37.4	44.2
5	USC	41.1	42.3	28.0	44.3	37.3	35.8
6	Texas	41.0	36.3	20.0	39.3	43.0	33.8
7	Minnesota	38.7	30.0	31.0	44.3	32.2	26.2
8	NC State	35.8	41.3	56.0	36.5	35.2	30.8
9	Oklahoma St	35.4	36.7	28.0	42.2	28.7	33.4
10	Michigan	35.4	30.0	14.0	40.9	29.0	27.8
11	Louisville	35.2	54.5	--	36.2	34.2	28.8
12	Kansas St	35.1	29.0	28.0	35.7	34.6	42.8
13	VA Tech	34.8	32.3	49.0	40.0	29.5	30.6
14	Houston	34.5	49.7	48.0	37.5	31.9	26.7
15	Hawaii	34.3	39.7	54.0	43.6	23.5	33.9
16	Mississippi	34.0	25.3	31.0	39.7	27.3	27.0
17	Connecticut	33.9	43.3	51.0	33.0	34.7	28.4
18	LSU	33.8	36.7	21.0	34.7	33.1	24.0
19	Arkansas	33.5	34.3	27.0	34.5	32.7	26.4
20	California	32.6	44.7	52.0	34.3	31.4	35.6
21	Akron	32.5	33.0	35.0	33.8	31.7	25.1
22	Florida St	32.2	34.0	14.0	34.7	30.1	30.6
23	N Illinois	31.3	36.0	38.0	36.8	28.1	31.7
24	Navy	31.1	37.0	14.0	41.2	25.3	24.2
25	Toledo	30.9	35.3	23.0	44.6	19.5	34.7
26	Oregon St	30.7	24.0	--	35.2	25.4	30.4
27	Wash State	30.3	27.0	28.0	30.8	30.0	33.8
28	Missouri	30.2	24.3	14.0	46.8	18.3	30.0
29	Pittsburgh	29.9	20.0	16.0	29.7	30.1	25.5
30	Tulsa	29.9	30.7	10.0	37.0	24.9	19.4
31	Memphis	29.4	21.3	27.0	28.3	30.5	22.8
32	Colorado St	29.2	22.0	21.0	24.7	33.7	29.9
33	TX Christian	29.1	24.0	--	29.2	29.0	30.1
34	W Virginia	28.9	28.7	7.0	32.1	25.2	28.3
35	Bowling Grn	28.8	28.7	28.0	31.4	26.9	40.8
36	Maryland	28.8	36.0	41.0	34.8	24.4	31.8
37	Iowa	28.7	34.7	37.0	33.6	23.0	37.2
38	Utah	28.7	22.3	17.0	32.8	24.5	22.6
39	Kansas	28.6	27.7	26.0	25.5	30.1	18.5
40	Rice	28.6	45.0	49.0	33.0	26.4	23.0
41	Boston Col	28.5	34.7	35.0	27.2	29.6	30.2
42	Middle Tenn	28.5	34.0	24.0	35.4	22.7	25.7
43	Tulane	28.2	26.7	28.0	29.0	27.5	27.0
44	Clemson	28.1	43.3	27.0	28.2	28.0	25.4
45	Tennessee	28.1	27.3	14.0	32.1	23.3	22.8
46	Virginia	28.0	29.0	23.0	26.0	29.7	28.7
47	Michigan St	27.9	21.7	3.0	30.5	27.5	26.3
48	Wake Forest	27.9	26.3	28.0	25.6	31.2	25.8
49	Miami (FL)	27.8	26.0	16.0	27.9	27.6	38.7
50	New Mexico	27.7	25.0	--	26.8	28.8	23.3
51	Kent State	27.7	34.7	34.0	29.6	26.2	13.1
52	Marshall	27.7	18.3	28.0	34.0	24.1	33.9
53	North Texas	27.5	29.3	17.0	42.4	18.2	18.8
54	Rutgers	27.4	19.7	24.0	29.2	25.7	13.5
55	Oregon	27.4	31.7	30.0	28.0	26.9	33.1
56	Wisconsin	27.3	30.3	14.0	29.7	24.5	26.6
57	Florida	27.2	25.0	17.0	32.2	23.7	25.8
58	Purdue	26.8	21.3	27.0	34.3	18.2	27.9
59	Colorado	26.6	29.0	22.0	25.8	27.3	28.4
60	Georgia	26.5	27.0	34.0	28.2	25.2	31.2
61	Kentucky	26.5	11.3	7.0	32.0	19.8	32.1
62	N Carolina	26.4	29.3	22.0	25.8	27.0	18.6
63	Washington	26.0	18.7	27.0	33.0	21.0	30.6
64	LA Tech	25.8	24.3	14.0	33.2	22.1	26.7
65	Alabama	25.5	18.3	29.0	23.8	28.2	28.2
66	Syracuse	25.4	22.7	38.0	32.0	17.4	25.8
67	Texas A&M	25.3	12.3	15.0	31.9	16.2	28.8
68	W Michigan	25.0	29.7	17.0	27.2	23.7	23.2
69	Air Force	24.8	15.3	3.0	33.4	17.7	33.8
70	Nebraska	24.8	19.0	17.0	26.6	23.6	26.5
71	Ohio State	24.8	24.0	35.0	25.0	24.4	29.3
72	Cincinnati	24.7	22.0	40.0	32.6	18.2	29.2
73	Auburn	24.5	21.0	28.0	32.3	16.7	27.7
74	Wyoming	24.1	14.7	24.0	22.0	25.8	23.1
75	Arizona St	24.0	24.7	28.0	30.6	18.5	31.8
76	Nevada	23.5	12.3	3.0	18.4	27.7	27.6
77	San Jose St	23.0	36.0	32.0	25.8	21.2	28.9
78	S Mississippi	22.5	26.0	0.0	30.0	16.1	18.9
79	Ohio	22.4	19.7	0.0	28.8	17.0	27.2
80	S Carolina	22.3	15.0	17.0	24.4	18.2	18.8
81	Utah State	22.0	16.0	13.0	31.2	17.4	26.7
82	S Florida	21.6	26.0	21.0	21.0	22.0	25.8
83	Fresno St	21.5	19.0	17.0	24.2	19.9	27.0
84	Idaho	21.5	33.7	20.0	16.2	25.0	23.1
85	UNLV	21.3	19.3	35.0	19.0	23.7	24.3
86	GA Tech	21.1	28.7	52.0	19.0	22.9	21.5
87	Ball State	20.9	16.0	14.0	17.8	23.5	23.2
88	LA Monroe	20.8	23.3	24.0	20.0	21.1	19.7
89	UAB	20.4	24.7	28.0	20.0	20.7	22.3
90	LA Lafayette	20.3	30.3	57.0	23.2	17.8	16.9
91	Notre Dame	20.2	34.0	12.0	19.8	20.7	22.3
92	Northwestern	20.2	23.7	24.0	15.8	24.0	22.7
93	Temple	19.8	22.3	28.0	16.5	22.0	18.9
94	TX El Paso	19.6	18.3	20.0	24.8	15.3	16.2
95	Central Mich	19.5	27.7	34.0	25.8	15.3	21.2
96	N Mex State	19.5	18.7	10.0	21.7	18.6	27.2
97	Penn State	19.4	23.0	10.0	25.4	11.0	34.3
98	UCLA	19.1	14.7	9.0	21.3	17.1	29.6
99	Miss State	18.8	9.0	0.0	17.5	20.0	16.0
100	E Carolina	18.1	25.3	21.0	19.2	17.0	27.9
101	Central FL	17.4	13.7	21.0	19.5	16.1	31.2
102	Stanford	16.9	8.7	7.0	22.2	13.9	20.5
103	San Diego St	16.8	12.3	24.0	23.0	12.7	23.8
104	Vanderbilt	16.7	15.0	0.0	18.0	15.2	15.6
105	Duke	16.5	26.0	30.0	19.8	12.6	18.9
106	E Michigan	16.5	27.0	24.0	18.6	14.4	20.3
107	BYU	16.3	8.7	0.0	12.0	19.4	22.7
108	Army	15.8	16.0	6.0	20.2	12.1	18.6
109	Arkansas St	15.8	17.3	14.0	19.0	15.0	17.4
110	Arizona	15.1	11.3	7.0	17.6	11.6	17.3
111	Baylor	14.9	12.7	21.0	17.7	11.6	13.8
112	Buffalo	14.7	20.7	24.0	15.8	13.8	17.1
113	Iowa State	14.2	8.0	7.0	17.5	10.2	28.0
114	Illinois	14.0	14.7	20.0	17.6	11.0	28.8
115	Troy	13.6	23.7	28.0	30.5	9.4	11.5
116	Indiana	13.1	13.3	16.0	17.4	9.5	21.2
117	S Methodist	11.2	13.0	13.0	12.0	10.3	17.2
