1	Houston	48.8	35.3	30.0	49.2	48.4	34.9
2	Oklahoma St	48.7	38.7	41.0	53.8	44.3	44.2
3	Oregon	45.3	47.7	45.0	47.0	43.3	45.2
4	Baylor	45.1	60.3	67.0	48.3	41.8	30.9
5	Boise State	44.2	45.7	56.0	37.3	50.1	45.1
6	Stanford	43.2	32.3	38.0	43.4	42.8	39.3
7	Wisconsin	43.0	41.7	38.0	50.0	37.0	39.1
8	Toledo	40.9	43.7	42.0	48.8	35.3	27.9
9	TX Christian	39.7	40.3	31.0	44.7	34.7	39.9
10	Oklahoma	39.5	22.3	31.0	42.0	37.4	37.2
11	Texas A&M	39.1	39.7	33.0	40.6	37.3	29.8
12	N Illinois	37.6	26.3	38.0	39.8	36.2	39.2
13	LSU	37.6	45.0	42.0	40.8	35.3	29.5
14	W Virginia	36.2	40.3	70.0	34.8	37.5	24.7
15	USC	35.8	42.7	50.0	38.0	32.6	31.0
16	S Mississippi	35.7	39.0	24.0	33.6	37.0	37.1
17	Arkansas	35.6	30.0	29.0	44.2	29.4	35.8
18	Alabama	35.2	24.0	42.0	34.0	36.6	33.4
19	W Michigan	35.1	41.3	32.0	50.5	27.4	30.8
20	Washington	33.7	38.3	56.0	36.7	30.7	21.8
21	Kansas St	33.6	21.0	16.0	32.8	34.3	32.4
22	Clemson	33.5	28.0	33.0	40.3	27.6	21.2
23	Michigan	33.3	36.0	23.0	38.4	25.2	32.0
24	Tulsa	33.1	31.3	21.0	37.3	29.4	41.4
25	Texas Tech	32.4	25.0	42.0	24.4	39.0	30.5
26	Air Force	32.2	43.7	41.0	26.4	37.0	28.0
27	Arizona St	31.9	29.7	24.0	38.0	25.8	29.2
28	GA Tech	31.9	27.3	27.0	32.7	31.2	24.8
29	Utah State	31.9	22.7	23.0	33.8	30.6	20.5
30	LA Lafayette	31.8	30.0	32.0	33.5	31.0	22.3
31	Nevada	31.7	30.0	17.0	41.5	23.3	40.4
32	Michigan St	31.2	34.3	33.0	40.0	23.7	28.2
33	Arkansas St	30.8	36.7	20.0	38.6	25.1	30.0
34	Ohio	30.5	21.7	24.0	27.4	32.5	27.0
35	Cincinnati	30.1	32.0	31.0	36.8	25.3	25.9
36	Georgia	29.9	23.7	30.0	38.6	24.5	30.2
37	Missouri	29.8	32.0	41.0	28.2	31.0	28.2
38	Arizona	29.8	35.0	45.0	31.0	28.8	26.2
39	Temple	29.7	37.7	37.0	26.2	33.2	24.5
40	Hawaii	29.4	25.3	20.0	31.0	27.8	37.5
41	Notre Dame	29.2	14.7	14.0	34.9	22.7	26.3
42	S Carolina	29.2	27.0	30.0	27.2	31.2	30.4
43	Navy	28.7	25.0	27.0	36.5	24.3	31.1
44	Fresno St	28.7	25.3	28.0	22.2	33.3	28.2
45	LA Tech	28.6	30.7	24.0	35.5	25.1	27.4
46	Nebraska	28.2	16.7	13.0	32.7	23.8	31.9
47	San Diego St	28.2	32.0	30.0	31.3	25.0	34.0
48	Texas	28.1	24.0	21.0	30.8	25.7	23.8
49	Florida St	28.0	17.3	18.0	26.3	29.7	29.2
50	BYU	27.9	35.7	24.0	29.0	26.8	26.2
51	Northwestern	27.8	22.3	22.0	24.2	30.4	25.5
52	Iowa	27.0	17.3	14.0	34.5	19.5	28.2
53	N Carolina	26.8	27.3	24.0	29.3	24.3	25.7
54	Wash State	26.7	28.3	21.0	34.2	22.4	19.3
55	NC State	26.3	41.3	31.0	35.8	18.3	30.5
56	E Carolina	26.2	27.3	27.0	26.3	26.2	36.8
57	TX El Paso	26.2	21.3	14.0	27.2	25.3	25.6
58	S Florida	25.5	18.0	27.0	29.5	20.8	21.2
59	California	25.4	28.3	10.0	26.4	24.7	23.5
60	Ball State	25.3	33.0	28.0	27.0	24.1	21.4
61	Vanderbilt	25.2	28.7	24.0	32.0	18.3	16.9
62	VA Tech	25.0	22.7	20.0	24.2	25.5	35.2
63	Florida Intl	25.0	23.0	10.0	30.0	20.7	28.8
64	Auburn	24.9	21.3	43.0	30.8	19.0	39.6
65	North Texas	24.8	39.3	59.0	32.7	17.0	23.9
66	Utah	24.8	24.7	30.0	20.0	28.3	33.1
67	Miami (FL)	24.8	14.0	17.0	26.5	22.8	24.8
68	S Methodist	24.7	20.7	28.0	31.0	20.1	25.7
69	Rutgers	24.6	23.0	27.0	27.3	21.8	19.9
70	N Mex State	24.5	9.3	21.0	28.0	21.6	15.7
71	San Jose St	24.5	29.0	27.0	26.4	23.1	16.4
72	Ohio State	24.5	21.7	17.0	27.7	20.7	38.8
73	Syracuse	24.5	16.7	20.0	27.3	21.0	18.9
74	Purdue	24.2	30.3	37.0	25.0	23.5	18.6
75	Wake Forest	24.2	18.3	17.0	23.5	24.8	20.0
76	Central FL	23.9	30.3	31.0	27.0	21.3	31.6
77	LA Monroe	23.6	28.3	26.0	26.5	22.0	20.8
78	Bowling Grn	23.6	28.0	42.0	20.6	26.2	21.2
79	W Kentucky	23.5	27.0	41.0	25.8	21.7	22.8
80	Wyoming	23.5	17.0	15.0	26.5	21.9	18.4
81	Rice	23.3	16.3	24.0	26.4	21.1	28.7
82	Pittsburgh	23.3	19.7	6.0	28.0	16.8	25.3
83	Connecticut	23.3	29.0	27.0	25.8	20.2	23.4
84	Florida	23.1	14.3	24.0	26.0	20.2	28.3
85	UCLA	23.1	15.0	14.0	30.0	17.9	20.2
86	Iowa State	22.9	14.0	13.0	25.0	21.4	21.2
87	Miss State	22.8	23.7	23.0	16.4	27.4	27.3
88	Central Mich	22.7	22.0	17.0	30.2	18.4	23.6
89	Maryland	22.6	24.0	41.0	24.2	20.8	29.8
90	Duke	22.6	24.3	21.0	23.7	21.4	23.8
91	Troy	22.4	22.0	14.0	27.8	18.6	34.1
92	Middle Tenn	22.2	14.7	7.0	24.8	19.7	24.0
93	Army	22.1	15.7	21.0	28.7	19.6	26.4
94	Louisville	22.0	30.7	24.0	17.4	25.3	26.7
95	Marshall	21.8	25.7	20.0	30.6	16.4	20.8
96	Virginia	21.8	12.7	24.0	19.0	24.7	22.2
97	Miami (OH)	21.3	18.7	14.0	25.8	16.8	21.6
98	Oregon St	21.3	21.7	21.0	27.0	16.5	24.4
99	Buffalo	21.0	32.0	28.0	30.0	13.5	12.6
100	Kansas	20.5	15.7	10.0	29.4	13.2	18.4
101	Colorado St	20.4	16.7	19.0	19.8	20.8	16.5
102	UAB	20.2	36.7	35.0	17.2	22.3	26.3
103	E Michigan	20.0	21.3	12.0	26.5	15.7	19.0
104	Indiana	19.9	16.0	25.0	24.8	15.8	25.0
105	Illinois	19.8	14.7	20.0	21.3	17.8	32.3
106	Colorado	19.8	23.7	17.0	25.4	16.2	24.2
107	Tulane	18.9	15.7	23.0	15.6	21.3	24.7
108	Tennessee	18.4	13.7	7.0	22.7	10.8	25.1
109	Idaho	18.1	17.3	3.0	21.2	15.5	25.1
110	Minnesota	17.9	17.7	27.0	21.0	14.2	21.8
111	Penn State	17.5	13.7	14.0	17.5	17.5	22.9
112	UNLV	17.4	13.3	9.0	28.2	11.1	18.4
113	Boston Col	15.7	17.3	24.0	15.2	16.2	16.8
114	Kent State	15.6	26.3	16.0	18.8	13.0	19.5
115	Memphis	15.3	21.3	7.0	17.6	13.3	14.4
116	Kentucky	13.8	9.3	10.0	18.3	8.4	29.8
117	Mississippi	13.7	4.3	3.0	11.2	16.8	29.0
118	Fla Atlantic	12.9	15.0	0.0	14.6	11.7	16.8
119	Akron	12.2	10.7	19.0	13.0	11.5	13.6
120	New Mexico	9.0	10.3	0.0	14.4	4.5	15.8
