1	LA Tech	51.5	48.7	43.0	55.5	47.5	28.6
2	Oregon	48.5	32.3	35.0	47.3	49.7	45.3
3	Baylor	44.2	47.3	49.0	42.8	45.1	45.1
4	Oklahoma St	42.5	46.7	58.0	47.0	38.0	48.7
5	Texas A&M	41.9	43.0	41.0	38.2	44.0	39.1
6	Clemson	41.0	34.7	25.0	43.5	38.5	33.5
7	Marshall	39.9	44.7	59.0	32.2	46.3	21.8
8	W Virginia	39.2	34.7	14.0	47.1	28.2	36.2
9	N Illinois	38.8	34.3	10.0	44.8	35.1	37.6
10	N Carolina	38.6	44.0	45.0	46.5	29.2	26.8
11	Fresno St	38.0	36.7	10.0	51.2	28.6	28.7
12	Kansas St	37.8	27.7	17.0	47.3	28.3	33.6
13	Alabama	37.6	35.0	32.0	36.5	38.7	34.0
14	Nevada	37.2	33.3	48.0	32.2	40.9	31.7
15	Georgia	37.2	38.3	45.0	46.5	29.3	29.9
16	Ohio State	37.2	33.0	26.0	40.1	31.2	24.5
17	Texas Tech	36.9	33.3	34.0	37.7	36.2	32.4
18	Arizona	36.7	39.0	49.0	42.7	28.2	29.8
19	Arizona St	36.3	49.7	62.0	38.4	34.9	31.9
20	Texas	35.7	22.7	31.0	38.2	33.6	28.1
21	Oklahoma	35.6	29.3	13.0	35.4	35.7	39.5
22	Florida St	35.5	26.0	31.0	45.2	28.6	28.0
23	Central FL	35.4	38.0	38.0	36.3	34.8	23.9
24	LA Lafayette	35.1	43.3	43.0	39.8	31.7	31.8
25	Utah State	35.0	44.7	41.0	37.2	33.4	31.9
26	Tennessee	34.8	34.3	37.0	36.7	32.6	18.4
27	UCLA	34.4	22.3	26.0	33.6	35.3	23.1
28	San Jose St	33.9	33.7	29.0	34.0	33.9	24.5
29	LA Monroe	33.8	26.3	14.0	36.2	32.4	23.6
30	Ball State	33.6	33.3	17.0	34.6	33.0	25.3
31	Arkansas St	33.2	34.3	17.0	34.4	32.3	30.8
32	Kent State	32.5	26.0	13.0	37.2	30.3	15.6
33	Houston	32.4	29.3	40.0	33.9	30.4	48.8
34	Tulsa	32.3	30.3	31.0	31.5	33.0	33.1
35	S Carolina	32.2	32.7	33.0	39.8	24.5	29.2
36	USC	32.1	16.0	7.0	38.0	27.0	35.8
37	Nebraska	31.8	25.0	31.0	35.7	28.6	28.2
38	Rice	31.8	34.0	33.0	37.8	28.1	23.3
39	Cincinnati	31.6	36.3	48.0	30.2	32.8	30.1
40	GA Tech	31.6	15.3	21.0	36.0	27.9	31.9
41	San Diego St	31.5	25.3	6.0	36.3	26.7	28.2
42	Indiana	31.4	23.7	35.0	30.6	32.0	19.9
43	E Carolina	31.2	42.3	34.0	42.0	23.4	26.2
44	Northwestern	31.2	35.7	34.0	32.5	29.8	27.8
45	Toledo	31.0	24.7	15.0	33.6	29.1	40.9
46	Louisville	30.8	24.3	33.0	32.8	28.8	22.0
47	Miami (FL)	30.8	44.0	52.0	29.6	31.8	24.8
48	Ohio	30.7	26.0	45.0	36.4	26.6	30.5
49	Troy	30.6	32.0	21.0	31.2	30.0	22.4
50	Boise State	30.2	32.3	28.0	26.5	33.4	44.2
51	Syracuse	30.2	35.7	38.0	35.0	27.8	24.5
52	Mississippi	30.0	38.0	38.0	32.3	27.7	13.7
53	Wisconsin	29.8	35.0	14.0	24.8	34.1	43.0
54	Michigan	29.8	30.3	28.0	38.5	22.4	33.3
55	Duke	29.7	34.3	34.0	37.3	22.0	22.6
56	Penn State	29.1	30.7	24.0	29.0	29.2	17.5
57	LSU	29.1	28.3	24.0	37.6	17.2	34.7
58	Oregon St	28.8	37.7	27.0	28.7	29.0	21.3
59	S Methodist	28.8	30.7	43.0	34.0	23.5	24.7
60	Central Mich	28.1	32.0	24.0	24.3	31.8	22.7
61	Stanford	27.9	27.3	20.0	31.9	23.9	43.2
62	TX-San Ant	27.8	33.0	38.0	26.3	28.6	--
63	Vanderbilt	27.7	44.7	38.0	27.4	27.9	25.2
64	Texas State	27.5	35.7	66.0	38.0	18.7	10.0
65	BYU	27.3	29.0	23.0	31.8	24.1	27.9
66	Wyoming	27.3	28.0	28.0	29.0	25.8	23.5
67	W Michigan	27.3	29.7	23.0	31.2	24.0	35.1
68	Miss State	27.2	29.7	20.0	33.7	20.8	22.8
69	Middle Tenn	27.1	14.7	0.0	27.5	26.9	22.2
70	Purdue	27.1	30.0	14.0	32.8	21.3	24.2
71	Florida	26.8	29.0	23.0	27.3	26.2	23.1
72	Notre Dame	26.8	27.0	22.0	22.8	30.7	29.2
73	W Kentucky	26.4	24.3	21.0	33.2	21.6	23.5
74	Army	26.2	17.3	13.0	28.4	22.2	22.1
75	UAB	26.1	23.7	24.0	30.6	22.3	20.2
76	NC State	26.1	33.0	24.0	23.6	27.9	26.3
77	TX Christian	26.0	17.7	16.0	26.0	26.0	39.7
78	Air Force	25.6	16.7	14.0	32.0	21.0	32.2
79	Utah	25.4	27.0	42.0	34.8	17.5	24.8
80	Memphis	25.1	41.7	42.0	28.0	22.7	15.3
81	Florida Intl	25.0	26.3	17.0	22.5	27.5	25.0
82	Pittsburgh	24.9	23.7	17.0	36.0	18.6	23.3
83	Navy	23.7	22.0	28.0	19.0	26.0	28.7
84	VA Tech	23.7	20.0	13.0	27.4	21.0	25.0
85	Iowa State	23.5	30.7	17.0	25.2	21.8	22.9
86	Temple	23.1	31.0	20.0	20.8	25.4	29.7
87	Miami (OH)	22.7	24.0	24.0	26.5	20.6	21.3
88	UNLV	22.7	14.7	10.0	31.2	14.2	17.4
89	Missouri	22.5	35.7	29.0	21.5	23.6	29.8
90	Akron	22.5	20.3	23.0	18.8	25.5	12.2
91	Colorado St	22.5	23.7	24.0	25.0	20.3	20.4
92	New Mexico	22.4	22.3	20.0	28.6	18.0	9.0
93	E Michigan	22.0	22.3	7.0	29.4	15.8	20.0
94	Fla Atlantic	21.7	27.3	21.0	23.2	20.9	12.9
95	Washington	21.7	30.7	26.0	21.2	22.0	33.7
96	Tulane	21.4	21.0	17.0	24.9	16.6	18.9
97	Maryland	21.3	20.7	38.0	17.0	24.8	22.6
98	Arkansas	21.2	15.7	13.0	22.3	19.8	35.6
99	TX El Paso	21.2	27.3	24.0	20.0	22.3	26.2
100	Rutgers	21.1	11.0	10.0	22.0	20.4	24.6
101	Virginia	20.9	22.7	14.0	23.2	18.2	21.8
102	Bowling Grn	20.8	21.7	20.0	25.4	17.6	23.6
103	California	20.5	14.7	14.0	19.5	21.8	25.4
104	Minnesota	20.2	18.3	31.0	20.8	19.7	17.9
105	Wash State	20.1	24.7	31.0	29.5	14.7	26.7
106	Michigan St	20.0	21.0	17.0	17.0	23.5	31.2
107	North Texas	19.7	21.3	24.0	20.0	19.6	24.8
108	S Mississippi	19.7	21.0	24.0	20.2	19.2	35.7
109	S Florida	19.4	7.3	3.0	16.4	21.8	25.5
110	S Alabama	19.2	16.3	7.0	22.0	17.3	19.0
111	Iowa	18.6	16.0	7.0	18.8	18.4	27.0
112	Boston Col	18.5	13.0	10.0	22.4	15.3	15.7
113	Wake Forest	18.4	9.0	21.0	27.7	7.2	24.2
114	Hawaii	18.2	26.0	23.0	26.4	11.3	29.4
115	Buffalo	18.1	21.7	7.0	17.8	18.3	21.0
116	Connecticut	17.8	21.3	17.0	20.5	15.0	23.3
117	Kansas	17.1	22.3	10.0	16.8	17.3	20.5
118	Idaho	17.0	16.3	9.0	25.8	12.0	18.1
119	Colorado	16.9	23.0	35.0	13.8	19.5	19.8
120	Kentucky	16.5	9.0	17.0	22.2	9.6	13.8
121	N Mex State	15.9	16.3	28.0	12.6	18.7	24.5
122	Auburn	15.7	14.0	0.0	18.5	12.4	24.9
123	Illinois	14.2	11.3	14.0	15.3	12.8	19.8
124	U Mass	12.7	20.7	21.0	16.0	10.3	17.0
