1	Florida St	52.9	54.0	45.0	59.0	46.8	35.5
2	Baylor	51.0	37.7	42.0	59.2	42.8	44.2
3	Oregon	43.8	27.3	30.0	49.7	37.8	48.5
4	Fresno St	43.6	32.0	20.0	44.2	43.0	38.0
5	Ohio State	43.2	33.7	35.0	42.0	44.1	37.2
6	Texas A&M	42.5	27.7	52.0	48.7	33.8	41.9
7	Marshall	41.2	38.0	31.0	52.4	34.1	39.9
8	N Illinois	39.4	24.7	14.0	41.8	38.3	38.8
9	E Carolina	39.2	35.7	37.0	43.4	36.1	31.2
10	Arizona St	38.5	31.7	23.0	43.3	33.0	36.3
11	Auburn	38.3	45.3	59.0	35.0	43.0	15.7
12	Clemson	38.0	37.3	40.0	37.4	38.5	41.0
13	Missouri	37.7	37.0	41.0	33.0	41.7	22.5
14	Ball State	37.5	34.0	20.0	39.4	36.1	33.6
15	Oklahoma St	37.4	34.7	31.0	34.4	39.6	42.5
16	Alabama	37.2	26.3	31.0	39.3	35.2	37.9
17	UCLA	36.9	36.7	42.0	45.5	29.6	34.4
18	Washington	36.4	42.3	31.0	36.7	36.2	21.7
19	Colorado St	36.4	35.3	48.0	42.4	32.6	22.5
20	Georgia	36.0	39.7	19.0	43.0	31.0	37.2
21	Boise State	35.4	33.0	23.0	45.8	28.0	30.2
22	Indiana	35.3	24.3	56.0	42.3	23.0	31.4
23	LSU	34.8	28.7	21.0	36.3	33.2	29.1
24	Central FL	34.6	30.7	52.0	34.7	34.6	35.4
25	Louisville	34.4	30.3	36.0	37.3	31.5	30.8
26	Kansas St	34.2	31.0	31.0	35.7	32.2	37.8
27	Oregon St	33.8	33.3	38.0	26.0	39.4	28.8
28	Bowling Grn	33.8	32.7	27.0	33.4	34.0	20.8
29	Wisconsin	33.8	22.7	24.0	37.2	30.3	29.8
30	Texas Tech	33.7	29.0	37.0	31.0	35.6	36.9
31	Arizona	33.3	35.0	42.0	31.6	34.6	36.7
32	San Jose St	33.2	43.3	62.0	41.4	26.3	33.9
33	Toledo	33.0	32.3	29.0	43.0	24.7	31.0
34	Oklahoma	32.8	39.7	45.0	34.5	31.4	35.6
35	New Mexico	32.8	29.0	17.0	36.3	29.2	22.4
36	Stanford	32.3	28.3	20.0	35.3	29.3	27.9
37	Michigan	32.2	25.3	14.0	41.0	22.0	29.8
38	Navy	32.1	38.7	24.0	34.0	31.1	23.7
39	North Texas	31.8	30.3	36.0	31.7	32.0	19.7
40	Duke	31.8	27.3	48.0	38.0	26.6	29.7
41	Troy	31.2	33.0	42.0	36.8	28.0	30.6
42	S Carolina	31.1	28.0	34.0	30.2	32.0	32.2
43	Wyoming	30.9	24.3	7.0	34.2	28.2	27.3
44	Houston	30.8	25.0	24.0	38.3	28.2	32.4
45	LA Lafayette	30.8	20.0	24.0	41.5	25.4	35.1
46	Buffalo	30.7	25.0	24.0	36.2	27.9	18.1
47	San Diego St	30.7	34.0	49.0	35.6	27.1	31.5
48	Miami (FL)	30.2	31.7	9.0	32.2	28.3	30.8
49	S Alabama	30.2	34.7	30.0	30.2	30.2	19.2
50	Mississippi	29.9	15.0	25.0	36.5	23.3	30.0
51	USC	29.7	35.3	45.0	21.4	38.0	32.1
52	Nebraska	29.7	21.3	24.0	32.1	26.2	31.8
53	Rice	29.6	21.7	7.0	32.7	27.4	31.8
54	Wash State	29.6	37.0	45.0	30.6	28.9	20.1
55	Vanderbilt	29.4	26.0	41.0	31.8	27.0	27.7
56	Texas	29.3	19.3	7.0	33.2	26.0	35.7
57	UNLV	29.2	33.3	14.0	29.3	29.2	22.7
58	Cincinnati	29.2	21.7	17.0	34.6	25.4	31.6
59	GA Tech	29.1	27.3	17.0	29.8	28.5	31.6
60	Utah State	28.8	24.3	21.0	26.4	30.4	35.0
61	N Carolina	28.8	32.7	39.0	33.0	24.5	38.6
62	Penn State	28.7	32.0	31.0	34.6	20.4	29.1
63	Illinois	28.5	29.7	34.0	33.2	23.0	14.2
64	W Kentucky	28.4	31.0	34.0	24.8	30.4	26.4
65	Boston Col	28.0	26.3	19.0	35.6	22.6	18.5
66	BYU	27.8	19.0	16.0	33.0	24.0	27.3
67	Middle Tenn	27.7	32.0	6.0	36.2	21.6	27.1
68	Hawaii	27.4	42.0	49.0	29.2	25.7	18.2
69	Michigan St	27.4	24.0	24.0	24.3	30.0	20.0
70	Notre Dame	27.2	24.0	29.0	23.5	30.4	25.8
71	W Virginia	26.5	34.3	44.0	36.4	18.3	39.2
72	Ohio	26.5	28.0	20.0	31.5	21.5	30.7
73	Fla Atlantic	26.4	39.0	21.0	33.6	21.3	21.7
74	Arkansas St	26.4	29.7	23.0	33.8	21.1	33.2
75	S Methodist	26.4	9.7	13.0	37.0	17.5	28.8
76	Iowa	26.2	25.3	14.0	25.0	27.3	18.6
77	Nevada	26.1	26.0	23.0	31.8	21.3	37.2
78	Miss State	25.8	28.3	44.0	26.8	24.7	27.2
79	Rutgers	25.6	21.3	16.0	23.5	27.7	21.1
80	TX-San Ant	25.6	20.3	30.0	29.3	21.8	27.8
81	Pittsburgh	25.6	26.0	30.0	27.0	24.2	24.9
82	Utah	25.5	27.3	24.0	29.2	21.0	25.4
83	Minnesota	25.4	9.0	17.0	27.7	23.2	20.2
84	Northwestern	25.4	20.7	37.0	26.3	24.2	31.2
85	Iowa State	25.3	32.0	52.0	25.8	24.8	23.5
86	Temple	24.5	32.7	41.0	22.0	26.7	23.1
87	Maryland	24.4	29.0	20.0	25.2	23.9	21.3
88	Army	24.1	22.0	7.0	24.5	23.9	26.2
89	Tulane	24.0	26.3	21.0	31.6	18.6	21.4
90	UAB	23.9	25.0	27.0	26.2	22.6	26.1
91	TX Christian	23.9	30.0	38.0	29.4	19.3	26.0
92	Texas State	23.5	18.7	28.0	24.0	23.2	27.5
93	Air Force	23.5	23.7	13.0	22.7	24.4	25.6
94	Central Mich	23.2	35.3	42.0	28.2	20.3	28.1
95	NC State	22.8	23.3	21.0	25.7	17.8	26.1
96	Colorado	22.4	29.0	17.0	26.5	19.7	16.9
97	Tennessee	21.9	20.0	27.0	28.3	14.2	34.8
98	TX El Paso	21.8	17.7	17.0	27.2	17.9	21.2
99	California	21.7	21.7	13.0	26.5	16.0	20.5
100	Kent State	21.1	25.0	44.0	22.8	20.1	32.5
101	Tulsa	21.1	22.7	10.0	22.8	19.3	32.3
102	Connecticut	20.8	33.7	45.0	22.5	18.8	17.8
103	VA Tech	20.7	17.3	12.0	21.8	19.9	23.7
104	Syracuse	20.1	23.7	21.0	25.8	16.0	30.2
105	LA Monroe	19.9	19.7	31.0	19.0	20.4	33.8
106	N Mex State	19.7	22.7	24.0	22.5	16.4	15.9
107	Arkansas	19.7	22.7	27.0	23.0	17.0	21.2
108	Memphis	19.4	16.0	10.0	22.2	16.0	25.1
109	Akron	18.8	20.3	31.0	20.8	17.2	22.5
110	Florida	18.7	12.7	7.0	21.8	16.2	26.8
111	LA Tech	18.5	12.7	10.0	19.5	17.9	51.5
112	Georgia State	18.2	23.7	17.0	23.5	14.0	13.5
113	Kentucky	18.0	12.3	14.0	16.5	19.8	16.5
114	E Michigan	17.5	17.3	10.0	22.5	14.6	22.0
115	Wake Forest	17.2	15.0	21.0	21.0	14.0	18.4
116	Virginia	17.1	15.3	6.0	17.0	17.2	20.9
117	S Mississippi	17.1	30.0	62.0	16.0	17.9	19.7
118	W Michigan	16.6	22.7	14.0	13.2	18.6	27.3
119	Idaho	16.4	17.0	16.0	24.0	12.0	17.0
120	Purdue	14.5	24.3	36.0	14.2	14.8	27.1
121	Kansas	13.9	13.7	10.0	17.2	10.0	17.1
122	S Florida	13.1	10.7	6.0	12.7	13.6	19.4
123	U Mass	11.5	12.0	23.0	17.2	6.7	12.7
124	Miami (OH)	9.8	9.0	14.0	7.2	11.6	22.7
125	Florida Intl	9.5	8.7	6.0	10.8	8.3	25.0
