1	Baylor	46.9	45.0	38.0	50.6	43.8	51.0
2	TX Christian	46.7	45.7	55.0	47.8	45.4	23.9
3	Ohio State	45.2	47.7	59.0	47.4	42.7	43.2
4	Oregon	45.0	47.3	51.0	42.0	48.0	43.8
5	Marshall	44.8	38.3	26.0	43.5	46.2	41.2
6	W Kentucky	44.0	54.7	67.0	49.3	38.7	28.4
7	Michigan St	42.9	38.7	34.0	45.5	39.8	27.4
8	Georgia	40.5	40.3	24.0	41.3	39.4	36.0
9	Boise State	39.8	47.0	28.0	39.9	39.8	35.4
10	Oklahoma	38.9	40.3	35.0	34.2	43.7	32.8
11	LA Tech	38.4	42.0	23.0	54.2	30.5	18.5
12	Nebraska	38.0	28.3	37.0	40.3	35.2	29.7
13	GA Tech	36.9	31.0	35.0	31.6	40.7	29.1
14	California	36.7	27.3	35.0	30.4	42.0	21.7
15	Miss State	36.5	29.3	17.0	41.7	30.2	25.8
16	Arizona St	36.3	38.0	35.0	35.8	36.7	38.5
17	Auburn	36.3	29.7	44.0	45.0	25.8	37.8
18	Alabama	36.2	40.7	42.0	45.7	26.7	37.2
19	Arkansas St	36.0	42.3	68.0	38.8	33.7	26.4
20	E Carolina	35.8	37.7	30.0	42.0	30.7	39.2
21	Cincinnati	35.4	31.0	38.0	38.2	32.7	29.2
22	GA Southern	35.1	23.0	22.0	36.2	34.4	26.0
23	USC	35.1	35.7	49.0	44.0	26.2	29.7
24	Arizona	34.8	32.3	13.0	39.3	29.7	33.3
25	Colorado St	34.7	43.7	24.0	42.0	28.7	36.4
26	Florida St	34.6	27.0	37.0	29.2	40.0	51.5
27	Wisconsin	34.4	20.0	0.0	46.3	22.5	33.8
28	Kansas St	34.1	34.7	27.0	39.8	27.2	34.2
29	BYU	33.6	37.0	42.0	34.2	33.2	27.8
30	W Michigan	33.6	34.7	21.0	33.2	33.9	16.6
31	Notre Dame	33.0	27.3	14.0	35.7	30.3	27.2
32	UCLA	32.9	30.7	10.0	27.5	38.3	36.9
33	Navy	32.9	44.3	42.0	36.6	29.2	32.1
34	S Carolina	32.6	25.7	17.0	33.0	32.2	31.1
35	Toledo	32.6	34.3	52.0	33.8	31.7	33.0
36	UAB	32.5	29.0	45.0	33.2	31.8	23.9
37	N Carolina	32.3	30.7	7.0	28.6	35.3	28.8
38	Memphis	32.1	36.7	41.0	34.4	30.2	19.4
39	Old Dominion	31.9	33.0	31.0	25.4	37.3	30.2
40	Nevada	31.6	35.7	49.0	28.8	34.0	26.1
41	App State	31.4	39.0	45.0	35.2	28.8	6.0
42	W Virginia	31.3	24.3	37.0	31.4	31.2	26.5
43	Buffalo	31.2	36.7	41.0	31.2	31.2	30.7
44	Texas State	31.0	39.7	54.0	27.2	34.2	23.5
45	Texas A&M	30.9	28.3	17.0	24.6	36.2	42.5
46	Duke	30.7	25.7	41.0	30.8	30.6	31.8
47	N Illinois	30.2	34.3	51.0	28.0	31.4	39.4
48	Air Force	29.7	28.7	27.0	33.0	27.0	23.5
49	Louisville	29.5	37.7	44.0	31.2	28.2	34.4
50	Texas Tech	29.5	36.7	46.0	27.8	30.8	33.7
51	Wash State	29.4	27.7	13.0	32.5	25.6	29.6
52	LA Lafayette	29.3	30.7	42.0	28.8	29.7	30.8
53	Pittsburgh	28.9	33.3	35.0	26.2	32.2	25.6
54	Miami (FL)	28.9	20.7	23.0	35.7	20.8	30.2
55	Middle Tenn	28.9	28.0	21.0	32.6	25.8	27.7
56	Mississippi	28.8	20.7	31.0	33.2	23.6	29.9
57	NC State	28.7	33.3	35.0	31.7	25.2	22.8
58	Rice	28.7	25.3	31.0	31.8	26.4	29.6
59	Washington	28.5	31.3	31.0	29.8	27.2	36.4
60	Colorado	28.5	21.3	34.0	28.3	28.7	22.4
61	TX El Paso	28.3	24.0	24.0	34.0	22.7	21.8
62	Florida	28.3	24.3	19.0	32.2	24.4	18.7
63	Arkansas	28.3	20.3	14.0	31.4	25.7	19.7
64	Bowling Grn	28.2	20.3	17.0	29.8	27.1	33.8
65	Ball State	28.2	32.0	41.0	34.8	23.8	37.5
66	Minnesota	28.2	25.3	24.0	32.8	22.6	25.4
67	Iowa	28.0	29.3	34.0	30.8	24.6	26.2
68	Utah	27.8	22.7	38.0	29.4	26.5	25.5
69	Houston	27.7	34.7	31.0	26.5	29.2	30.8
70	New Mexico	27.7	25.7	36.0	28.3	27.0	32.8
71	U Mass	27.3	17.0	21.0	28.0	26.7	11.5
72	Maryland	27.0	25.3	38.0	30.4	24.2	24.4
73	Central FL	27.0	33.7	32.0	33.8	21.3	34.6
74	Missouri	26.5	21.0	13.0	21.7	31.3	37.7
75	Kentucky	26.5	29.0	40.0	32.0	19.8	18.0
76	Illinois	26.5	25.7	47.0	28.2	24.4	28.5
77	Utah State	26.3	29.3	19.0	34.6	20.4	28.8
78	Oklahoma St	26.3	24.3	38.0	28.4	24.5	37.4
79	Clemson	26.2	23.0	35.0	32.2	19.0	38.0
80	Tennessee	26.0	31.7	24.0	28.7	22.8	21.9
81	Fresno St	25.8	27.3	14.0	25.2	26.1	43.6
82	Central Mich	25.6	30.7	20.0	22.8	28.0	23.2
83	Oregon St	25.4	22.3	19.0	28.0	22.2	33.8
84	LSU	25.0	12.0	23.0	31.2	17.6	34.8
85	Idaho	25.0	22.0	28.0	23.4	26.3	16.4
86	Indiana	24.8	24.3	23.0	22.2	27.0	35.3
87	Tulsa	24.7	22.3	32.0	29.8	19.5	21.1
88	Boston Col	24.6	21.3	28.0	23.0	26.6	28.0
89	San Diego St	24.6	32.3	38.0	31.4	19.0	30.7
90	Rutgers	24.5	29.7	41.0	22.4	26.2	25.6
91	N Mex State	24.2	22.7	35.0	25.0	23.5	19.7
92	Virginia	24.1	23.3	20.0	28.2	19.2	17.1
93	Fla Atlantic	24.0	24.0	28.0	38.4	13.7	26.4
94	Iowa State	24.0	19.3	3.0	27.0	20.4	25.3
95	Stanford	23.9	28.7	31.0	26.8	21.5	32.3
96	Miami (OH)	23.5	19.3	21.0	22.0	24.7	9.8
97	Florida Intl	23.0	29.0	14.0	22.3	24.0	9.5
98	Northwestern	22.9	38.0	33.0	19.7	26.8	25.4
99	Purdue	22.8	15.3	16.0	21.8	24.0	14.5
100	UNLV	22.7	28.3	27.0	28.0	18.9	29.2
101	Army	22.7	21.7	24.0	26.8	19.4	24.1
102	North Texas	22.6	20.3	27.0	26.4	19.5	31.8
103	Texas	22.6	23.7	10.0	23.8	21.3	29.3
104	VA Tech	22.4	14.7	24.0	23.5	21.0	20.7
105	S Alabama	22.1	25.3	40.0	21.7	22.5	30.2
106	Wyoming	21.5	15.7	30.0	14.8	27.0	30.9
107	Georgia State	21.3	17.3	31.0	28.2	15.5	18.2
108	Michigan	20.9	18.0	28.0	25.4	14.6	32.2
109	Akron	20.9	26.0	24.0	23.4	18.8	18.8
110	Troy	20.6	34.0	23.0	28.0	14.5	31.2
111	Hawaii	20.4	23.7	21.0	25.5	15.3	27.4
112	LA Monroe	20.1	24.3	16.0	24.4	17.0	19.9
113	Temple	19.8	9.7	10.0	19.6	20.0	24.5
114	Penn State	19.8	18.0	10.0	22.6	15.8	28.7
115	Ohio	19.3	25.0	24.0	24.6	14.8	26.5
116	S Mississippi	18.4	17.0	24.0	21.0	16.2	17.1
117	San Jose St	17.3	4.7	7.0	18.5	16.6	33.2
118	TX-San Ant	17.1	17.7	34.0	15.7	18.5	25.6
119	Vanderbilt	16.8	9.0	17.0	21.0	9.5	29.4
120	Kent State	16.4	22.3	27.0	21.7	10.0	21.1
121	Kansas	16.4	16.7	13.0	21.6	12.0	13.9
122	Syracuse	16.2	8.0	7.0	14.6	17.5	20.1
123	S Florida	15.5	11.3	0.0	11.8	19.8	13.1
124	Connecticut	15.2	10.0	20.0	16.3	13.8	20.8
125	Tulane	14.3	5.3	3.0	11.4	16.7	24.0
126	Wake Forest	14.1	13.3	21.0	14.8	13.5	17.2
127	E Michigan	13.7	17.7	16.0	19.2	10.6	17.5
128	S Methodist	11.1	14.3	27.0	6.8	15.3	26.4
