1	Oregon	45.2	34.7	19.0	57.0	36.7	36.1
2	Boise State	45.1	35.7	26.0	47.7	42.9	42.8
3	Oklahoma St	44.2	41.7	36.0	49.4	38.2	26.1
4	Tulsa	41.4	49.7	62.0	47.2	37.3	26.8
5	Nevada	40.4	29.7	20.0	46.7	35.0	38.2
6	TX Christian	39.9	42.3	21.0	39.8	40.0	36.8
7	Auburn	39.6	35.3	22.0	43.4	35.2	30.8
8	Stanford	39.3	42.0	40.0	44.6	35.6	35.5
9	N Illinois	39.2	44.0	40.0	43.5	37.2	27.6
10	Wisconsin	39.1	45.7	19.0	45.3	32.8	30.8
11	Ohio State	38.8	29.3	31.0	44.9	29.0	29.0
12	Hawaii	37.5	51.0	35.0	40.6	34.0	22.6
13	Oklahoma	37.2	39.3	48.0	40.8	34.5	28.3
14	S Mississippi	37.1	45.7	28.0	44.6	31.7	31.3
15	E Carolina	36.8	32.0	20.0	40.5	33.6	26.8
16	Arkansas	35.8	31.7	26.0	39.2	33.4	35.0
17	VA Tech	35.2	31.0	12.0	42.5	29.0	31.8
18	Houston	34.9	28.7	20.0	35.6	34.3	41.2
19	Troy	34.1	40.0	48.0	31.8	35.5	33.7
20	San Diego St	34.0	39.0	35.0	34.8	33.2	22.3
21	Alabama	33.4	35.3	49.0	30.5	36.3	31.1
22	Utah	33.1	19.3	3.0	34.0	32.3	29.8
23	Kansas St	32.4	39.7	34.0	22.8	39.3	20.6
24	Illinois	32.3	36.3	38.0	32.4	32.3	22.3
25	Michigan	32.0	16.3	14.0	39.2	24.8	26.5
26	Nebraska	31.9	24.0	7.0	32.7	31.3	25.1
27	Central FL	31.6	21.3	10.0	31.8	31.4	26.0
28	Navy	31.1	26.7	14.0	33.0	30.1	27.5
29	USC	31.0	17.0	28.0	29.7	32.1	26.5
30	Baylor	30.9	22.7	14.0	38.0	25.9	16.5
31	W Michigan	30.8	41.3	41.0	28.2	33.0	24.7
32	NC State	30.5	27.7	23.0	34.0	28.0	25.4
33	Texas Tech	30.5	29.0	45.0	25.0	34.4	36.9
34	S Carolina	30.4	21.0	17.0	36.7	25.0	19.2
35	Georgia	30.2	26.3	6.0	41.0	22.4	28.2
36	Arkansas St	30.0	26.0	24.0	36.2	25.6	19.2
37	Texas A&M	29.8	19.0	24.0	28.5	31.2	32.8
38	Kentucky	29.8	20.7	10.0	40.7	18.8	25.2
39	Maryland	29.8	35.0	51.0	35.8	25.4	19.8
40	LSU	29.5	35.7	41.0	30.5	28.5	24.8
41	Florida St	29.2	30.0	26.0	28.5	29.9	31.0
42	Arizona St	29.2	32.7	30.0	35.2	25.2	19.8
43	Mississippi	29.0	24.3	23.0	34.7	22.2	26.7
44	Florida Intl	28.8	30.7	34.0	28.4	29.0	22.9
45	Rice	28.7	46.3	28.0	30.2	27.2	18.2
46	Florida	28.3	19.3	37.0	28.3	28.3	33.8
47	Iowa	28.2	22.7	27.0	31.3	25.2	23.7
48	Fresno St	28.2	21.7	17.0	28.3	28.2	32.4
49	Missouri	28.2	24.3	24.0	35.6	22.9	27.1
50	Michigan St	28.2	23.3	7.0	33.0	23.3	28.5
51	Air Force	28.0	32.3	14.0	33.8	23.9	26.2
52	Toledo	27.9	35.7	32.0	26.2	29.4	29.7
53	LA Tech	27.4	34.3	17.0	26.3	28.6	27.5
54	Miss State	27.3	38.0	52.0	28.5	26.2	23.8
55	Ohio	27.0	19.3	21.0	34.4	21.7	24.5
56	Louisville	26.7	27.0	31.0	26.0	27.3	17.0
57	Army	26.4	12.0	16.0	27.2	26.0	14.7
58	UAB	26.3	32.0	23.0	29.3	23.3	27.8
59	Notre Dame	26.3	26.7	33.0	26.1	26.5	30.1
60	Arizona	26.2	22.7	10.0	27.5	25.0	26.8
61	BYU	26.2	36.0	52.0	30.0	22.9	35.5
62	Cincinnati	25.9	32.0	10.0	31.7	19.0	36.0
63	S Methodist	25.7	22.0	14.0	24.7	26.7	29.1
64	N Carolina	25.7	26.3	30.0	24.4	26.6	20.6
65	TX El Paso	25.6	24.3	24.0	30.8	21.9	29.8
66	Northwestern	25.5	29.3	38.0	23.8	26.4	24.2
67	Pittsburgh	25.3	21.7	27.0	23.6	26.6	31.6
68	Idaho	25.1	24.7	26.0	24.8	25.3	32.7
69	Tennessee	25.1	25.0	27.0	24.7	25.5	29.3
70	Indiana	25.0	26.0	34.0	27.2	23.2	23.9
71	GA Tech	24.8	23.7	7.0	28.6	22.0	33.5
72	Miami (FL)	24.8	18.0	17.0	22.6	26.3	28.8
73	Tulane	24.7	30.3	23.0	25.2	24.2	13.7
74	W Virginia	24.7	25.7	7.0	31.0	18.3	25.6
75	Temple	24.5	18.0	3.0	24.8	24.2	30.0
76	Oregon St	24.4	18.7	20.0	28.5	20.3	31.2
77	Colorado	24.2	31.7	17.0	31.2	17.2	22.2
78	Middle Tenn	24.0	29.0	21.0	24.6	23.6	32.0
79	North Texas	23.9	33.7	41.0	27.2	20.7	26.6
80	Duke	23.8	18.3	19.0	22.8	25.0	23.7
81	Texas	23.8	28.0	17.0	24.7	22.4	39.3
82	Central Mich	23.6	31.3	31.0	19.2	26.1	32.8
83	California	23.5	13.3	13.0	29.5	16.2	26.6
84	Connecticut	23.4	25.7	20.0	33.8	16.0	29.4
85	Penn State	22.9	29.0	24.0	26.2	19.7	26.9
86	W Kentucky	22.8	25.3	14.0	19.8	25.0	21.6
87	LA Lafayette	22.3	21.0	23.0	22.2	22.4	20.4
88	Virginia	22.2	14.3	7.0	23.8	20.6	19.8
89	Washington	21.8	23.3	19.0	22.5	21.3	26.1
90	Minnesota	21.8	24.3	27.0	21.7	22.0	21.3
91	Miami (OH)	21.6	28.0	35.0	24.4	20.0	15.6
92	Ball State	21.4	26.0	21.0	28.0	17.0	19.5
93	Bowling Grn	21.2	14.0	7.0	20.8	21.6	28.5
94	Iowa State	21.2	14.7	0.0	27.3	13.8	19.4
95	S Florida	21.2	23.3	31.0	19.7	22.7	22.3
96	Clemson	21.2	21.0	26.0	22.5	19.8	29.8
97	Marshall	20.8	27.7	38.0	23.5	18.2	21.0
98	LA Monroe	20.8	23.7	22.0	25.2	17.2	22.6
99	Utah State	20.5	19.3	14.0	19.0	21.8	26.9
100	UCLA	20.2	18.3	14.0	20.8	19.5	22.0
101	Wake Forest	20.0	15.7	34.0	24.8	16.0	25.5
102	Rutgers	19.9	21.7	14.0	15.4	23.7	26.2
103	Kent State	19.5	19.7	28.0	25.4	14.7	19.4
104	Wash State	19.3	24.0	28.0	17.4	20.8	12.0
105	E Michigan	19.0	18.0	3.0	13.6	22.9	16.4
106	Syracuse	18.9	16.3	36.0	11.8	23.0	19.4
107	Purdue	18.6	26.0	31.0	22.0	14.6	27.8
108	UNLV	18.4	18.3	21.0	26.7	11.3	23.6
109	Kansas	18.4	8.0	7.0	25.5	9.8	27.6
110	Wyoming	18.4	30.3	44.0	21.6	15.7	17.4
111	Vanderbilt	16.9	14.3	13.0	17.1	16.6	13.7
112	Fla Atlantic	16.8	12.7	7.0	17.2	16.6	27.4
113	Boston Col	16.8	15.3	13.0	15.5	18.2	22.3
114	Colorado St	16.5	9.7	0.0	25.4	10.1	21.5
115	San Jose St	16.4	22.7	23.0	22.5	12.9	13.3
116	New Mexico	15.8	15.7	17.0	20.3	11.3	16.3
117	N Mex State	15.7	16.7	24.0	18.3	13.0	10.7
118	Memphis	14.4	15.0	17.0	16.3	12.5	20.1
119	Akron	13.6	22.0	22.0	12.6	14.5	17.3
120	Buffalo	12.6	11.3	14.0	7.8	16.7	22.6
