1	Texas Tech	475.3	364.0	497.0	428.3	530.2	388.9
2	Hawaii	386.4	369.0	527.0	411.0	357.7	371.6
3	NC State	348.1	393.0	481.0	302.2	394.0	252.2
4	Miami (OH)	338.2	445.0	--	308.4	356.8	275.6
5	Boise State	337.9	383.0	--	315.6	353.9	299.4
6	Oregon St	325.3	394.0	--	334.2	314.6	241.4
7	Akron	317.5	314.3	277.0	323.5	313.5	252.4
8	Connecticut	299.4	292.7	313.0	285.8	310.7	211.7
9	Oklahoma	292.7	270.3	102.0	289.7	295.0	203.8
10	LA Tech	292.2	238.0	344.0	353.5	261.5	302.8
11	W Michigan	292.0	286.7	262.0	311.2	281.0	249.4
12	USC	291.6	313.7	342.0	273.9	312.3	306.8
13	Bowling Grn	289.7	316.7	386.0	324.8	264.6	223.1
14	Pittsburgh	288.2	199.7	246.0	265.2	307.9	215.1
15	Mississippi	286.0	239.7	259.0	307.4	261.0	247.5
16	Clemson	282.2	297.3	246.0	280.2	284.2	242.8
17	Colorado	279.2	248.0	269.0	261.2	297.3	147.9
18	Arizona St	277.9	300.0	281.0	290.8	267.2	306.8
19	San Jose St	277.1	398.7	470.0	299.0	262.5	263.0
20	Toledo	275.9	236.7	184.0	352.2	212.3	251.4
21	Wash State	271.2	214.7	203.0	292.8	257.8	294.8
22	Michigan	270.8	279.0	271.0	228.6	320.0	232.8
23	Michigan St	270.0	242.7	156.0	305.5	263.5	228.6
24	Washington	269.7	264.3	183.0	234.6	294.7	346.2
25	Florida St	269.6	178.3	96.0	272.3	267.3	209.5
26	Wyoming	266.5	230.7	321.0	245.0	284.3	278.1
27	California	264.6	367.0	394.0	208.0	307.1	247.6
28	Louisville	261.2	272.5	--	259.8	262.5	226.5
29	Virginia	255.7	292.3	244.0	284.0	231.4	231.5
30	Oregon	252.9	228.0	376.0	239.7	264.3	228.3
31	Memphis	252.4	223.3	254.0	264.0	240.8	237.5
32	Colorado St	249.2	203.3	240.0	244.5	254.0	189.4
33	Tulane	249.1	242.0	227.0	249.6	248.7	204.6
34	Florida	246.9	230.7	268.0	270.8	229.9	270.7
35	Georgia	245.4	253.7	327.0	253.7	239.1	221.3
36	Kansas	244.2	241.0	243.0	197.0	267.9	202.1
37	N Carolina	243.9	213.0	203.0	214.5	273.3	266.0
38	Utah State	242.0	268.3	322.0	253.0	236.5	325.5
39	Houston	241.7	250.7	332.0	253.0	232.0	222.5
40	Marshall	235.3	123.7	119.0	249.8	227.0	354.7
41	LA Monroe	234.9	259.7	317.0	191.7	253.4	219.3
42	Idaho	234.4	247.7	250.0	282.2	202.5	285.6
43	Middle Tenn	232.7	257.3	306.0	226.2	238.2	155.9
44	Tennessee	232.5	261.3	384.0	224.9	241.3	202.7
45	Illinois	231.7	216.7	281.0	272.8	197.5	432.9
46	Rutgers	229.8	195.7	125.0	220.0	239.5	160.4
47	Ball State	229.6	270.0	211.0	217.8	239.5	181.3
48	Kent State	228.5	244.3	211.0	222.0	233.8	117.1
49	LSU	226.5	163.3	153.0	248.7	207.6	163.2
50	Maryland	226.0	274.0	381.0	246.2	211.6	194.5
51	Temple	225.0	201.7	171.0	222.2	226.8	176.6
52	Purdue	224.0	233.7	230.0	198.4	253.8	253.4
53	San Diego St	222.4	215.3	251.0	287.0	179.3	316.2
54	TX Christian	222.2	220.0	--	205.0	239.5	159.3
55	Boston Col	222.1	233.0	223.0	215.5	227.7	231.6
56	LA Lafayette	220.1	228.3	435.0	223.4	217.3	227.8
57	Cincinnati	219.0	297.3	336.0	210.0	226.5	260.6
58	Wisconsin	217.9	260.7	203.0	235.1	197.8	158.4
59	Nevada	217.5	201.3	127.0	213.6	220.8	293.9
60	UAB	216.6	194.0	153.0	246.0	195.6	184.5
61	N Illinois	215.1	216.7	159.0	196.8	225.6	184.6
62	BYU	215.0	166.0	41.0	205.4	221.9	260.8
63	Kansas St	214.2	197.0	294.0	196.3	229.6	168.2
64	Miami (FL)	214.2	148.3	157.0	213.6	215.2	290.9
65	Utah	214.0	177.7	124.0	240.8	187.2	215.8
66	Texas A&M	212.6	206.7	212.0	222.7	198.4	268.0
67	Army	207.2	217.0	115.0	230.3	187.4	176.6
68	Texas	206.6	193.3	196.0	209.1	203.7	242.2
69	Ohio State	206.1	248.0	189.0	178.0	251.0	173.2
70	Minnesota	205.5	239.7	172.0	189.4	224.2	182.6
71	TX El Paso	204.8	173.3	124.0	236.4	178.5	182.0
72	S Mississippi	202.8	193.0	144.0	206.5	199.7	187.3
73	Vanderbilt	202.7	143.3	66.0	185.2	223.8	132.4
74	Miss State	202.0	130.0	91.0	195.3	208.7	203.5
75	Kentucky	201.9	171.3	136.0	212.8	188.8	198.9
76	UCLA	201.7	209.3	96.0	203.7	200.0	229.6
77	Oklahoma St	200.7	225.7	307.0	213.2	188.2	250.2
78	Central FL	196.8	153.3	355.0	181.2	205.7	310.0
79	N Mex State	193.8	209.3	206.0	244.7	174.8	194.8
80	S Carolina	193.7	159.7	166.0	181.5	218.0	151.8
81	VA Tech	193.2	266.3	398.0	149.8	236.5	153.1
82	Fresno St	193.0	249.3	133.0	224.2	173.5	241.6
83	Alabama	191.6	197.3	258.0	184.9	202.4	190.2
84	Penn State	191.3	228.0	183.0	211.0	163.8	195.1
85	Tulsa	191.0	218.0	200.0	181.2	198.0	193.4
86	New Mexico	190.8	83.5	--	182.2	201.2	149.5
87	Arkansas	189.4	146.3	85.0	221.3	162.0	147.7
88	Stanford	187.2	194.3	231.0	198.5	180.7	178.2
89	Auburn	184.8	201.7	157.0	194.5	175.0	176.2
90	Arizona	183.7	211.7	339.0	183.0	184.6	283.0
91	Notre Dame	179.1	182.3	199.0	164.5	193.7	174.2
92	Iowa State	178.5	120.7	162.0	185.2	170.6	235.0
93	UNLV	177.2	162.0	170.0	198.7	155.7	207.5
94	S Florida	176.7	137.3	167.0	151.0	197.2	250.1
95	Syracuse	176.6	235.3	209.0	211.5	134.8	173.0
96	E Carolina	172.9	170.3	239.0	187.0	158.8	214.8
97	GA Tech	170.2	143.7	19.0	196.8	147.3	211.1
98	Duke	170.0	123.0	171.0	188.8	147.4	199.9
99	Baylor	169.7	163.7	219.0	181.3	155.8	228.4
100	Central Mich	169.2	192.7	233.0	183.2	159.8	162.4
101	Indiana	168.4	134.0	115.0	177.8	160.5	259.5
102	Northwestern	163.2	75.3	58.0	203.8	128.3	230.1
103	Iowa	161.2	148.7	170.0	181.9	137.0	210.3
104	Ohio	160.9	163.0	52.0	181.0	144.2	95.2
105	W Virginia	156.5	149.3	86.0	154.3	159.0	125.5
106	Missouri	155.8	139.3	155.0	151.6	158.9	203.2
107	Arkansas St	151.6	168.0	218.0	177.5	145.1	153.1
108	Wake Forest	151.0	189.3	108.0	137.1	170.4	166.9
109	North Texas	149.9	140.7	152.0	153.4	147.8	109.5
110	E Michigan	136.9	105.3	148.0	102.0	171.8	234.6
111	S Methodist	131.3	127.3	116.0	141.5	121.2	159.3
112	Buffalo	121.5	200.7	172.0	122.8	120.5	163.0
113	Troy	121.5	148.0	192.0	143.5	116.0	147.3
114	Nebraska	109.4	134.7	160.0	80.8	127.2	122.4
115	Air Force	106.4	94.7	95.0	89.2	120.7	97.0
116	Rice	80.3	110.0	61.0	62.8	89.1	99.2
117	Navy	78.5	69.7	40.0	73.8	81.3	103.4
