1	Hawaii	434.5	464.7	559.0	450.2	409.4	384.2
2	N Mex State	403.4	405.3	518.0	442.0	364.8	265.2
3	Texas Tech	366.7	349.3	445.0	424.0	325.7	372.0
4	BYU	323.0	404.7	375.0	309.2	334.9	315.1
5	TX El Paso	311.3	409.7	398.0	338.3	284.3	300.1
6	Purdue	290.1	302.0	264.0	251.7	323.0	241.7
7	Louisville	290.0	339.3	332.0	310.5	272.4	293.6
8	Kentucky	278.9	316.7	309.0	309.7	248.2	169.0
9	Houston	274.1	278.0	392.0	298.6	245.5	278.4
10	Missouri	271.4	341.7	359.0	277.7	265.2	224.5
11	Baylor	270.0	215.7	188.0	277.2	261.4	205.0
12	Tennessee	264.5	257.7	267.0	264.0	265.0	198.0
13	Notre Dame	264.1	213.3	148.0	277.7	248.2	330.2
14	USC	261.0	310.0	391.0	224.5	292.3	319.8
15	Wash State	259.8	252.7	328.0	269.0	250.5	273.8
16	S Carolina	255.2	332.7	323.0	277.0	233.5	220.8
17	LSU	251.7	255.0	332.0	248.2	257.2	225.4
18	California	248.6	209.3	235.0	255.5	241.7	193.5
19	Ball State	247.9	243.3	268.0	290.8	212.2	189.0
20	Tulane	247.0	129.0	78.0	292.0	214.9	222.7
21	Central Mich	245.9	274.0	162.0	190.2	276.9	260.1
22	Boston Col	245.0	220.0	242.0	232.2	257.8	242.8
23	Nebraska	244.6	228.7	126.0	304.0	193.7	227.3
24	Oregon	241.5	207.7	166.0	209.6	264.3	301.4
25	Oregon St	239.9	285.3	356.0	245.3	235.3	285.9
26	Pittsburgh	239.1	301.0	328.0	264.5	208.6	210.2
27	Iowa	239.0	269.3	274.0	224.8	253.2	257.1
28	Central FL	236.9	275.7	278.0	238.3	235.2	234.2
29	Florida St	233.8	230.7	325.0	210.4	271.2	266.8
30	E Carolina	232.6	188.7	263.0	260.5	208.7	256.0
31	Miami (OH)	231.6	197.3	180.0	224.0	237.0	291.7
32	Florida	231.2	230.3	214.0	267.0	200.4	226.7
33	Michigan St	227.6	264.3	291.0	214.4	246.0	295.5
34	Minnesota	227.0	257.7	263.0	274.6	193.0	221.7
35	Akron	226.7	211.0	132.0	204.8	242.3	277.6
36	Texas	222.9	236.3	308.0	229.8	216.0	237.2
37	Utah	222.0	284.0	240.0	252.2	200.4	294.5
38	Indiana	220.6	243.3	290.0	196.3	249.8	210.9
39	Colorado St	218.6	225.3	175.0	225.5	214.7	286.3
40	S Florida	218.2	215.3	130.0	226.6	212.1	147.5
41	UNLV	217.8	241.3	351.0	217.8	217.8	217.2
42	Tulsa	216.5	218.3	158.0	245.4	195.9	236.2
43	TX Christian	215.8	250.0	258.0	245.2	194.9	207.8
44	LA Tech	215.3	217.7	296.0	180.0	233.0	219.1
45	Memphis	215.2	206.3	218.0	167.2	272.8	124.2
46	Ohio State	214.7	181.7	35.0	251.4	171.8	225.7
47	Rice	214.1	263.0	305.0	206.8	217.3	103.3
48	Alabama	212.8	237.0	168.0	208.4	220.0	216.4
49	Wisconsin	210.2	247.3	206.0	199.5	220.8	228.4
50	Vanderbilt	208.0	284.3	109.0	164.0	244.7	280.4
51	Iowa State	206.4	180.7	153.0	--	206.4	232.9
52	N Illinois	206.2	175.3	80.0	244.6	178.7	234.4
53	Boise State	206.0	274.3	267.0	207.8	204.7	219.7
54	Kansas	205.0	168.0	162.0	185.5	228.4	192.7
55	Kansas St	203.2	232.7	131.0	207.6	197.0	201.4
56	Penn State	201.7	205.3	197.0	210.7	192.7	208.8
57	Oklahoma St	200.8	206.3	212.0	182.8	213.7	174.7
58	Cincinnati	200.6	263.0	221.0	180.2	221.0	211.2
59	UCLA	200.3	180.3	240.0	197.7	203.3	270.3
60	New Mexico	200.2	193.7	249.0	177.9	231.4	196.5
61	LA Monroe	198.1	195.7	244.0	220.7	189.6	202.9
62	NC State	195.6	180.7	186.0	205.7	183.6	181.5
63	Miami (FL)	195.2	201.7	272.0	159.3	231.2	215.5
64	Michigan	195.2	248.0	309.0	156.3	240.7	222.7
65	Washington	193.8	172.7	271.0	160.2	227.5	222.8
66	Arizona St	193.2	184.7	191.0	214.0	178.3	373.4
67	Clemson	193.1	203.0	272.0	168.4	221.8	230.8
68	Miss State	192.5	168.7	162.0	208.5	173.2	129.1
69	Oklahoma	191.6	191.7	233.0	230.0	162.8	177.6
70	Troy	191.4	172.0	228.0	191.8	191.2	162.3
71	Texas A&M	189.8	177.3	186.0	214.0	165.5	196.3
72	Idaho	189.7	113.0	131.0	218.2	173.4	257.3
73	S Methodist	189.4	208.7	137.0	219.8	164.0	175.6
74	Duke	187.8	219.7	291.0	206.3	165.6	121.5
75	Nevada	187.4	146.0	207.0	165.0	206.6	249.8
76	Georgia	186.5	173.0	129.0	200.8	172.2	229.0
77	Maryland	185.6	221.0	223.0	154.5	216.7	249.1
78	Marshall	185.5	189.7	129.0	222.2	164.6	194.5
79	W Michigan	184.8	235.3	260.0	169.4	194.5	244.4
80	UAB	184.5	236.7	289.0	177.5	191.5	298.2
81	San Jose St	184.1	201.3	209.0	201.0	167.2	192.0
82	Wyoming	179.0	132.0	197.0	172.8	185.2	245.7
83	Fla Atlantic	178.1	212.7	219.0	184.3	175.8	177.8
84	Buffalo	178.0	160.7	225.0	228.8	141.7	170.5
85	Florida Intl	176.2	171.7	225.0	176.8	175.9	227.2
86	VA Tech	174.3	181.7	147.0	193.1	148.0	190.2
87	Auburn	172.7	94.3	111.0	160.9	191.6	217.2
88	GA Tech	172.1	165.7	326.0	192.3	154.7	195.2
89	N Carolina	171.9	182.0	253.0	176.5	166.4	214.3
90	Arizona	170.9	156.7	135.0	193.7	143.6	226.7
91	E Michigan	170.5	153.7	67.0	131.8	189.9	223.3
92	Toledo	169.3	102.7	107.0	169.4	169.2	233.8
93	Bowling Grn	169.1	189.7	246.0	143.4	187.4	283.9
94	Northwestern	168.6	238.7	269.0	171.2	167.1	306.8
95	Stanford	166.8	178.3	204.0	159.6	172.0	234.5
96	Rutgers	166.8	230.7	268.0	137.2	188.0	231.1
97	Kent State	163.2	155.7	181.0	160.0	165.4	244.1
98	Temple	162.0	168.3	216.0	187.8	149.1	165.5
99	S Mississippi	158.8	160.3	160.0	140.6	170.2	244.8
100	Fresno St	158.2	155.3	215.0	165.2	151.2	265.3
101	Virginia	157.2	136.0	66.0	188.3	126.2	223.7
102	Syracuse	157.1	128.7	69.0	194.2	120.0	150.7
103	Middle Tenn	156.7	168.0	259.0	111.8	179.1	198.5
104	W Virginia	155.2	184.3	131.0	140.2	170.2	111.5
105	Illinois	154.9	98.0	65.0	185.7	118.0	196.5
106	Wake Forest	150.5	199.0	271.0	171.2	137.6	161.3
107	San Diego St	149.7	144.7	51.0	135.6	161.5	231.6
108	Arkansas	149.5	125.7	136.0	160.6	142.6	147.3
109	Arkansas St	144.6	155.3	132.0	157.5	138.1	179.8
110	Connecticut	140.3	152.3	89.0	160.5	116.0	142.0
111	Utah State	139.7	125.7	197.0	158.4	126.3	200.0
112	LA Lafayette	133.8	126.7	189.0	169.6	104.0	123.4
113	Ohio	132.6	149.0	177.0	115.8	140.1	118.5
114	Army	132.1	119.7	151.0	123.0	137.3	170.9
115	Mississippi	129.5	135.7	142.0	123.0	137.2	203.9
116	Colorado	124.8	158.7	131.0	131.6	119.2	222.8
117	North Texas	115.2	91.7	63.0	136.0	100.3	129.3
118	Air Force	101.2	157.7	44.0	117.0	85.5	170.7
119	Navy	58.9	42.3	81.0	40.5	68.1	116.5
