1	Texas Tech	399.7	365.0	520.0	402.4	397.7	475.3
2	Bowling Grn	342.9	389.7	365.0	335.0	347.4	289.7
3	Hawaii	341.7	408.7	405.0	373.0	279.0	386.4
4	Purdue	321.2	378.3	281.0	334.0	308.3	224.0
5	Arizona St	317.3	383.3	370.0	351.8	282.8	277.9
6	Rutgers	311.0	352.7	366.0	272.4	349.6	229.8
7	Oregon St	309.9	353.3	358.0	290.6	323.7	325.3
8	Toledo	298.4	264.0	203.0	348.4	267.1	275.9
9	Louisville	288.6	225.0	235.0	273.0	299.7	261.2
10	BYU	279.5	270.3	213.0	265.3	296.6	215.0
11	Miami (OH)	278.6	250.7	240.0	289.8	273.0	338.2
12	Connecticut	271.8	262.7	239.0	274.0	269.2	299.4
13	USC	271.5	325.7	330.0	287.7	257.7	291.6
14	Florida	271.1	272.7	262.0	275.7	266.5	246.9
15	W Michigan	269.8	268.7	339.0	311.2	242.2	292.0
16	TX Christian	264.5	241.7	280.0	291.0	232.8	222.2
17	Nevada	262.7	281.3	304.0	251.4	272.2	217.5
18	Boise State	262.7	272.7	196.0	261.7	264.0	337.9
19	Utah	262.2	252.0	328.0	273.0	251.5	214.0
20	Texas A&M	261.2	247.3	241.0	256.7	265.7	212.6
21	E Michigan	260.4	254.3	267.0	253.4	267.4	136.9
22	Middle Tenn	258.1	189.0	193.0	302.0	228.8	232.7
23	UAB	256.0	273.7	416.0	275.6	242.0	216.6
24	Colorado St	255.7	226.3	229.0	272.8	238.6	249.2
25	TX El Paso	253.9	334.3	328.0	257.0	251.3	204.8
26	Oklahoma	253.8	235.3	245.0	260.6	245.8	292.7
27	Houston	251.5	274.0	375.0	264.8	240.3	241.7
28	Memphis	250.0	222.0	324.0	250.5	249.7	252.4
29	Georgia	249.2	216.7	264.0	217.8	275.3	245.4
30	Pittsburgh	249.1	279.3	251.0	178.0	308.3	288.2
31	Stanford	247.3	216.3	156.0	263.8	227.4	187.2
32	Boston Col	244.5	228.3	249.0	222.0	257.3	222.1
33	Wash State	240.6	220.3	240.0	256.0	227.8	271.2
34	Iowa	240.1	268.7	287.0	263.0	217.2	161.2
35	San Diego St	240.0	212.0	175.0	231.8	245.5	222.4
36	Akron	239.5	316.0	436.0	321.0	171.7	317.5
37	Northwestern	238.4	239.3	319.0	216.2	260.7	163.2
38	Oregon	238.1	178.0	124.0	230.7	247.0	252.9
39	Wyoming	237.6	280.3	329.0	230.4	243.7	266.5
40	California	235.7	212.0	246.0	228.4	240.9	264.6
41	Tulane	235.1	248.0	112.0	259.0	211.2	249.1
42	Miami (FL)	234.4	244.7	171.0	256.3	212.5	214.2
43	Michigan	232.9	248.3	227.0	227.5	238.3	270.8
44	Kent State	232.9	306.0	426.0	197.2	256.7	228.5
45	LA Lafayette	227.6	170.3	195.0	181.2	264.6	220.1
46	Auburn	227.2	262.3	189.0	235.1	216.2	184.8
47	UCLA	225.1	226.0	185.0	224.5	225.7	201.7
48	N Mex State	223.6	326.3	332.0	246.2	205.4	193.8
49	Cincinnati	222.2	213.7	231.0	254.4	199.1	219.0
50	Michigan St	221.5	209.3	330.0	216.2	226.8	270.0
51	Temple	220.6	225.0	288.0	222.4	218.8	225.0
52	Notre Dame	218.1	193.7	217.0	261.2	175.0	179.1
53	Central Mich	217.9	257.3	208.0	186.8	238.7	169.2
54	Kansas	217.2	265.7	239.0	222.5	210.8	244.2
55	E Carolina	215.5	200.7	110.0	230.6	203.0	172.9
56	Colorado	215.0	201.7	333.0	237.3	195.9	279.2
57	Utah State	214.1	231.3	201.0	247.0	210.8	242.0
58	Tennessee	213.5	234.7	233.0	244.3	177.5	232.5
59	N Carolina	212.4	230.3	259.0	182.0	237.7	243.9
60	Baylor	211.8	173.7	130.0	200.6	223.0	169.7
61	Florida St	210.2	182.0	157.0	253.8	166.5	269.6
62	Arkansas	209.5	174.0	152.0	212.9	203.5	189.4
63	Ball State	209.0	252.7	397.0	218.6	201.0	229.6
64	S Methodist	208.7	221.7	234.0	211.6	206.3	131.3
65	Missouri	208.6	216.7	150.0	216.0	199.8	155.8
66	Marshall	208.6	223.0	137.0	186.6	224.3	235.3
67	Idaho	208.4	243.3	242.0	178.0	223.6	234.4
68	Arkansas St	206.4	156.0	101.0	184.0	219.1	151.6
69	Army	205.7	240.3	170.0	242.4	175.2	207.2
70	LA Monroe	204.0	249.0	172.0	210.0	201.0	234.9
71	LSU	201.8	160.7	228.0	193.0	214.2	226.5
72	S Carolina	200.2	140.7	131.0	267.3	119.6	193.7
73	N Illinois	199.8	133.0	146.0	164.8	219.9	215.1
74	NC State	198.6	187.0	227.0	189.0	208.2	348.1
75	Ohio	197.3	180.0	157.0	196.2	198.0	160.9
76	Mississippi	192.1	134.7	138.0	191.3	193.0	286.0
77	Washington	191.5	234.0	177.0	203.7	177.0	269.7
78	Vanderbilt	189.3	211.3	314.0	212.8	165.8	202.7
79	VA Tech	188.5	215.7	299.0	189.8	187.2	193.2
80	Iowa State	188.4	184.7	114.0	--	188.4	178.5
81	Clemson	188.0	175.3	151.0	207.8	164.2	282.2
82	Indiana	186.7	208.7	239.0	147.0	219.8	168.4
83	Nebraska	183.8	209.3	306.0	211.8	155.8	109.4
84	Central FL	183.0	198.0	337.0	237.4	137.7	196.8
85	Tulsa	182.7	126.3	76.0	191.8	175.2	191.0
86	GA Tech	182.7	208.3	229.0	181.6	183.7	170.2
87	S Mississippi	181.3	237.7	247.0	190.4	174.9	202.8
88	Virginia	180.6	148.0	162.0	180.2	181.0	255.7
89	Fresno St	179.9	211.3	235.0	167.2	187.1	193.0
90	Penn State	179.8	156.7	105.0	191.2	166.2	191.3
91	LA Tech	179.8	158.7	174.0	161.0	193.1	292.2
92	Minnesota	179.2	135.3	75.0	189.0	171.0	205.5
93	Maryland	178.5	156.0	164.0	172.0	186.4	226.0
94	Illinois	177.4	170.3	149.0	193.0	154.0	231.7
95	Kansas St	176.1	139.3	58.0	141.5	228.0	214.2
96	Ohio State	175.4	207.3	189.0	192.0	158.8	206.1
97	San Jose St	172.9	182.7	149.0	245.5	124.5	277.1
98	S Florida	172.7	180.0	206.0	179.2	166.2	176.7
99	Syracuse	170.8	186.3	231.0	171.8	170.0	176.6
100	Arizona	170.5	192.7	249.0	187.8	144.5	183.7
101	Kentucky	167.7	211.0	218.0	180.2	152.8	201.9
102	UNLV	167.5	182.3	216.0	200.0	140.3	177.2
103	Duke	167.0	187.7	181.0	184.5	155.3	170.0
104	Wisconsin	166.1	164.7	170.0	168.7	163.5	217.9
105	Texas	166.0	203.0	180.0	179.0	153.0	206.6
106	W Virginia	163.1	186.7	191.0	163.4	162.8	156.5
107	North Texas	155.8	163.3	134.0	184.2	139.6	149.9
108	Wake Forest	151.2	89.3	123.0	158.4	144.0	151.0
109	Air Force	148.4	140.0	203.0	150.5	145.2	106.4
110	Oklahoma St	143.5	122.3	137.0	161.5	125.5	200.7
111	Miss State	134.1	159.3	150.0	141.8	122.5	202.0
112	Alabama	133.5	194.3	243.0	143.0	122.0	191.6
113	Buffalo	121.5	103.7	35.0	138.2	107.5	121.5
114	New Mexico	119.1	130.0	207.0	126.2	114.0	190.8
115	Troy	115.9	122.0	122.0	108.2	120.3	121.5
116	Navy	106.1	120.3	124.0	113.0	99.2	78.5
117	Rice	75.3	108.7	72.0	76.0	74.7	80.3
