1	Hawaii	384.2	397.7	326.0	410.0	348.2	341.7
2	Arizona St	373.4	349.0	467.0	353.4	401.4	317.3
3	Texas Tech	372.0	255.3	226.0	379.0	367.3	399.7
4	Notre Dame	330.2	334.7	286.0	347.2	313.3	218.1
5	USC	319.8	271.3	365.0	343.2	299.7	271.5
6	BYU	315.1	280.0	352.0	341.4	293.2	279.5
7	Northwestern	306.8	269.7	416.0	305.0	308.5	238.4
8	Oregon	301.4	267.0	243.0	289.4	311.3	238.1
9	TX El Paso	300.1	296.3	192.0	289.8	308.7	253.9
10	UAB	298.2	234.0	278.0	340.8	269.8	256.0
11	Michigan St	295.5	264.3	233.0	282.3	311.2	221.5
12	Utah	294.5	334.0	381.0	329.2	259.8	262.2
13	Louisville	293.6	257.3	216.0	314.7	272.5	288.6
14	Miami (OH)	291.7	283.0	297.0	329.4	260.3	278.6
15	Colorado St	286.3	263.3	431.0	274.2	295.0	255.7
16	Oregon St	285.9	188.0	178.0	328.4	243.4	309.9
17	Bowling Grn	283.9	203.7	315.0	307.0	264.7	342.9
18	Vanderbilt	280.4	357.0	315.0	247.0	313.8	189.3
19	Houston	278.4	236.3	214.0	303.6	257.3	251.5
20	Akron	277.6	314.0	455.0	241.6	300.1	239.5
21	Wash State	273.8	283.0	283.0	225.2	322.4	240.6
22	UCLA	270.3	266.3	143.0	320.5	220.2	225.1
23	Florida St	266.8	256.0	258.0	262.6	269.7	210.2
24	Fresno St	265.3	325.3	213.0	255.6	272.3	179.9
25	N Mex State	265.2	343.0	306.0	270.0	260.5	223.6
26	Central Mich	260.1	389.7	327.0	248.8	269.5	217.9
27	Idaho	257.3	278.3	135.0	203.5	288.0	208.4
28	Iowa	257.1	315.7	346.0	261.0	253.8	240.1
29	E Carolina	256.0	244.7	286.0	269.6	244.7	215.5
30	Nevada	249.8	196.3	254.0	242.7	257.0	262.7
31	Maryland	249.1	279.7	235.0	257.4	242.2	178.5
32	Wyoming	245.7	240.0	346.0	255.0	238.0	237.6
33	S Mississippi	244.8	275.3	253.0	245.8	244.3	181.3
34	W Michigan	244.4	222.3	185.0	261.2	233.2	269.8
35	Kent State	244.1	134.7	7.0	209.2	267.3	232.9
36	Boston Col	242.8	223.7	256.0	263.5	222.0	244.5
37	Purdue	241.7	183.7	124.0	295.8	176.8	321.2
38	Texas	237.2	215.7	267.0	232.2	241.4	166.0
39	Tulsa	236.2	240.0	234.0	242.4	232.4	182.7
40	Stanford	234.5	269.7	347.0	240.6	228.4	247.3
41	N Illinois	234.4	148.7	110.0	183.0	263.7	199.8
42	Central FL	234.2	232.0	301.0	243.4	228.5	183.0
43	Toledo	233.8	256.0	304.0	217.8	243.0	298.4
44	Iowa State	232.9	254.0	254.0	--	232.9	188.4
45	San Diego St	231.6	270.3	421.0	239.2	224.0	240.0
46	Rutgers	231.1	234.0	374.0	222.4	238.3	311.0
47	Clemson	230.8	212.3	196.0	249.0	212.7	188.0
48	Georgia	229.0	195.7	277.0	244.0	216.1	249.2
49	Wisconsin	228.4	249.7	301.0	206.7	247.0	166.1
50	Nebraska	227.3	266.7	167.0	229.2	225.0	183.8
51	Florida Intl	227.2	196.7	314.0	223.7	229.0	220.7
52	Arizona	226.7	217.3	213.0	216.4	237.0	170.5
53	Florida	226.7	233.0	278.0	226.9	226.4	271.1
54	Ohio State	225.7	249.0	342.0	208.0	250.4	175.4
55	LSU	225.4	182.0	196.0	232.2	220.6	201.8
56	Missouri	224.5	213.7	301.0	199.7	249.3	208.6
57	Virginia	223.7	267.0	365.0	217.3	230.0	180.6
58	E Michigan	223.3	290.3	147.0	269.0	185.2	260.4
59	Washington	222.8	197.3	228.0	260.3	177.8	191.5
60	Colorado	222.8	125.0	107.0	256.0	194.3	215.0
61	Tulane	222.7	221.7	155.0	179.3	241.3	235.1
62	Michigan	222.7	234.0	270.0	213.4	235.6	232.9
63	Minnesota	221.7	233.7	263.0	218.2	225.2	179.2
64	S Carolina	220.8	190.7	266.0	233.4	203.0	200.2
65	Boise State	219.7	219.0	317.0	232.5	206.8	262.7
66	LA Tech	219.1	238.3	251.0	238.0	203.3	179.8
67	Auburn	217.2	178.0	137.0	224.7	208.2	227.2
68	UNLV	217.2	216.0	167.0	241.0	197.3	167.5
69	Alabama	216.4	205.7	275.0	238.0	186.2	133.5
70	Miami (FL)	215.5	185.0	100.0	218.7	212.3	234.4
71	N Carolina	214.3	244.3	160.0	238.3	185.4	212.4
72	Cincinnati	211.2	216.3	169.0	185.8	228.2	222.2
73	Indiana	210.9	189.7	169.0	170.0	251.8	186.7
74	Pittsburgh	210.2	207.3	308.0	183.0	237.4	249.1
75	Penn State	208.8	198.7	253.0	202.9	217.0	179.8
76	TX Christian	207.8	245.3	275.0	192.0	219.0	264.5
77	Baylor	205.0	210.3	272.0	191.8	213.8	211.8
78	Mississippi	203.9	214.0	158.0	202.4	205.4	192.1
79	LA Monroe	202.9	193.7	136.0	242.8	176.3	204.0
80	Kansas St	201.4	147.3	118.0	224.5	173.6	176.1
81	Utah State	200.0	208.7	182.0	252.2	170.1	214.1
82	Middle Tenn	198.5	230.0	316.0	221.6	179.2	258.1
83	Tennessee	198.0	187.0	221.0	204.8	189.8	213.5
84	New Mexico	196.5	173.0	162.0	197.8	195.5	119.1
85	Illinois	196.5	143.3	241.0	213.5	176.0	177.4
86	Texas A&M	196.3	135.7	118.0	234.0	158.6	261.2
87	GA Tech	195.2	190.7	258.0	209.2	181.3	182.7
88	Marshall	194.5	168.7	97.0	217.2	171.8	208.6
89	California	193.5	166.3	228.0	180.8	204.2	235.7
90	Kansas	192.7	247.3	340.0	176.3	212.4	217.2
91	San Jose St	192.0	136.0	138.0	237.5	161.7	172.9
92	VA Tech	190.2	199.7	203.0	181.2	198.0	188.5
93	Ball State	189.0	210.0	281.0	202.0	181.6	209.0
94	NC State	181.5	108.3	127.0	178.2	185.4	198.6
95	Arkansas St	179.8	181.0	213.0	178.2	180.7	206.4
96	Fla Atlantic	177.8	179.7	172.0	143.8	197.3	258.5
97	Oklahoma	177.6	184.3	229.0	180.3	174.8	253.8
98	S Methodist	175.6	146.3	211.0	134.0	225.6	208.7
99	Oklahoma St	174.7	201.0	126.0	145.8	203.6	143.5
100	Army	170.9	158.3	255.0	159.0	182.8	205.7
101	Air Force	170.7	222.7	186.0	146.2	191.2	148.4
102	Buffalo	170.5	169.7	269.0	194.8	150.3	121.5
103	Kentucky	169.0	144.0	177.0	218.6	119.4	167.7
104	Temple	165.5	175.0	245.0	147.0	180.8	220.6
105	Troy	162.3	199.7	230.0	203.8	134.7	115.9
106	Wake Forest	161.3	178.0	236.0	166.3	155.2	151.2
107	Syracuse	150.7	134.0	259.0	153.2	147.8	170.8
108	S Florida	147.5	182.7	159.0	145.0	148.9	172.7
109	Arkansas	147.3	171.0	206.0	153.2	141.4	209.5
110	Connecticut	142.0	164.0	255.0	141.8	142.2	271.8
111	North Texas	129.3	215.7	218.0	152.0	110.3	155.8
112	Miss State	129.1	86.3	105.0	128.8	129.4	134.1
113	Memphis	124.2	108.0	170.0	114.4	132.3	250.0
114	LA Lafayette	123.4	98.7	82.0	103.5	136.7	227.6
115	Duke	121.5	214.7	163.0	93.8	149.2	167.0
116	Ohio	118.5	91.7	28.0	97.2	136.2	197.3
117	Navy	116.5	101.7	144.0	152.8	90.6	106.1
118	W Virginia	111.5	83.3	120.0	115.4	108.2	163.1
119	Rice	103.3	146.0	110.0	123.0	86.8	75.3
