1	Houston	432.5	404.0	222.0	--	432.5	395.6
2	Texas Tech	385.2	372.3	460.0	435.3	335.2	406.9
3	Hawaii	338.8	287.3	197.0	293.8	383.7	247.2
4	Troy	336.5	393.0	403.0	391.4	302.2	232.0
5	Notre Dame	323.5	317.3	340.0	338.6	302.4	245.4
6	Kansas	318.5	330.0	498.0	314.2	322.2	300.5
7	Bowling Grn	316.2	287.7	388.0	289.3	339.1	225.8
8	Duke	305.6	315.3	387.0	343.2	280.5	202.4
9	Cincinnati	305.2	290.3	170.0	337.2	282.3	245.7
10	Oklahoma	289.5	301.3	418.0	327.0	262.7	352.8
11	S Methodist	288.7	316.3	460.0	241.6	322.3	264.1
12	Northwestern	288.4	400.3	532.0	264.3	312.5	220.2
13	Idaho	286.7	313.3	240.0	292.2	282.0	189.4
14	Arkansas	282.9	247.3	202.0	342.6	240.3	254.3
15	Missouri	281.8	310.3	291.0	242.0	310.3	329.9
16	Texas A&M	281.6	285.7	362.0	284.7	278.0	252.4
17	BYU	281.3	234.3	192.0	253.8	304.9	295.8
18	Fla Atlantic	279.5	230.7	220.0	298.6	265.9	255.1
19	Toledo	278.1	223.3	326.0	235.2	308.7	189.0
20	TX El Paso	274.2	385.7	517.0	313.3	235.2	284.2
21	Texas	273.6	227.7	195.0	339.3	224.4	308.3
22	Miami (OH)	273.4	326.7	295.0	306.4	249.9	210.0
23	Oregon St	270.5	269.0	217.0	270.8	270.3	248.7
24	W Michigan	269.8	248.7	354.0	333.0	233.7	289.3
25	Wake Forest	269.5	287.3	372.0	284.3	251.8	186.9
26	Florida St	267.5	197.7	189.0	281.0	257.9	176.2
27	Michigan St	265.3	231.7	248.0	260.5	270.2	213.4
28	Central Mich	264.3	301.7	395.0	277.8	258.3	295.8
29	Boise State	262.5	263.3	240.0	276.8	250.3	283.3
30	Miami (FL)	262.5	232.3	188.0	264.6	261.0	197.2
31	NC State	261.7	247.7	259.0	238.8	296.0	201.7
32	San Diego St	261.5	249.3	341.0	221.2	295.0	229.2
33	Tulsa	257.6	300.0	268.0	252.2	262.2	301.1
34	Purdue	255.2	315.0	205.0	261.4	246.6	246.3
35	Indiana	240.8	295.7	266.0	263.4	222.0	177.5
36	Buffalo	240.5	221.0	181.0	262.6	222.0	237.6
37	Baylor	238.5	231.0	238.0	207.6	264.3	167.1
38	Utah State	237.8	217.3	376.0	204.2	257.0	196.5
39	Washington	236.5	211.7	286.0	242.7	227.8	164.7
40	Middle Tenn	235.7	195.3	207.0	263.2	212.1	241.9
41	S Mississippi	235.2	270.7	271.0	188.2	268.7	241.1
42	Florida	234.6	321.0	482.0	260.7	212.3	206.5
43	Penn State	234.6	244.7	216.0	228.0	243.8	241.6
44	S Carolina	231.3	160.0	129.0	224.2	238.5	224.0
45	Utah	229.2	247.0	338.0	229.0	229.3	243.2
46	Arizona	227.8	144.3	46.0	271.0	196.9	244.0
47	California	227.5	221.3	214.0	225.6	228.9	188.7
48	Tennessee	226.3	225.3	235.0	244.1	197.8	145.8
49	Colorado	226.2	255.0	269.0	217.0	235.5	187.9
50	E Carolina	224.0	246.7	209.0	253.0	205.9	214.0
51	North Texas	223.7	222.3	128.0	237.3	210.0	235.2
52	UCLA	222.8	190.0	221.0	231.5	215.3	200.4
53	USC	222.3	233.3	350.0	212.2	231.0	259.1
54	UNLV	222.1	185.3	274.0	252.8	185.2	223.3
55	Iowa	220.4	193.7	231.0	242.5	198.3	179.2
56	TX Christian	216.8	222.7	272.0	207.2	223.6	200.8
57	Florida Intl	216.7	155.7	246.0	--	216.7	218.2
58	Wisconsin	216.5	249.3	260.0	204.4	225.1	183.3
59	Minnesota	216.4	228.7	312.0	239.0	193.8	220.6
60	Arizona St	215.8	180.3	217.0	263.8	158.2	205.2
61	LA Lafayette	215.7	295.7	415.0	236.6	198.3	185.5
62	New Mexico	215.1	210.3	162.0	185.3	244.8	131.3
63	Central FL	214.8	230.0	220.0	225.7	203.8	118.6
64	Kent State	214.2	221.3	31.0	175.4	246.5	168.9
65	Mississippi	212.5	233.0	171.0	235.2	193.7	220.6
66	Pittsburgh	212.0	172.7	163.0	238.2	185.8	203.4
67	San Jose St	210.7	207.0	300.0	221.0	202.2	190.5
68	Connecticut	210.5	168.3	107.0	233.6	194.0	131.9
69	Stanford	209.4	163.3	117.0	190.3	231.7	152.2
70	Maryland	207.6	178.0	216.0	208.7	206.4	213.5
71	Auburn	207.0	218.0	235.0	223.1	184.4	165.7
72	Tulane	205.8	185.7	216.0	238.6	178.5	221.8
73	Louisville	205.8	201.0	254.0	213.2	199.7	211.7
74	Memphis	205.0	176.0	94.0	245.6	171.2	226.5
75	LA Monroe	204.8	157.7	231.0	201.2	206.9	182.2
76	Georgia	204.2	175.0	158.0	227.2	187.7	273.9
77	Colorado St	203.3	193.7	185.0	170.2	230.8	242.1
78	Fresno St	201.7	178.0	169.0	187.2	208.9	205.0
79	Arkansas St	198.6	187.3	146.0	202.8	196.3	192.5
80	Syracuse	197.8	227.0	360.0	204.3	186.5	117.4
81	Marshall	197.2	215.0	85.0	218.4	182.1	173.7
82	UAB	196.0	315.0	322.0	216.8	181.1	193.7
83	Illinois	195.7	228.7	217.0	181.0	208.0	281.6
84	Clemson	195.4	148.0	141.0	186.0	203.4	212.0
85	Rice	195.3	134.3	134.0	160.7	230.0	327.2
86	Ohio	194.6	200.7	111.0	199.8	191.4	224.6
87	Alabama	194.0	171.7	58.0	213.8	177.0	171.1
88	Michigan	192.2	211.7	229.0	187.0	201.2	143.2
89	Rutgers	191.6	203.3	294.0	214.4	172.7	275.9
90	W Virginia	186.7	128.7	106.0	177.5	195.8	146.2
91	S Florida	186.2	151.3	217.0	205.2	175.3	241.2
92	Boston Col	185.5	182.0	218.0	202.0	169.0	188.0
93	N Carolina	185.0	229.0	183.0	169.4	198.0	196.9
94	VA Tech	183.9	197.0	209.0	169.2	196.6	133.8
95	Akron	182.2	170.3	117.0	173.0	189.8	231.4
96	LSU	181.8	210.3	202.0	162.3	204.5	202.0
97	Iowa State	180.4	197.0	216.0	161.2	194.1	256.5
98	Oregon	180.3	188.7	81.0	183.6	176.5	204.8
99	Wash State	178.1	119.0	116.0	201.5	154.7	128.2
100	Nebraska	175.7	95.0	173.0	222.4	129.0	280.8
101	Virginia	173.5	178.7	120.0	173.5	173.6	203.1
102	Ohio State	173.1	142.0	266.0	162.4	185.5	142.4
103	Oklahoma St	172.2	111.3	119.0	175.7	167.4	252.5
104	Wyoming	171.8	145.0	204.0	174.6	169.9	120.2
105	LA Tech	171.3	178.0	184.0	155.0	180.6	152.8
106	Kansas St	169.9	152.7	153.0	144.2	187.0	266.5
107	Nevada	160.7	138.0	177.0	155.5	165.1	233.1
108	E Michigan	152.1	176.3	148.0	152.0	152.1	273.5
109	N Illinois	149.9	214.3	130.0	118.2	172.6	171.0
110	W Kentucky	148.5	158.7	121.0	--	148.5	132.7
111	Vanderbilt	143.5	133.7	174.0	134.6	151.0	122.6
112	Miss State	141.8	81.0	95.0	166.7	112.0	173.4
113	Ball State	136.4	103.3	71.0	137.8	135.2	254.8
114	Kentucky	134.5	115.7	110.0	133.8	135.2	173.9
115	Temple	132.2	135.3	159.0	132.6	132.0	202.9
116	GA Tech	124.0	94.3	12.0	88.6	146.1	94.1
117	N Mex State	89.8	59.0	49.0	107.0	77.6	287.1
118	Air Force	87.2	125.0	161.0	73.6	97.0	82.8
119	Navy	75.4	93.0	130.0	53.2	89.2	62.3
120	Army	62.5	69.3	77.0	53.2	70.2	41.8
