1	Texas Tech	465.0	431.0	407.0	444.0	480.0	366.7
2	Hawaii	437.3	416.0	311.0	447.4	428.8	434.5
3	Tulsa	371.0	401.0	324.0	368.5	372.9	216.5
4	N Mex State	343.4	336.0	323.0	387.0	307.0	403.4
5	Louisville	337.2	285.0	237.0	379.2	302.2	290.0
6	Boston Col	333.2	307.7	249.0	338.3	328.7	245.0
7	Nebraska	323.8	469.3	484.0	314.4	337.0	244.6
8	Wash State	319.7	387.3	399.0	342.0	303.7	259.8
9	Northwestern	312.8	292.7	310.0	320.3	303.8	168.6
10	Missouri	312.0	241.0	136.0	314.0	310.8	271.4
11	Rice	310.5	419.3	541.0	362.8	267.0	214.1
12	BYU	310.2	242.3	231.0	288.0	312.3	323.0
13	Arizona	309.7	293.0	272.0	327.6	294.8	170.9
14	Memphis	306.2	307.3	281.0	317.2	295.2	215.2
15	Purdue	303.2	390.3	546.0	286.8	319.5	290.1
16	Kansas	291.5	317.3	249.0	323.8	259.2	205.0
17	Fla Atlantic	291.1	328.0	350.0	300.4	285.2	178.1
18	North Texas	289.7	205.0	253.0	295.8	285.3	115.2
19	Boise State	289.5	302.0	270.0	318.0	261.0	206.0
20	Kentucky	288.6	352.0	358.0	303.3	268.0	278.9
21	Ball State	285.0	294.3	292.0	242.4	311.6	247.9
22	Cincinnati	284.9	362.7	334.0	268.2	296.9	200.6
23	Kansas St	281.8	277.3	256.0	261.4	298.8	203.2
24	Bowling Grn	278.8	232.7	183.0	288.8	272.6	169.1
25	TX El Paso	278.1	296.7	292.0	270.8	284.2	311.3
26	Houston	277.2	253.0	335.0	247.0	280.0	274.1
27	W Michigan	273.3	318.0	276.0	310.6	242.2	184.8
28	Central Mich	270.6	286.3	292.0	236.2	285.9	245.9
29	Troy	270.2	227.0	271.0	318.2	236.0	191.4
30	S Carolina	264.8	321.3	284.0	271.5	256.8	255.2
31	Arizona St	262.6	265.0	305.0	255.9	273.4	193.2
32	Tennessee	262.5	337.0	365.0	230.6	294.4	264.5
33	Baylor	260.9	232.3	226.0	306.8	222.7	270.0
34	San Jose St	258.4	344.0	346.0	316.8	225.0	184.1
35	Oklahoma	258.2	210.3	242.0	293.6	222.9	191.6
36	NC State	257.8	251.7	240.0	247.5	270.2	195.6
37	Florida	257.0	259.0	169.0	279.6	230.7	231.2
38	Texas	255.4	223.7	174.0	243.5	265.6	222.9
39	San Diego St	254.4	354.7	288.0	269.6	241.7	149.7
40	Nevada	253.8	264.3	137.0	312.4	212.0	187.4
41	Marshall	252.5	269.0	309.0	269.8	238.2	185.5
42	S Methodist	252.1	238.7	375.0	243.7	260.5	189.4
43	Minnesota	251.5	261.3	352.0	253.7	249.0	227.0
44	Rutgers	247.5	225.3	303.0	243.9	252.6	166.8
45	Florida St	241.8	222.7	276.0	268.0	225.4	233.8
46	Oklahoma St	241.1	202.7	302.0	281.0	212.6	200.8
47	California	240.7	264.3	305.0	235.3	245.3	248.6
48	Toledo	240.5	245.0	256.0	236.8	244.8	169.3
49	USC	236.9	290.0	289.0	232.5	240.7	261.0
50	Miami (OH)	236.2	230.0	254.0	226.0	244.9	231.6
51	Clemson	235.8	186.3	104.0	276.3	195.3	193.1
52	Colorado	234.3	275.0	322.0	240.2	229.3	124.8
53	New Mexico	231.4	254.0	354.0	252.8	210.0	200.2
54	Indiana	231.2	213.3	220.0	253.8	208.5	220.6
55	Syracuse	229.2	274.7	428.0	236.7	218.6	157.1
56	S Florida	228.3	215.3	236.0	273.4	196.1	218.2
57	N Carolina	226.1	216.3	75.0	213.2	236.8	171.9
58	LSU	225.3	211.7	174.0	232.0	218.6	251.7
59	UAB	223.9	265.7	389.0	203.5	235.6	184.5
60	TX Christian	221.6	231.0	249.0	168.3	267.3	215.8
61	Alabama	221.4	205.0	256.0	252.0	190.8	212.8
62	Michigan	219.1	240.7	373.0	183.4	269.0	195.2
63	Michigan St	218.6	225.7	131.0	209.7	226.3	227.6
64	Buffalo	217.9	255.7	335.0	189.4	238.3	178.0
65	Mississippi	217.1	167.7	115.0	252.2	175.0	129.5
66	Oregon	215.3	143.0	180.0	204.7	227.7	241.5
67	UNLV	212.5	194.7	142.0	212.2	212.8	217.8
68	Ohio	210.7	180.7	118.0	206.8	213.0	132.6
69	Stanford	210.1	203.7	196.0	217.4	195.5	166.8
70	Colorado St	209.3	209.0	245.0	301.0	200.1	218.6
71	Fresno St	208.6	267.7	285.0	186.2	224.6	158.2
72	Wisconsin	207.8	172.7	155.0	196.3	219.3	210.2
73	Temple	207.6	173.7	92.0	199.2	216.0	162.0
74	Duke	207.1	158.3	215.0	171.8	232.3	187.8
75	LA Tech	207.0	207.7	173.0	243.0	186.4	215.3
76	Penn State	206.3	197.0	143.0	204.1	208.8	201.7
77	Arkansas St	203.8	187.3	118.0	234.0	173.7	144.6
78	Maryland	202.9	221.7	205.0	218.4	191.9	185.6
79	Tulane	202.6	231.0	228.0	205.8	198.8	247.0
80	E Carolina	202.5	175.7	154.0	258.3	154.7	232.6
81	Utah	202.2	179.7	238.0	219.3	187.4	222.0
82	Middle Tenn	202.1	211.7	116.0	181.0	217.1	156.7
83	N Illinois	200.5	247.7	262.0	225.0	186.6	206.2
84	VA Tech	200.2	224.0	171.0	190.8	208.1	174.3
85	Idaho	199.7	207.0	191.0	237.8	168.0	189.7
86	Wake Forest	197.2	210.0	268.0	161.7	227.6	150.5
87	Iowa State	197.0	199.0	182.0	171.5	227.6	206.4
88	Georgia	196.4	162.7	175.0	192.0	200.8	186.5
89	Virginia	194.2	176.0	96.0	191.0	196.9	157.2
90	S Mississippi	193.6	150.0	122.0	173.0	208.3	158.8
91	Wyoming	192.9	194.0	229.0	196.8	189.0	179.0
92	GA Tech	192.0	219.0	218.0	182.3	201.7	172.1
93	Washington	191.2	163.0	142.0	206.1	173.7	193.8
94	Ohio State	190.7	138.0	208.0	191.7	189.7	214.7
95	Texas A&M	190.1	257.7	164.0	223.3	156.8	189.8
96	Iowa	190.1	235.0	249.0	206.5	173.7	239.0
97	Connecticut	184.9	166.7	98.0	183.7	186.2	140.3
98	Army	184.3	166.7	117.0	187.8	182.3	132.1
99	Akron	183.8	189.3	210.0	177.2	187.1	226.7
100	UCLA	182.6	124.7	154.0	159.7	202.3	200.3
101	E Michigan	178.0	187.0	227.0	177.0	178.6	170.5
102	Oregon St	177.1	188.7	108.0	138.0	205.0	239.9
103	Central FL	176.9	161.0	88.0	201.4	152.3	236.9
104	LA Monroe	176.5	174.7	99.0	198.8	163.9	198.1
105	Pittsburgh	175.9	174.3	67.0	213.5	130.8	239.1
106	Illinois	172.0	220.3	301.0	144.4	191.7	154.9
107	Auburn	171.5	161.0	233.0	166.4	178.6	172.7
108	Miami (FL)	169.5	169.0	198.0	151.3	195.0	195.2
109	Arkansas	167.4	182.7	197.0	167.7	167.2	149.5
110	Vanderbilt	166.6	221.7	333.0	188.7	128.0	208.0
111	Notre Dame	164.5	212.0	196.0	154.0	179.2	264.1
112	Miss State	159.4	217.3	39.0	150.0	166.1	192.5
113	W Virginia	159.0	120.7	176.0	146.5	169.7	155.2
114	Kent State	157.3	139.7	184.0	204.8	130.1	163.2
115	LA Lafayette	154.9	189.7	240.0	178.2	135.5	133.8
116	Utah State	153.0	153.7	118.0	139.0	163.0	139.7
117	Florida Intl	150.6	206.3	228.0	189.6	122.7	176.2
118	W Kentucky	140.3	157.3	123.0	160.0	136.4	126.0
119	Air Force	115.2	111.3	113.0	119.2	112.3	101.2
120	Navy	89.6	63.0	122.0	95.6	85.3	58.9
