1	Marshall	359.2	337.3	419.0	370.2	350.0	213.3
2	Texas Tech	358.8	309.0	284.0	392.0	325.7	344.7
3	LA Tech	350.0	407.7	483.0	371.0	329.0	242.3
4	Baylor	342.9	293.3	188.0	324.0	356.4	357.5
5	Wash State	337.8	349.0	350.0	398.0	303.4	324.2
6	Oklahoma	337.6	344.7	278.0	351.0	328.0	349.4
7	San Jose St	336.4	355.7	395.0	388.8	299.0	276.8
8	Oklahoma St	335.4	314.0	311.0	329.2	341.7	387.2
9	Troy	331.5	381.0	281.0	373.0	290.0	291.3
10	Houston	329.7	293.0	370.0	317.1	347.2	441.5
11	Fresno St	327.9	353.7	362.0	397.8	278.0	275.8
12	Texas A&M	323.7	323.3	307.0	346.0	311.0	291.1
13	Clemson	321.8	318.3	346.0	306.5	337.2	283.9
14	W Virginia	319.8	280.0	197.0	351.4	275.4	339.8
15	NC State	316.5	373.7	383.0	243.2	368.9	242.5
16	Indiana	312.9	345.0	348.0	339.2	291.0	190.3
17	Tennessee	310.3	293.0	293.0	352.7	259.4	236.4
18	Miami (OH)	305.3	344.3	218.0	294.0	311.7	299.1
19	UAB	304.5	298.0	510.0	273.0	330.8	234.6
20	Miami (FL)	303.1	349.3	398.0	336.6	275.2	234.2
21	Oregon St	294.9	288.0	194.0	276.2	313.7	292.3
22	Arizona	292.8	257.3	382.0	300.1	282.4	366.5
23	N Carolina	292.7	324.7	305.0	302.7	280.8	252.5
24	Arkansas	292.5	289.7	359.0	299.7	284.0	295.4
25	Louisville	292.1	320.7	266.0	318.3	265.8	210.2
26	LA Monroe	290.7	267.3	219.0	277.0	299.2	240.5
27	Akron	289.8	303.0	265.0	283.8	294.8	156.4
28	Syracuse	284.5	247.3	142.0	288.0	282.8	219.5
29	Duke	284.2	330.0	360.0	300.2	268.3	278.6
30	USC	282.3	211.3	107.0	303.0	264.6	294.2
31	Tulane	279.9	283.3	346.0	299.4	252.6	209.6
32	W Michigan	279.5	321.7	328.0	285.8	274.3	349.9
33	Georgia	279.2	307.7	427.0	297.5	263.4	242.1
34	Wyoming	277.9	348.7	260.0	250.6	300.7	196.3
35	E Carolina	275.8	310.7	278.0	300.8	257.9	285.8
36	UCLA	275.7	255.7	329.0	283.1	268.3	198.3
37	Penn State	273.6	278.3	200.0	287.6	254.0	182.2
38	LA Lafayette	266.3	284.7	324.0	291.6	248.3	280.4
39	Boston Col	262.1	166.3	123.0	294.6	235.0	164.7
40	Florida St	261.8	204.3	291.0	308.4	228.6	238.7
41	Utah State	261.6	228.7	229.0	268.4	256.7	172.9
42	Arkansas St	260.8	273.3	213.0	257.0	263.4	295.5
43	Arizona St	260.1	253.3	268.0	304.4	228.4	318.1
44	Texas	260.0	256.3	241.0	264.2	256.4	189.9
45	Virginia	259.5	260.0	187.0	301.2	209.6	236.2
46	Ball State	254.0	195.0	217.0	288.2	232.6	241.0
47	Toledo	249.2	255.0	173.0	248.0	250.0	264.7
48	Central Mich	249.1	179.0	253.0	238.0	260.2	283.8
49	S Carolina	247.8	310.0	341.0	295.8	199.7	178.5
50	Pittsburgh	245.9	207.7	185.0	279.5	226.7	205.8
51	Ohio	245.0	273.7	337.0	212.8	268.0	254.9
52	Nevada	244.4	197.3	256.0	286.0	214.7	259.2
53	Fla Atlantic	244.4	346.3	379.0	296.2	214.7	143.1
54	Mississippi	243.2	257.7	163.0	281.7	204.8	153.1
55	BYU	242.2	321.0	244.0	254.4	233.6	242.3
56	Miss State	241.2	237.0	106.0	243.2	239.2	173.5
57	TX-San Ant	240.5	248.7	200.0	250.0	234.8	--
58	Cincinnati	239.5	264.7	332.0	199.6	272.7	210.4
59	Florida Intl	238.4	214.3	226.0	237.0	239.8	214.9
60	S Methodist	233.6	179.7	212.0	228.8	238.3	263.1
61	TX Christian	233.2	171.3	201.0	263.2	211.9	233.1
62	N Illinois	232.7	187.0	176.0	275.2	206.1	246.1
63	VA Tech	230.8	189.7	193.0	212.6	243.9	223.4
64	Connecticut	230.4	214.0	337.0	249.8	211.0	191.6
65	Idaho	229.6	202.0	52.0	289.8	195.3	177.5
66	Purdue	227.3	258.7	212.0	236.7	218.0	192.0
67	North Texas	225.8	191.7	146.0	235.0	220.6	189.3
68	Rice	225.6	266.3	295.0	236.2	219.0	196.8
69	Central FL	225.6	236.7	272.0	244.7	211.2	237.5
70	N Mex State	224.2	168.7	248.0	214.6	232.2	273.1
71	TX El Paso	224.0	187.7	295.0	189.7	258.3	212.9
72	Boise State	223.2	250.3	298.0	204.0	239.6	309.4
73	Missouri	220.4	288.7	276.0	213.8	228.2	224.5
74	Alabama	219.0	229.0	162.0	235.3	202.7	217.2
75	Notre Dame	218.8	263.0	217.0	237.7	200.0	252.6
76	UNLV	216.7	185.0	166.0	252.8	180.5	92.8
77	Rutgers	215.1	190.0	129.0	209.0	219.4	243.8
78	Vanderbilt	213.9	195.0	108.0	217.8	211.1	174.4
79	Middle Tenn	213.9	174.3	114.0	235.2	201.7	254.3
80	Colorado St	213.7	145.0	254.0	179.2	242.5	177.8
81	Oregon	213.3	171.0	166.0	223.0	203.7	220.4
82	S Alabama	213.2	232.3	148.0	175.8	240.0	231.5
83	S Florida	212.9	163.0	109.0	175.8	243.8	228.9
84	Washington	212.1	228.0	242.0	213.6	211.0	268.3
85	Iowa State	211.9	213.0	170.0	209.0	214.8	214.4
86	Kansas St	210.6	207.0	151.0	212.7	208.5	153.5
87	Michigan St	209.9	181.3	104.0	208.9	211.2	253.7
88	Tulsa	209.8	219.7	93.0	219.8	201.1	248.7
89	Nebraska	209.2	154.0	204.0	227.2	193.9	165.0
90	California	206.7	148.7	132.0	200.7	214.0	242.5
91	Bowling Grn	202.1	247.3	159.0	246.4	170.4	257.7
92	Wake Forest	201.4	169.7	186.0	255.2	136.8	248.8
93	Stanford	200.1	157.3	157.0	218.0	182.3	278.7
94	Michigan	199.3	233.0	214.0	239.3	165.0	182.8
95	LSU	197.4	206.3	120.0	229.7	152.2	145.2
96	Buffalo	193.3	230.0	168.0	180.4	204.0	213.2
97	W Kentucky	192.9	173.7	199.0	224.8	170.1	160.6
98	Colorado	192.8	190.0	306.0	172.0	210.2	237.6
99	Hawaii	192.4	169.0	181.0	228.4	162.3	291.8
100	Texas State	191.3	232.0	82.0	174.4	205.3	93.5
101	Utah	187.9	165.3	128.0	224.4	157.5	179.2
102	U Mass	186.7	244.7	253.0	212.0	168.6	195.0
103	Maryland	185.1	131.0	216.0	161.4	204.8	217.0
104	Iowa	183.7	154.3	92.0	185.7	181.4	233.8
105	Kentucky	182.0	160.7	245.0	205.8	153.4	138.4
106	Ohio State	181.5	174.3	189.0	191.8	161.0	127.0
107	E Michigan	173.5	142.3	133.0	203.2	148.8	134.4
108	Northwestern	172.2	184.7	196.0	171.2	173.3	265.7
109	San Diego St	170.5	132.7	144.0	191.3	149.7	246.2
110	Minnesota	169.2	109.3	146.0	183.7	154.8	152.7
111	S Mississippi	168.2	231.3	193.0	183.7	152.8	264.9
112	Memphis	167.5	199.3	162.0	193.0	146.2	177.4
113	Kent State	162.2	172.3	157.0	192.8	148.7	150.1
114	Auburn	155.3	138.7	71.0	182.8	122.2	154.6
115	Wisconsin	152.2	125.0	83.0	162.2	143.6	225.8
116	Illinois	151.0	150.3	116.0	190.2	104.0	186.4
117	Kansas	146.8	111.7	117.0	177.2	121.5	169.3
118	Florida	145.2	162.3	175.0	128.5	161.8	173.8
119	Temple	126.8	115.3	173.0	146.4	107.2	117.8
120	GA Tech	121.2	104.3	75.0	130.5	113.1	123.8
121	Navy	105.4	67.3	37.0	88.0	114.1	89.4
122	Air Force	99.3	37.0	48.0	83.0	111.0	138.9
123	New Mexico	68.8	120.0	205.0	50.6	81.7	160.2
124	Army	67.3	63.7	48.0	70.4	61.8	52.3
