1	Houston	441.5	459.7	532.0	403.0	474.6	325.5
2	Oklahoma St	387.2	364.0	399.0	390.3	384.6	345.8
3	Arizona	366.5	372.7	373.0	339.6	389.0	310.4
4	Baylor	357.5	290.7	295.0	367.3	347.7	282.2
5	W Michigan	349.9	401.7	439.0	346.0	351.9	279.5
6	Oklahoma	349.4	222.3	161.0	372.5	329.6	343.4
7	Texas Tech	344.7	294.0	398.0	286.8	393.0	308.9
8	W Virginia	339.3	294.0	401.0	353.0	325.7	212.8
9	Wash State	324.3	394.7	344.0	380.0	292.4	242.4
10	Arizona St	318.1	382.0	395.0	322.5	313.7	273.2
11	Boise State	308.6	323.7	298.0	293.5	321.6	321.1
12	Miami (OH)	299.1	383.0	372.0	302.5	295.7	253.6
13	Arkansas	295.4	265.3	216.0	296.4	294.7	334.6
14	Arkansas St	294.7	347.3	353.0	285.6	301.1	254.3
15	USC	294.2	306.7	423.0	320.4	257.4	242.2
16	Oregon St	292.3	293.7	299.0	292.8	291.8	205.4
17	Hawaii	291.8	294.7	282.0	260.8	322.8	386.9
18	Troy	291.3	336.7	311.0	299.8	285.3	296.5
19	Texas A&M	291.1	277.7	329.0	309.7	269.3	271.0
20	E Carolina	285.8	207.0	285.0	291.7	280.0	318.7
21	Clemson	283.9	191.0	250.0	339.5	236.3	195.2
22	Central Mich	283.8	303.7	233.0	333.2	255.6	286.3
23	LA Lafayette	280.4	356.0	492.0	300.0	270.6	250.0
24	Stanford	279.8	279.0	347.0	256.3	307.3	253.4
25	Duke	278.6	279.3	285.0	260.7	300.2	264.2
26	San Jose St	276.8	349.3	363.0	277.6	276.3	241.5
27	Fresno St	275.8	294.3	336.0	244.2	298.3	221.2
28	N Mex State	273.2	176.7	252.0	315.2	237.1	167.4
29	Washington	268.3	294.7	438.0	278.5	258.2	190.4
30	Northwestern	265.7	231.7	226.0	301.8	239.9	232.2
31	S Mississippi	264.9	243.0	165.0	290.6	248.9	256.0
32	Toledo	264.8	252.7	216.0	298.2	240.9	198.0
33	S Methodist	263.1	219.0	239.0	270.4	257.9	275.8
34	Nevada	259.2	264.3	117.0	318.3	208.4	218.3
35	Bowling Grn	257.7	241.0	236.0	269.6	247.8	231.6
36	Middle Tenn	254.6	200.3	91.0	250.5	258.7	181.9
37	Ohio	254.0	221.7	220.0	266.2	246.4	167.4
38	Michigan St	253.7	271.0	318.0	255.3	252.3	228.5
39	Notre Dame	252.6	231.7	187.0	269.1	233.3	253.1
40	N Carolina	252.5	287.3	317.0	262.8	242.2	266.2
41	Wake Forest	248.8	242.3	224.0	258.5	239.2	148.4
42	Tulsa	248.7	237.0	235.0	254.0	244.1	291.3
43	San Diego St	246.2	282.0	413.0	271.3	221.2	293.9
44	N Illinois	246.1	230.0	342.0	198.8	275.6	193.0
45	Rutgers	243.8	272.3	196.0	224.7	263.0	197.6
46	California	242.5	235.0	188.0	213.2	263.4	164.6
47	NC State	242.5	274.3	264.0	231.8	251.3	275.5
48	BYU	242.3	283.7	250.0	241.0	243.7	198.4
49	Georgia	242.1	252.7	288.0	232.6	248.0	240.2
50	Ball State	241.0	282.0	317.0	281.2	212.3	156.5
51	LA Tech	240.8	278.7	264.0	242.5	240.0	221.2
52	LA Monroe	240.5	210.7	193.0	275.5	220.6	224.7
53	Florida St	238.7	171.3	249.0	246.7	230.7	203.2
54	Colorado	237.6	211.0	264.0	251.8	228.8	222.7
55	Central FL	237.5	241.7	211.0	203.0	266.2	182.2
56	Tennessee	236.4	214.0	215.0	256.6	201.0	258.7
57	Virginia	236.2	253.7	312.0	203.0	269.3	256.2
58	UAB	234.6	278.7	190.0	211.4	251.1	266.8
59	Miami (FL)	234.2	249.0	245.0	221.5	249.4	237.9
60	Iowa	233.8	223.7	216.0	263.7	204.0	232.8
61	TX Christian	233.1	174.0	206.0	203.7	262.5	233.4
62	S Florida	228.9	202.0	226.0	264.8	185.8	146.3
63	Wisconsin	225.8	233.7	296.0	220.2	230.6	193.4
64	Missouri	224.5	176.0	176.0	198.2	243.3	253.9
65	VA Tech	223.4	238.3	214.0	238.0	214.2	209.7
66	Oregon	220.4	266.7	276.0	252.6	182.8	251.7
67	Syracuse	219.5	241.7	225.0	218.2	221.2	175.2
68	Maryland	217.0	190.3	166.0	242.8	186.0	220.2
69	Alabama	215.7	182.0	184.0	249.5	175.2	264.9
70	Florida Intl	214.9	177.0	163.0	226.0	205.4	207.5
71	Iowa State	214.4	166.0	220.0	252.2	187.4	181.6
72	Marshall	213.3	239.0	226.0	252.6	188.8	217.1
73	TX El Paso	212.9	234.3	249.0	206.2	218.5	222.8
74	Buffalo	212.1	153.3	157.0	252.6	178.3	170.8
75	Cincinnati	210.4	158.7	80.0	204.8	214.4	272.5
76	Louisville	210.2	229.3	274.0	213.8	207.7	191.9
77	Tulane	209.6	136.3	102.0	257.8	175.1	256.4
78	Pittsburgh	205.3	197.0	195.0	217.1	188.8	193.8
79	UCLA	198.3	213.0	201.0	172.5	217.6	141.1
80	Rice	196.8	139.0	163.0	246.0	161.6	215.9
81	Wyoming	196.3	132.0	127.0	187.8	201.1	152.1
82	Purdue	191.9	191.3	177.0	193.2	190.7	148.5
83	Connecticut	191.6	205.7	252.0	190.7	192.8	152.2
84	Indiana	190.3	154.3	147.0	178.0	200.5	294.6
85	Texas	189.9	217.7	146.0	160.5	215.1	232.0
86	North Texas	189.3	202.7	23.0	181.7	197.0	173.1
87	Illinois	186.4	126.0	148.0	208.9	155.0	143.7
88	Michigan	182.8	158.3	128.0	173.0	198.6	250.9
89	Penn State	182.2	114.7	137.0	194.0	170.5	228.9
90	Utah	179.2	183.3	193.0	163.6	190.4	236.1
91	S Carolina	178.5	174.7	230.0	207.5	149.5	242.0
92	Colorado St	177.8	172.0	143.0	170.8	183.7	221.8
93	Idaho	177.5	167.7	178.0	214.2	146.8	288.4
94	Memphis	177.4	193.0	174.0	181.8	173.7	193.4
95	Vanderbilt	174.4	181.7	168.0	171.5	177.3	159.4
96	Florida	173.8	127.0	132.0	207.7	139.8	180.0
97	Miss State	173.5	108.7	129.0	131.8	203.3	172.9
98	Utah State	170.8	131.0	96.0	174.6	168.1	170.6
99	Kansas	169.3	104.3	72.0	189.2	152.7	158.6
100	Boston Col	166.9	161.3	196.0	208.2	132.5	166.8
101	Nebraska	165.0	133.7	116.0	182.8	147.2	151.4
102	W Kentucky	160.6	161.3	156.0	176.8	147.2	143.5
103	New Mexico	160.2	193.7	145.0	211.0	117.8	157.7
104	Akron	156.4	123.7	35.0	197.2	122.3	154.2
105	Auburn	154.6	129.0	181.0	159.2	150.0	205.9
106	Kansas St	153.5	138.0	173.0	145.2	161.8	170.1
107	Mississippi	153.1	112.0	110.0	142.0	166.4	187.7
108	LSU	152.8	114.3	30.0	198.8	120.0	160.0
109	Minnesota	152.7	86.7	85.0	142.0	165.6	223.2
110	Kent State	150.1	182.7	260.0	183.2	122.5	194.0
111	Fla Atlantic	143.1	139.0	79.0	127.6	154.1	207.7
112	Air Force	138.9	169.3	159.0	128.0	148.0	114.3
113	Kentucky	138.4	112.0	15.0	170.2	100.2	268.9
114	E Michigan	134.4	155.0	147.0	167.0	112.7	160.1
115	Ohio State	127.0	160.0	162.0	137.4	114.8	228.5
116	GA Tech	123.8	144.7	137.0	121.8	125.7	89.9
117	Temple	117.8	120.3	169.0	106.3	129.2	182.4
118	UNLV	92.8	69.7	48.0	138.2	66.9	170.9
119	Navy	89.4	34.3	13.0	135.8	62.9	123.0
120	Army	52.3	60.7	77.0	39.7	57.0	79.2
