1	Hawaii	386.9	405.7	479.0	446.6	317.3	338.8
2	Oklahoma St	345.8	301.7	240.0	347.7	343.7	172.2
3	Oklahoma	343.4	413.0	429.0	336.0	348.9	289.5
4	Arkansas	334.6	300.7	277.0	322.4	343.3	282.9
5	Houston	325.5	399.7	441.0	300.6	346.3	432.5
6	Boise State	321.1	313.3	341.0	340.2	304.7	262.5
7	E Carolina	318.7	311.0	311.0	335.2	304.6	224.0
8	Arizona	310.4	331.3	280.0	301.2	319.7	227.8
9	Texas Tech	308.9	295.3	369.0	280.6	329.1	385.2
10	Troy	296.5	336.7	382.0	292.2	299.2	336.5
11	Indiana	294.6	240.3	330.0	346.8	251.2	240.8
12	San Diego St	293.9	380.7	276.0	320.3	267.5	261.5
13	Tulsa	291.3	358.0	343.0	346.4	252.0	257.6
14	Idaho	288.4	230.0	250.0	250.0	315.9	286.7
15	Central Mich	286.3	338.7	322.0	264.0	299.0	264.3
16	Baylor	282.2	216.3	313.0	298.8	270.3	238.5
17	W Michigan	279.5	255.7	251.0	276.6	281.8	269.8
18	S Methodist	275.8	284.3	302.0	264.9	286.7	288.7
19	NC State	275.5	249.7	275.0	309.6	251.1	261.7
20	Arizona St	273.2	269.7	267.0	326.0	238.0	215.8
21	Cincinnati	272.5	254.3	109.0	280.8	262.6	305.2
22	Texas A&M	271.0	172.7	218.0	285.2	256.8	281.6
23	Kentucky	268.9	240.7	211.0	282.8	255.0	134.5
24	UAB	266.8	342.3	248.0	290.2	243.3	196.0
25	N Carolina	266.2	303.0	234.0	232.4	290.3	185.0
26	Alabama	264.9	308.3	271.0	256.5	273.3	194.0
27	Duke	264.2	301.3	263.0	238.8	294.6	305.6
28	Tennessee	258.7	299.3	312.0	248.0	269.3	226.3
29	Tulane	256.4	306.3	370.0	228.2	290.2	205.8
30	Virginia	256.2	269.0	221.0	239.8	272.6	173.5
31	S Mississippi	256.0	296.7	226.0	247.6	262.0	235.2
32	Arkansas St	254.3	212.7	154.0	255.4	253.6	198.6
33	Missouri	253.9	261.7	434.0	265.2	245.9	281.8
34	Miami (OH)	253.6	261.7	297.0	235.2	263.9	273.4
35	Stanford	253.4	275.7	287.0	261.0	248.0	209.4
36	Notre Dame	253.1	188.0	201.0	271.0	232.2	323.5
37	Oregon	251.7	222.3	374.0	258.4	246.9	180.3
38	Michigan	250.9	232.3	254.0	280.7	221.2	192.2
39	LA Lafayette	250.0	256.7	330.0	240.6	256.7	215.7
40	Wash State	242.4	182.3	298.0	229.6	253.0	178.1
41	USC	242.2	175.0	203.0	240.8	243.3	222.3
42	S Carolina	242.0	231.7	275.0	208.8	270.4	231.3
43	San Jose St	241.5	312.0	310.0	311.5	201.6	210.7
44	Georgia	240.2	247.3	198.0	259.6	226.3	204.2
45	Miami (FL)	237.9	236.3	319.0	225.6	246.7	262.5
46	Utah	236.1	220.7	93.0	237.8	234.6	229.2
47	TX Christian	233.4	223.0	219.0	249.2	222.1	216.8
48	Iowa	232.8	174.0	200.0	230.0	235.5	220.4
49	Northwestern	232.2	134.7	146.0	279.5	208.5	288.4
50	Texas	232.0	232.7	219.0	255.0	199.8	273.6
51	Bowling Grn	231.6	225.7	282.0	212.4	245.3	316.2
52	Penn State	228.9	282.7	211.0	240.5	217.3	234.6
53	Ohio State	228.5	212.0	221.0	259.8	178.6	173.1
54	Michigan St	228.5	224.3	219.0	224.5	232.5	265.3
55	LA Monroe	224.7	159.3	164.0	211.6	235.7	204.8
56	Minnesota	223.2	194.0	166.0	237.7	205.8	216.4
57	TX El Paso	222.8	207.7	245.0	209.4	232.4	274.2
58	Colorado	222.7	218.0	163.0	232.0	213.3	226.2
59	Colorado St	221.8	218.3	97.0	256.6	197.0	203.3
60	LA Tech	221.2	159.0	188.0	248.5	188.4	171.3
61	Fresno St	221.2	270.3	288.0	225.7	216.7	201.7
62	Maryland	220.2	289.0	181.0	258.2	193.0	207.6
63	Nevada	218.3	203.3	192.0	238.0	201.4	160.7
64	Marshall	217.1	236.0	180.0	219.8	214.3	197.2
65	Rice	215.9	225.0	156.0	227.0	204.8	195.3
66	W Virginia	212.8	253.3	196.0	236.2	189.3	186.7
67	VA Tech	209.7	222.3	222.0	221.3	199.7	183.9
68	Fla Atlantic	207.7	237.7	302.0	231.8	195.6	279.5
69	Florida Intl	207.5	194.7	140.0	196.6	214.4	216.7
70	Auburn	205.9	277.3	265.0	178.3	238.2	207.0
71	Oregon St	205.4	200.0	229.0	190.7	220.2	270.5
72	Florida St	203.2	199.7	90.0	216.3	192.0	267.5
73	BYU	198.4	253.0	295.0	208.3	189.9	281.3
74	Toledo	198.0	241.3	132.0	217.5	181.3	278.1
75	Rutgers	197.6	240.3	140.0	203.8	192.5	191.6
76	Clemson	195.2	222.3	246.0	169.3	221.0	195.4
77	Kent State	194.0	191.3	100.0	198.8	190.0	214.2
78	Pittsburgh	193.8	179.3	96.0	197.4	191.1	212.0
79	Memphis	193.4	233.7	272.0	176.0	210.8	205.0
80	Wisconsin	193.4	196.7	159.0	217.0	169.8	216.5
81	N Illinois	193.0	227.7	300.0	167.8	204.2	149.9
82	Louisville	191.9	177.7	178.0	182.3	201.5	205.8
83	Washington	190.4	188.3	72.0	169.0	208.7	236.5
84	Mississippi	187.7	181.3	261.0	177.2	200.4	212.5
85	Temple	182.4	278.0	145.0	203.4	164.8	132.2
86	Central FL	182.2	178.7	117.0	194.8	171.4	214.8
87	Middle Tenn	181.9	187.7	161.0	185.0	179.7	235.7
88	Iowa State	181.6	206.0	180.0	197.3	162.8	180.4
89	Florida	180.0	118.7	101.0	188.3	171.7	234.6
90	Syracuse	175.2	185.7	239.0	176.0	174.7	197.8
91	North Texas	173.1	164.0	161.0	189.3	156.8	223.7
92	Miss State	172.9	264.3	281.0	179.7	166.2	141.8
93	UNLV	170.9	198.0	203.0	180.0	163.1	222.1
94	Buffalo	170.8	182.0	268.0	155.2	183.8	240.5
95	Utah State	170.6	134.3	41.0	126.8	207.2	237.8
96	Kansas St	170.1	215.0	258.0	115.0	209.4	169.9
97	Ohio	167.4	140.0	209.0	187.8	152.9	194.6
98	N Mex State	167.4	190.3	135.0	160.2	174.7	89.8
99	Boston Col	166.8	127.7	121.0	190.0	143.7	185.5
100	California	164.6	117.0	92.0	145.2	188.0	227.5
101	E Michigan	160.1	105.7	11.0	151.6	166.1	152.1
102	LSU	160.0	203.3	158.0	158.8	161.2	181.8
103	Vanderbilt	159.4	232.3	277.0	195.3	109.2	143.5
104	Kansas	158.6	78.0	45.0	204.5	103.6	318.5
105	New Mexico	157.7	97.3	34.0	179.0	136.3	215.1
106	Ball State	156.5	198.3	155.0	168.8	148.3	136.4
107	Akron	154.2	194.7	193.0	153.0	155.2	182.2
108	Connecticut	152.2	152.0	223.0	159.8	146.9	210.5
109	Wyoming	152.1	183.7	267.0	158.2	147.0	171.8
110	Nebraska	151.4	129.3	98.0	145.0	156.9	175.7
111	Purdue	148.5	191.0	252.0	173.0	119.2	255.2
112	Wake Forest	148.4	100.7	73.0	214.6	93.2	269.5
113	S Florida	146.3	181.0	189.0	135.3	157.3	186.2
114	Illinois	143.7	121.0	242.0	147.6	140.9	195.7
115	W Kentucky	143.5	110.0	81.0	118.4	161.4	148.5
116	UCLA	141.1	202.0	230.0	148.8	133.3	222.8
117	Navy	123.0	165.7	147.0	127.0	121.0	75.4
118	Air Force	114.3	105.3	117.0	125.0	106.7	87.2
119	GA Tech	89.9	77.3	41.0	90.4	89.6	124.0
120	Army	79.2	65.7	30.0	77.0	80.2	62.5
