1	Fresno St	410.5	380.0	217.0	463.3	357.7	327.9
2	Texas Tech	384.4	341.7	403.0	384.2	384.6	358.8
3	Oregon St	368.5	293.7	259.0	345.4	385.0	294.9
4	San Jose St	367.8	447.7	577.0	427.2	318.3	336.4
5	Wash State	364.5	393.3	410.0	345.2	378.3	337.8
6	Baylor	355.6	283.0	356.0	372.0	339.2	342.9
7	S Methodist	343.6	225.3	235.0	399.6	297.0	233.6
8	Texas A&M	341.1	267.0	382.0	383.6	281.6	323.7
9	Clemson	331.7	328.7	378.0	319.4	342.0	321.8
10	Florida St	330.0	322.0	330.0	324.2	335.8	261.8
11	Troy	326.1	300.0	297.0	322.0	328.4	331.5
12	Ball State	322.8	328.0	215.0	341.8	309.3	254.0
13	E Carolina	318.2	284.3	287.0	289.0	339.0	275.8
14	California	315.6	272.3	310.0	367.5	253.4	206.7
15	Louisville	307.1	307.3	447.0	290.7	323.5	292.1
16	Indiana	305.5	244.3	291.0	321.4	277.8	312.9
17	Georgia	303.7	330.3	320.0	343.8	275.0	279.2
18	Hawaii	301.4	338.7	323.0	312.3	290.5	192.4
19	Cincinnati	300.2	295.3	181.0	293.0	305.3	239.5
20	Marshall	295.2	291.3	337.0	289.2	298.9	359.2
21	Oregon	293.1	282.0	253.0	287.8	298.3	213.3
22	Mississippi	285.2	236.3	256.0	334.5	236.0	243.2
23	Wyoming	284.1	290.0	162.0	287.6	281.2	277.9
24	Houston	282.7	242.7	238.0	324.3	268.8	329.7
25	Central FL	281.6	254.0	301.0	298.5	267.1	225.6
26	Boise State	279.8	281.3	382.0	262.6	292.1	223.2
27	Oklahoma St	277.7	340.3	381.0	295.8	264.7	335.4
28	Illinois	276.1	284.0	307.0	273.5	279.2	151.0
29	N Carolina	266.4	189.0	171.0	314.8	218.0	292.7
30	W Kentucky	266.1	202.0	255.0	297.5	248.1	192.9
31	W Virginia	264.4	296.0	356.0	315.8	221.5	319.8
32	Colorado St	264.1	303.7	369.0	336.4	218.9	213.7
33	S Alabama	262.3	219.3	171.0	220.0	297.5	213.2
34	Miami (FL)	261.6	223.3	160.0	235.8	287.3	303.1
35	Temple	259.6	330.0	328.0	254.4	264.0	126.8
36	Penn State	259.2	256.0	339.0	247.9	275.0	273.6
37	Arizona St	258.3	190.7	125.0	265.7	249.7	260.1
38	Bowling Grn	257.5	300.7	279.0	213.8	284.8	202.1
39	Washington	256.2	157.3	129.0	257.3	255.0	212.1
40	Notre Dame	254.8	251.0	319.0	207.3	295.6	222.8
41	Alabama	253.8	283.7	387.0	230.3	277.3	222.5
42	San Diego St	253.3	246.0	211.0	279.2	234.9	170.5
43	UCLA	251.5	237.0	250.0	302.7	207.6	275.7
44	S Carolina	251.1	237.3	321.0	225.0	277.2	247.8
45	Duke	249.5	280.3	427.0	241.5	256.3	284.2
46	Michigan	247.8	248.3	196.0	306.9	178.8	199.3
47	Pittsburgh	247.5	243.7	232.0	245.5	249.5	245.9
48	UNLV	247.1	202.3	196.0	264.3	229.8	216.7
49	Missouri	246.5	249.0	206.0	235.5	255.9	220.4
50	Maryland	245.9	211.3	197.0	265.6	231.9	185.1
51	Ohio	245.6	236.3	328.0	255.5	235.7	245.0
52	Nevada	245.5	225.7	259.0	275.6	220.3	244.4
53	Colorado	245.0	275.0	273.0	261.0	234.3	192.9
54	LSU	243.6	169.0	82.0	227.2	260.0	197.4
55	Rutgers	242.8	210.3	156.0	241.7	243.8	215.1
56	S Mississippi	242.6	276.0	370.0	257.6	231.9	168.2
57	TX-San Ant	242.4	247.0	284.0	274.3	210.5	240.5
58	Miss State	241.6	262.7	294.0	230.2	253.0	241.5
59	N Mex State	240.9	238.3	190.0	254.5	224.6	224.2
60	LA Monroe	240.5	222.0	272.0	260.5	229.1	290.7
61	NC State	239.5	279.0	200.0	239.4	239.5	316.5
62	VA Tech	237.2	208.0	176.0	227.4	244.1	230.8
63	Connecticut	236.7	295.0	463.0	268.3	198.8	230.4
64	Northwestern	236.7	277.3	414.0	251.5	219.0	172.2
65	Georgia State	235.8	289.0	321.0	328.5	161.6	198.5
66	BYU	232.1	186.3	293.0	229.8	233.7	242.2
67	Utah	231.4	253.7	233.0	242.8	217.6	187.9
68	North Texas	229.8	219.3	256.0	213.0	244.1	225.8
69	Buffalo	228.2	207.7	196.0	184.2	250.2	193.3
70	USC	227.1	241.3	344.0	210.1	244.0	282.3
71	Utah State	226.0	176.7	121.0	200.2	242.1	261.6
72	TX Christian	225.6	260.7	288.0	256.8	199.7	233.2
73	Vanderbilt	223.8	206.7	154.0	276.3	171.2	213.9
74	Purdue	221.8	290.3	485.0	212.7	232.8	227.3
75	Idaho	221.6	239.0	250.0	228.8	217.6	229.6
76	N Illinois	221.6	158.0	216.0	233.8	216.2	232.7
77	Kansas St	220.1	259.7	271.0	238.1	194.8	210.6
78	Iowa State	217.1	273.0	331.0	237.4	200.2	211.9
79	LA Lafayette	216.2	201.3	157.0	270.0	189.4	266.3
80	UAB	215.1	230.3	286.0	198.5	224.6	304.5
81	Akron	213.3	199.3	259.0	204.6	220.5	289.8
82	Texas	212.5	97.3	56.0	232.3	195.4	260.0
83	Virginia	210.8	206.7	176.0	212.7	207.5	259.5
84	LA Tech	209.6	175.7	151.0	221.2	203.0	350.0
85	Middle Tenn	208.5	238.3	218.0	275.6	160.6	213.9
86	Michigan St	207.2	259.7	332.0	158.7	248.9	209.9
87	W Michigan	207.1	219.3	163.0	168.5	229.1	279.5
88	Toledo	206.9	207.0	158.0	226.2	190.8	249.2
89	Arkansas St	203.5	138.3	129.0	204.6	202.7	260.8
90	Arizona	202.4	209.3	275.0	178.0	219.9	292.8
91	Ohio State	202.4	156.0	234.0	206.5	198.9	181.5
92	Oklahoma	199.1	237.3	348.0	195.8	201.9	337.6
93	Stanford	197.9	192.7	143.0	194.7	201.1	200.1
94	Fla Atlantic	197.9	205.3	252.0	245.2	164.1	244.4
95	Iowa	197.4	174.0	157.0	212.0	182.8	183.7
96	Central Mich	197.0	163.3	92.0	202.0	194.1	249.1
97	Wisconsin	195.2	194.3	117.0	210.2	180.3	152.2
98	Wake Forest	194.5	114.0	155.0	205.0	185.8	201.4
99	Kentucky	193.8	174.3	254.0	219.5	163.0	182.0
100	Tulsa	191.4	131.7	114.0	198.2	184.7	209.8
101	Tulane	187.4	196.0	286.0	210.6	170.9	279.9
102	Nebraska	187.2	184.7	163.0	203.4	164.6	209.2
103	Kent State	185.8	170.0	225.0	204.0	175.4	162.2
104	Rice	178.2	167.7	84.0	182.0	175.4	225.6
105	Florida	175.4	175.7	115.0	196.0	158.2	145.7
106	E Michigan	175.2	97.0	151.0	128.5	201.9	173.5
107	Memphis	171.7	165.7	185.0	184.8	156.0	167.5
108	Tennessee	167.9	126.7	199.0	153.5	185.2	310.3
109	Auburn	167.0	157.3	132.0	177.7	152.0	155.3
110	Syracuse	166.8	205.7	188.0	174.4	161.3	284.5
111	TX El Paso	163.2	128.3	122.0	144.2	176.9	224.0
112	S Florida	163.0	189.7	141.0	159.7	167.0	212.9
113	Texas State	153.7	170.3	192.0	143.6	162.2	191.3
114	U Mass	152.4	111.0	137.0	187.6	123.0	186.7
115	Arkansas	150.6	161.7	178.0	147.0	153.7	292.5
116	Minnesota	150.1	143.7	223.0	122.2	178.0	169.2
117	Boston Col	144.3	164.7	206.0	134.8	151.1	262.1
118	Kansas	143.2	101.3	151.0	146.8	138.8	146.8
119	Florida Intl	141.5	120.3	89.0	186.6	104.0	238.4
120	GA Tech	132.1	190.3	147.0	130.4	133.5	121.2
121	Miami (OH)	124.2	90.7	143.0	134.6	116.9	305.3
122	New Mexico	113.8	156.0	62.0	108.7	118.8	68.8
123	Air Force	107.9	127.7	125.0	102.5	114.4	99.3
124	Army	75.9	90.7	50.0	60.8	84.6	67.3
125	Navy	73.3	25.0	19.0	96.5	61.8	105.4
