1	Air Force	0.4	1.0	2.0	0.2	0.6	1.0
2	Army	0.8	1.7	2.0	0.8	0.8	2.3
3	Kentucky	0.8	0.3	0.0	0.7	1.0	3.0
4	Troy	0.8	1.7	4.0	0.8	0.9	1.6
5	Marshall	0.9	1.3	1.0	0.6	1.2	3.2
6	UNLV	0.9	1.0	1.0	1.0	0.8	2.5
7	Oklahoma	0.9	0.7	2.0	1.2	0.8	1.0
8	Texas Tech	1.0	2.7	2.0	0.6	1.3	1.5
9	New Mexico	1.0	1.0	0.0	1.0	1.0	1.9
10	Florida	1.1	0.3	0.0	1.5	0.7	1.0
11	Fla Atlantic	1.1	1.7	4.0	1.2	1.0	1.2
12	Ball State	1.1	1.3	2.0	0.8	1.2	2.0
13	Middle Tenn	1.1	0.7	0.0	1.6	0.7	2.1
14	Connecticut	1.1	1.0	2.0	0.6	1.4	2.5
15	Penn State	1.1	1.7	1.0	1.2	1.0	1.5
16	Navy	1.1	0.7	2.0	1.0	1.1	1.2
17	Wyoming	1.1	0.3	1.0	1.0	1.2	2.6
18	Missouri	1.2	1.7	1.0	1.0	1.2	1.6
19	Fresno St	1.2	1.3	0.0	1.0	1.2	1.3
20	Oklahoma St	1.2	1.0	2.0	0.5	1.8	0.8
21	Memphis	1.2	0.7	1.0	1.2	1.2	1.0
22	Rutgers	1.2	0.7	0.0	1.0	1.3	0.9
23	GA Tech	1.2	1.0	1.0	1.2	1.2	1.8
24	Oregon St	1.2	3.3	5.0	1.0	1.4	2.8
25	Boise State	1.2	1.3	2.0	0.4	1.9	1.3
26	TX Christian	1.2	2.7	0.0	1.4	1.1	1.8
27	Kent State	1.3	0.3	0.0	1.0	1.4	3.1
28	San Diego St	1.3	0.0	0.0	0.0	2.3	2.7
29	E Carolina	1.3	0.0	0.0	0.8	1.6	2.0
30	N Illinois	1.3	0.0	0.0	0.6	1.9	1.8
31	Nevada	1.3	2.0	3.0	1.0	1.6	2.0
32	W Michigan	1.3	1.0	0.0	0.8	1.6	2.5
33	Toledo	1.3	2.0	4.0	1.7	1.0	1.4
34	Akron	1.3	1.3	1.0	1.2	1.4	2.2
35	Mississippi	1.3	2.3	4.0	0.7	2.0	2.5
36	Virginia	1.4	2.0	2.0	1.3	1.4	2.5
37	Boston Col	1.4	1.7	0.0	1.0	1.7	1.5
38	USC	1.4	1.0	1.0	1.7	1.1	1.3
39	Iowa	1.4	1.3	1.0	1.2	1.7	3.8
40	Central FL	1.5	1.7	1.0	0.8	2.0	1.5
41	Kansas St	1.5	2.0	1.0	1.3	1.6	1.4
42	Iowa State	1.5	1.3	3.0	1.6	1.3	1.5
43	Nebraska	1.5	1.7	0.0	1.9	0.8	1.5
44	Notre Dame	1.5	2.7	2.0	0.8	2.0	4.8
45	Tulsa	1.5	3.7	4.0	0.5	2.3	2.2
46	Tulane	1.5	1.3	0.0	1.3	1.7	1.7
47	W Virginia	1.5	2.0	4.0	1.7	1.3	1.0
48	BYU	1.5	1.7	2.0	--	1.5	1.7
49	Florida St	1.5	0.7	2.0	1.4	1.7	1.7
50	UAB	1.5	0.7	2.0	0.8	2.0	1.5
51	Duke	1.5	0.7	0.0	1.5	1.6	3.8
52	Auburn	1.5	0.3	0.0	1.7	1.4	2.1
53	Utah	1.6	1.0	2.0	0.2	2.6	2.2
54	Northwestern	1.6	2.7	5.0	1.2	2.0	2.6
55	Texas	1.6	2.3	3.0	1.1	2.2	1.9
56	Oregon	1.6	3.3	2.0	0.7	2.4	1.8
57	E Michigan	1.6	1.7	2.0	1.5	1.7	1.4
58	Miami (OH)	1.6	0.3	1.0	2.2	1.2	2.2
59	Bowling Grn	1.7	2.7	2.0	1.8	1.6	2.5
60	Georgia	1.7	1.3	2.0	0.8	2.3	1.2
61	Alabama	1.7	3.0	8.0	1.9	1.6	2.0
62	Ohio	1.7	1.7	1.0	1.8	1.7	2.3
63	Louisville	1.7	2.0	2.0	1.7	1.8	2.3
64	LA Lafayette	1.8	2.3	2.0	1.6	1.9	1.3
65	Stanford	1.8	2.0	4.0	1.0	2.3	4.0
66	Michigan St	1.8	3.0	6.0	1.0	2.7	2.3
67	Maryland	1.8	2.7	2.0	2.2	1.5	3.2
68	Michigan	1.8	1.3	3.0	1.9	1.8	2.2
69	S Florida	1.8	1.3	3.0	1.2	2.3	2.2
70	Pittsburgh	1.8	2.3	5.0	1.3	2.3	2.5
71	Houston	1.9	1.3	1.0	--	1.9	2.7
72	N Carolina	1.9	1.3	1.0	2.5	1.3	3.3
73	Utah State	1.9	1.7	0.0	1.3	2.5	2.4
74	California	1.9	1.0	0.0	1.3	2.7	0.8
75	Cincinnati	1.9	2.3	1.0	2.4	1.6	1.9
76	LA Tech	2.0	2.0	3.0	2.2	1.9	2.7
77	LSU	2.0	3.3	2.0	2.0	2.0	2.1
78	Baylor	2.0	1.7	2.0	2.0	2.0	1.7
79	Wake Forest	2.0	1.7	0.0	2.1	1.8	2.1
80	Vanderbilt	2.1	3.3	1.0	2.8	1.4	1.5
81	Tennessee	2.1	2.3	2.0	1.7	2.6	0.3
82	Wisconsin	2.1	3.3	3.0	2.2	2.0	2.5
83	Purdue	2.1	2.3	1.0	2.2	2.0	1.9
84	Clemson	2.1	3.0	5.0	1.2	2.8	2.5
85	Buffalo	2.1	1.7	2.0	2.0	2.2	2.2
86	Arizona	2.2	1.7	1.0	2.1	2.2	2.7
87	Florida Intl	2.2	1.3	2.0	1.2	2.9	2.6
88	Colorado St	2.2	0.7	1.0	2.6	1.9	3.4
89	Minnesota	2.2	2.3	3.0	1.5	2.8	1.1
90	San Jose St	2.2	2.7	4.0	1.8	2.5	1.9
91	Indiana	2.2	2.0	1.0	2.4	1.8	2.9
92	S Mississippi	2.2	2.7	4.0	1.5	2.9	1.8
93	Rice	2.2	1.3	3.0	1.3	3.0	2.5
94	UCLA	2.2	2.7	0.0	2.1	2.4	2.8
95	TX El Paso	2.2	2.7	4.0	1.7	2.8	2.1
96	Ohio State	2.2	2.0	3.0	2.0	2.5	1.4
97	NC State	2.2	2.7	1.0	2.7	1.8	2.4
98	Illinois	2.3	3.0	5.0	2.0	2.5	1.2
99	S Methodist	2.3	1.3	2.0	2.0	2.5	2.4
100	North Texas	2.3	2.3	1.0	2.2	2.4	3.2
101	Miami (FL)	2.3	2.0	2.0	2.6	2.1	2.1
102	Central Mich	2.3	2.0	1.0	2.0	2.5	1.5
103	Idaho	2.5	3.3	7.0	2.6	2.3	2.6
104	Colorado	2.5	2.7	5.0	1.8	3.0	1.3
105	Syracuse	2.5	3.3	3.0	2.0	2.8	4.5
106	W Kentucky	2.5	3.7	2.0	2.0	2.8	1.8
107	Temple	2.5	2.0	2.0	2.2	2.7	6.7
108	Kansas	2.5	3.0	3.0	1.7	3.3	1.9
109	Arizona St	2.5	3.0	3.0	2.8	2.2	4.2
110	Washington	2.6	2.3	3.0	3.1	1.8	1.8
111	Arkansas St	2.6	2.0	2.0	1.0	3.6	3.2
112	LA Monroe	2.7	2.7	0.0	2.5	2.9	1.5
113	Miss State	2.7	4.7	11.0	2.0	3.3	1.7
114	VA Tech	2.8	2.0	3.0	2.8	2.9	3.8
115	S Carolina	3.1	2.0	1.0	3.3	2.8	2.6
116	Wash State	3.2	4.0	5.0	2.0	4.0	1.8
117	N Mex State	3.2	4.3	6.0	3.0	3.3	2.2
118	Hawaii	3.2	6.0	8.0	4.0	2.6	3.2
119	Texas A&M	3.2	4.0	6.0	3.6	2.8	1.2
120	Arkansas	3.6	4.7	6.0	3.6	3.7	0.8
