1	Air Force	0.2	0.3	1.0	0.0	0.3	0.0
2	Toledo	0.7	0.7	0.0	0.6	0.8	0.2
3	Connecticut	0.8	0.3	0.0	1.2	0.5	0.2
4	Rice	0.8	0.0	0.0	1.2	0.6	0.1
5	Louisville	0.8	0.0	--	1.0	0.7	0.2
6	Arkansas	0.8	0.0	0.0	0.8	0.9	0.0
7	S Carolina	0.9	1.0	2.0	0.8	1.2	0.1
8	Virginia	0.9	1.0	1.0	0.7	1.1	0.3
9	Memphis	1.0	1.0	1.0	1.3	0.7	0.0
10	W Virginia	1.1	1.0	2.0	0.7	1.5	0.0
11	UAB	1.1	0.7	0.0	1.6	0.7	0.2
12	Minnesota	1.2	1.7	1.0	0.7	1.8	0.0
13	Miami (FL)	1.2	1.7	2.0	1.2	1.2	0.0
14	Syracuse	1.3	2.3	3.0	1.2	1.4	0.3
15	Navy	1.3	1.0	1.0	0.2	1.9	0.0
16	Arkansas St	1.3	1.3	0.0	0.5	1.5	0.1
17	Kansas St	1.3	1.0	2.0	1.7	1.0	0.0
18	Nebraska	1.3	1.0	0.0	1.0	1.5	0.2
19	USC	1.3	1.0	1.0	1.3	1.3	0.2
20	Miami (OH)	1.3	0.0	--	1.6	1.1	0.2
21	Wake Forest	1.3	2.0	2.0	1.1	1.6	0.0
22	Utah	1.3	1.3	3.0	1.2	1.5	0.0
23	VA Tech	1.4	1.7	2.0	0.8	2.0	0.3
24	NC State	1.4	1.0	0.0	1.5	1.3	0.0
25	Mississippi	1.5	1.0	0.0	1.4	1.5	0.0
26	Maryland	1.5	1.3	1.0	0.8	2.0	0.2
27	LSU	1.5	3.0	5.0	0.7	2.3	0.3
28	Vanderbilt	1.5	1.0	1.0	1.3	1.8	0.2
29	Penn State	1.6	2.0	4.0	1.0	2.4	0.0
30	Oklahoma St	1.6	1.7	3.0	1.3	1.8	0.2
31	Kansas	1.6	1.3	1.0	2.2	1.2	0.4
32	Arizona	1.6	1.3	2.0	1.6	1.6	0.0
33	Boise State	1.6	2.0	--	1.4	1.7	0.1
34	Colorado St	1.6	1.0	1.0	1.0	2.2	0.4
35	North Texas	1.6	2.3	3.0	0.8	2.1	0.2
36	Missouri	1.7	1.7	1.0	0.6	2.4	0.0
37	Clemson	1.7	0.7	1.0	1.7	1.7	0.3
38	Northwestern	1.7	2.0	1.0	1.3	2.0	0.2
39	Idaho	1.7	0.7	0.0	1.8	1.7	0.2
40	San Jose St	1.7	1.7	0.0	1.5	1.8	0.2
41	Cincinnati	1.7	2.7	2.0	1.0	2.3	0.0
42	LA Lafayette	1.7	1.7	1.0	1.6	1.8	0.0
43	Bowling Grn	1.8	1.0	2.0	1.0	2.3	0.0
44	Wash State	1.8	1.3	0.0	2.0	1.6	0.0
45	Hawaii	1.8	2.0	6.0	1.1	2.5	0.0
46	Illinois	1.8	1.7	2.0	2.4	1.3	0.3
47	Ball State	1.8	2.0	3.0	2.4	1.3	0.2
48	Tulsa	1.8	2.3	7.0	1.0	2.4	0.1
49	Michigan	1.8	3.0	9.0	0.9	3.0	0.2
50	Iowa	1.8	1.7	2.0	1.4	2.3	0.2
51	Boston Col	1.8	3.3	3.0	0.7	2.9	0.0
52	Houston	1.8	1.3	1.0	1.2	2.4	0.2
53	LA Monroe	1.9	2.0	1.0	2.3	1.7	0.2
54	Central Mich	1.9	2.3	2.0	1.8	2.0	1.1
55	New Mexico	1.9	0.5	--	1.7	2.2	0.1
56	Rutgers	1.9	2.7	0.0	1.2	2.7	0.0
57	Texas	1.9	3.7	7.0	2.7	1.0	0.6
58	Texas Tech	1.9	0.7	1.0	1.1	2.8	0.5
59	Fresno St	2.0	3.7	1.0	1.6	2.2	0.2
60	N Carolina	2.0	2.0	3.0	1.8	2.2	0.1
61	Oklahoma	2.0	3.7	5.0	1.8	2.1	0.1
62	Nevada	2.0	1.7	0.0	1.6	2.3	0.2
63	Florida St	2.0	1.3	1.0	1.5	2.4	0.4
64	Central FL	2.0	2.7	4.0	1.8	2.1	0.3
65	Notre Dame	2.0	1.7	3.0	2.7	1.3	0.3
66	Buffalo	2.0	1.7	2.0	2.0	2.0	0.0
67	California	2.1	1.3	2.0	1.7	2.4	0.1
68	GA Tech	2.1	1.7	1.0	2.7	1.6	0.0
69	Auburn	2.2	1.3	1.0	2.0	2.3	0.1
70	TX Christian	2.2	4.0	--	1.3	3.0	0.0
71	Arizona St	2.2	1.7	1.0	2.2	2.2	0.3
72	Wisconsin	2.2	3.0	6.0	2.4	2.0	0.6
73	Alabama	2.2	3.7	6.0	1.6	3.2	0.0
74	UNLV	2.2	1.3	1.0	1.7	2.8	0.1
75	Florida	2.2	2.3	3.0	1.4	2.9	0.2
76	Ohio	2.3	2.7	3.0	2.2	2.3	0.2
77	Kentucky	2.3	2.7	2.0	2.2	2.4	0.3
78	Tulane	2.3	2.0	5.0	2.6	2.0	0.0
79	San Diego St	2.3	1.3	1.0	2.8	2.0	0.3
80	N Illinois	2.4	1.7	4.0	1.2	3.0	0.5
81	Michigan St	2.4	3.3	5.0	0.0	2.8	0.0
82	Tennessee	2.4	2.7	6.0	1.4	3.5	0.2
83	Kent State	2.5	2.0	1.0	2.4	2.5	0.0
84	Middle Tenn	2.5	2.3	3.0	3.2	1.8	0.0
85	Marshall	2.5	2.0	3.0	1.5	3.0	0.1
86	S Mississippi	2.5	2.7	5.0	2.0	2.9	0.0
87	Washington	2.5	4.3	4.0	2.0	2.9	0.2
88	Ohio State	2.5	3.0	0.0	2.9	2.0	0.2
89	Purdue	2.6	3.3	5.0	1.3	4.2	0.0
90	E Carolina	2.7	3.3	4.0	2.5	2.8	0.1
91	Army	2.7	3.3	1.0	2.8	2.6	0.0
92	N Mex State	2.7	3.0	3.0	1.7	3.1	0.2
93	Texas A&M	2.8	4.3	6.0	2.3	3.4	0.0
94	BYU	2.8	2.0	0.0	2.2	3.1	0.1
95	LA Tech	2.8	2.3	1.0	1.8	3.2	0.2
96	Troy	2.8	1.7	3.0	2.0	3.0	0.1
97	Oregon St	2.8	5.0	--	2.0	3.8	0.0
98	Miss State	2.8	2.3	3.0	3.0	2.7	0.2
99	Oregon	2.8	2.7	4.0	2.5	3.1	0.0
100	Temple	2.9	4.0	1.0	3.8	2.3	0.0
101	W Michigan	2.9	2.3	2.0	2.8	3.0	1.1
102	Iowa State	2.9	3.0	3.0	3.7	2.0	0.4
103	Utah State	2.9	1.7	3.0	1.8	3.5	0.0
104	TX El Paso	3.0	2.0	4.0	3.6	2.5	0.0
105	E Michigan	3.0	1.3	2.0	2.8	3.2	1.9
106	Akron	3.0	2.7	4.0	2.8	3.2	0.3
107	Duke	3.1	2.3	2.0	3.5	2.6	0.2
108	Stanford	3.1	4.0	7.0	2.0	3.7	0.0
109	S Florida	3.1	2.3	4.0	4.5	2.0	0.0
110	Pittsburgh	3.3	5.0	5.0	4.8	2.0	0.2
111	Colorado	3.3	2.7	2.0	3.3	3.3	0.1
112	Georgia	3.4	3.7	3.0	2.8	3.8	0.2
113	Wyoming	3.4	4.0	4.0	3.6	3.2	0.5
114	S Methodist	3.4	2.3	4.0	4.0	2.8	0.2
115	Indiana	3.5	3.0	3.0	3.4	3.7	0.0
116	Baylor	3.7	1.7	1.0	3.3	4.2	0.3
117	UCLA	3.9	4.7	2.0	4.5	3.4	0.0
