1	Boise State	0.3	0.0	0.0	0.5	0.1	1.2
2	Stanford	0.6	0.7	1.0	0.4	0.8	1.8
3	Army	0.8	0.3	1.0	0.6	1.0	0.8
4	Air Force	0.8	0.7	1.0	1.2	0.6	0.4
5	Oklahoma St	0.8	1.0	1.0	0.7	1.0	1.2
6	TX Christian	0.9	1.0	2.0	0.4	1.3	1.2
7	GA Tech	0.9	1.3	3.0	1.0	0.9	1.2
8	Oregon	1.0	0.3	1.0	0.9	1.2	1.6
9	North Texas	1.0	1.3	1.0	1.2	0.8	2.3
10	Georgia	1.0	0.3	0.0	0.8	1.1	1.7
11	Nevada	1.0	1.7	3.0	0.8	1.1	1.3
12	Arizona	1.1	1.0	2.0	0.8	1.3	2.2
13	E Carolina	1.2	1.0	3.0	0.4	1.6	1.3
14	Oklahoma	1.2	1.7	0.0	0.6	1.6	0.9
15	Michigan St	1.2	0.7	1.0	1.7	0.7	1.8
16	Kentucky	1.2	1.3	1.0	1.7	0.7	0.8
17	UNLV	1.2	1.3	2.0	1.7	0.6	0.9
18	Houston	1.2	0.7	0.0	--	1.2	1.9
19	Central Mich	1.2	1.7	2.0	0.5	1.6	2.3
20	Pittsburgh	1.2	2.0	2.0	1.3	1.2	1.8
21	N Illinois	1.2	1.0	1.0	1.2	1.3	1.3
22	Cincinnati	1.2	2.0	4.0	0.6	1.7	1.9
23	LA Lafayette	1.3	3.0	2.0	1.4	1.2	1.8
24	Iowa State	1.3	2.3	2.0	1.4	1.3	1.5
25	Nebraska	1.4	1.3	0.0	1.9	0.9	1.5
26	Indiana	1.4	2.0	3.0	1.6	1.2	2.2
27	LA Monroe	1.4	2.0	4.0	1.5	1.3	2.7
28	Clemson	1.4	0.7	0.0	1.5	1.3	2.1
29	Tennessee	1.4	2.3	6.0	0.9	2.2	2.1
30	USC	1.4	1.3	1.0	1.3	1.4	1.4
31	S Mississippi	1.4	1.0	0.0	1.8	1.1	2.2
32	Penn State	1.4	1.7	1.0	1.3	1.6	1.1
33	San Diego St	1.5	1.7	3.0	1.2	1.7	1.3
34	Kent State	1.5	2.3	4.0	2.0	1.0	1.3
35	Memphis	1.5	2.0	1.0	1.2	1.7	1.2
36	Mississippi	1.5	1.3	3.0	0.4	2.3	1.3
37	Middle Tenn	1.5	1.0	1.0	1.2	1.7	1.1
38	Connecticut	1.5	0.3	1.0	1.2	1.7	1.1
39	Toledo	1.5	1.7	1.0	2.0	1.1	1.3
40	Utah	1.5	1.7	3.0	1.5	1.6	1.6
41	Boston Col	1.6	2.3	2.0	1.2	2.0	1.4
42	Missouri	1.6	1.7	4.0	1.8	1.4	1.2
43	W Virginia	1.6	1.7	0.0	1.3	1.8	1.5
44	Navy	1.6	1.0	1.0	1.4	1.8	1.1
45	Alabama	1.6	3.0	5.0	0.7	2.4	1.7
46	BYU	1.7	1.7	1.0	2.3	1.1	1.5
47	Buffalo	1.7	1.3	2.0	2.2	1.3	2.1
48	UAB	1.8	2.7	3.0	1.6	1.9	1.5
49	Auburn	1.8	3.0	3.0	1.1	2.6	1.5
50	Fresno St	1.8	1.3	3.0	1.5	1.9	1.2
51	Fla Atlantic	1.8	3.7	4.0	1.4	2.0	1.1
52	Temple	1.8	2.0	3.0	1.4	2.0	2.5
53	Ohio State	1.8	2.7	4.0	1.1	2.5	2.2
54	Miss State	1.8	2.7	2.0	1.8	1.8	2.7
55	Colorado St	1.8	1.7	4.0	2.0	1.7	2.2
56	N Mex State	1.8	2.0	1.0	1.0	2.4	3.2
57	Arkansas	1.8	0.3	0.0	1.6	2.0	3.6
58	Troy	1.8	2.7	4.0	1.4	2.1	0.8
59	N Carolina	1.9	1.3	3.0	1.6	2.2	1.9
60	Florida St	1.9	2.7	5.0	1.8	2.0	1.5
61	Wisconsin	1.9	2.0	1.0	1.8	2.0	2.1
62	Idaho	1.9	2.0	1.0	1.7	2.1	2.5
63	Marshall	2.0	1.0	2.0	2.2	1.9	0.9
64	Purdue	2.0	2.0	4.0	1.3	3.0	2.1
65	Notre Dame	2.1	2.0	2.0	2.1	2.0	1.5
66	TX El Paso	2.1	1.7	0.0	1.7	2.5	2.2
67	Iowa	2.1	2.3	2.0	2.3	1.8	1.4
68	Vanderbilt	2.1	1.3	2.0	2.2	2.0	2.1
69	W Michigan	2.1	2.7	1.0	2.0	2.1	1.3
70	UCLA	2.2	0.7	1.0	2.2	2.1	2.2
71	VA Tech	2.2	2.0	1.0	2.8	1.6	2.8
72	Florida	2.2	1.3	2.0	2.8	1.6	1.1
73	Kansas St	2.2	2.0	4.0	1.2	2.8	1.5
74	Texas A&M	2.2	2.0	2.0	1.9	2.7	3.2
75	Ohio	2.2	3.3	4.0	3.0	1.8	1.7
76	Bowling Grn	2.2	1.0	1.0	1.7	2.7	1.7
77	E Michigan	2.2	2.7	2.0	3.2	1.6	1.6
78	Oregon St	2.2	1.0	0.0	3.4	1.4	1.2
79	Washington	2.2	2.3	2.0	2.0	2.6	2.6
80	Michigan	2.3	2.3	1.0	2.3	2.2	1.8
81	Ball State	2.3	2.0	1.0	1.6	2.8	1.1
82	Texas	2.3	4.0	1.0	1.7	2.8	1.6
83	Akron	2.4	1.0	0.0	1.2	3.3	1.3
84	LA Tech	2.4	2.3	2.0	1.5	2.9	2.0
85	Arizona St	2.4	3.7	5.0	2.7	2.0	2.5
86	Rice	2.4	1.3	0.0	2.8	2.0	2.2
87	Tulane	2.5	1.7	1.0	2.4	2.5	1.5
88	Syracuse	2.5	2.0	2.0	1.9	3.5	2.5
89	Texas Tech	2.5	1.3	1.0	2.8	2.2	1.0
90	Northwestern	2.5	1.7	3.0	2.2	2.8	1.6
91	California	2.5	3.0	4.0	2.0	2.9	1.9
92	LSU	2.5	2.0	2.0	2.1	3.0	2.0
93	Wake Forest	2.5	2.0	2.0	2.3	2.8	2.0
94	Illinois	2.6	0.7	1.0	3.0	2.3	2.3
95	Hawaii	2.7	3.7	6.0	2.2	3.2	3.2
96	Central FL	2.7	2.7	6.0	1.7	3.7	1.5
97	Duke	2.7	1.7	0.0	2.2	3.0	1.5
98	NC State	2.7	3.3	2.0	2.7	2.8	2.2
99	Miami (FL)	2.8	2.3	5.0	2.0	3.3	2.3
100	Arkansas St	2.8	2.3	3.0	1.8	3.4	2.6
101	Baylor	2.8	3.3	4.0	3.0	2.7	2.0
102	Florida Intl	2.8	1.0	0.0	--	2.8	2.2
103	S Carolina	2.8	3.3	3.0	2.8	2.8	3.1
104	Kansas	2.9	3.0	2.0	2.0	3.7	2.5
105	S Methodist	2.9	3.0	2.0	2.2	3.4	2.3
106	Minnesota	3.0	4.7	2.0	3.5	2.5	2.2
107	Wyoming	3.0	2.3	2.0	2.0	3.7	1.1
108	Utah State	3.0	2.7	2.0	3.0	3.0	1.9
109	San Jose St	3.0	3.3	4.0	2.4	3.5	2.2
110	W Kentucky	3.1	3.7	7.0	--	3.1	2.5
111	S Florida	3.2	3.3	5.0	2.8	3.4	1.8
112	Maryland	3.2	3.7	4.0	3.7	2.6	1.8
113	Louisville	3.3	3.0	2.0	3.0	3.5	1.7
114	New Mexico	3.4	3.7	3.0	3.5	3.3	1.0
115	Rutgers	3.5	2.3	1.0	3.6	3.3	1.2
116	Virginia	3.5	3.3	2.0	2.8	4.4	1.4
117	Colorado	3.6	2.7	1.0	4.2	3.0	2.5
118	Tulsa	4.1	3.7	2.0	3.6	4.5	1.5
119	Wash State	4.4	2.7	5.0	3.5	5.3	3.2
120	Miami (OH)	4.8	5.7	6.0	6.6	3.6	1.6
