1	Oklahoma	0.5	0.7	2.0	0.3	0.8	2.0
2	Michigan St	0.7	0.7	1.0	0.3	1.0	2.4
3	Memphis	0.7	1.0	0.0	0.2	1.0	1.0
4	Minnesota	0.7	0.7	0.0	0.4	1.0	1.2
5	LA Monroe	0.9	1.3	0.0	0.3	1.2	1.9
6	Texas	0.9	1.0	1.0	0.5	1.3	1.9
7	Northwestern	1.0	0.7	0.0	1.3	0.7	1.7
8	E Michigan	1.0	0.3	0.0	0.4	1.6	3.0
9	Cincinnati	1.0	1.7	0.0	1.2	0.9	1.7
10	Bowling Grn	1.1	2.0	2.0	1.2	1.0	1.8
11	Auburn	1.2	1.3	2.0	1.3	1.0	2.2
12	Arkansas	1.2	1.3	3.0	1.4	0.8	0.8
13	Air Force	1.2	0.0	0.0	1.2	1.2	0.2
14	Tennessee	1.2	0.3	1.0	1.4	1.0	2.4
15	Penn State	1.3	1.3	1.0	1.0	1.6	1.6
16	Hawaii	1.3	0.7	1.0	1.0	2.0	1.8
17	Oklahoma St	1.3	1.3	1.0	1.0	1.7	1.6
18	Virginia	1.3	1.3	1.0	0.8	1.8	0.9
19	Connecticut	1.4	0.3	0.0	1.0	1.8	0.8
20	Alabama	1.4	2.3	3.0	1.0	1.8	2.2
21	N Illinois	1.4	2.0	0.0	1.8	1.1	2.4
22	North Texas	1.4	2.7	5.0	0.8	1.7	1.6
23	TX El Paso	1.5	1.7	2.0	1.0	1.8	3.0
24	Toledo	1.5	1.7	4.0	0.6	2.0	0.7
25	Florida	1.5	2.3	5.0	0.7	2.3	2.2
26	Utah	1.5	1.7	2.0	1.3	1.7	1.3
27	New Mexico	1.5	1.3	0.0	1.8	1.3	1.9
28	S Mississippi	1.5	1.7	1.0	1.8	1.3	2.5
29	Colorado	1.5	2.3	3.0	1.0	2.0	3.3
30	Army	1.5	1.7	2.0	1.4	1.7	2.7
31	Syracuse	1.6	0.3	0.0	1.6	1.6	1.3
32	W Michigan	1.6	2.3	4.0	0.8	2.2	2.9
33	Navy	1.6	1.0	1.0	1.6	1.6	1.3
34	Arkansas St	1.6	1.0	0.0	2.0	1.4	1.3
35	Tulane	1.7	1.7	4.0	1.6	1.8	2.3
36	Rutgers	1.7	2.3	2.0	1.4	2.0	1.9
37	Nebraska	1.7	1.7	3.0	1.6	1.8	1.3
38	W Virginia	1.7	1.7	0.0	2.0	1.5	1.1
39	Missouri	1.7	2.3	0.0	1.8	1.6	1.7
40	Rice	1.7	3.7	2.0	1.8	1.7	0.8
41	S Carolina	1.7	1.3	1.0	2.0	1.4	0.9
42	N Carolina	1.7	1.3	2.0	2.2	1.3	2.0
43	Fresno St	1.7	1.7	1.0	1.5	1.9	2.0
44	S Florida	1.8	0.7	1.0	1.6	2.0	3.1
45	Georgia	1.8	2.7	1.0	2.4	1.3	3.4
46	Ohio State	1.8	1.0	0.0	1.7	2.0	2.5
47	UCLA	1.8	3.7	6.0	1.3	2.3	3.9
48	Miss State	1.9	3.0	4.0	1.0	3.2	2.8
49	Kansas St	1.9	1.3	3.0	2.5	1.0	1.3
50	Buffalo	1.9	2.7	1.0	2.2	1.7	2.0
51	Texas Tech	1.9	1.7	1.0	2.4	1.6	1.9
52	Boston Col	2.0	2.3	1.0	1.5	2.3	1.8
53	Illinois	2.0	2.3	4.0	1.3	3.0	1.8
54	Miami (FL)	2.0	1.7	0.0	2.0	2.0	1.2
55	Notre Dame	2.0	2.0	2.0	2.0	2.0	2.0
56	Texas A&M	2.0	3.3	1.0	1.5	2.5	2.8
57	USC	2.1	1.7	1.0	1.7	2.4	1.3
58	Louisville	2.1	3.3	0.0	2.6	1.7	0.8
59	Wisconsin	2.1	4.3	7.0	1.7	2.5	2.2
60	California	2.1	2.0	3.0	1.2	2.7	2.1
61	Mississippi	2.1	2.7	1.0	2.3	1.8	1.5
62	S Methodist	2.1	3.3	5.0	1.2	2.8	3.4
63	Arizona	2.1	2.0	2.0	2.2	2.0	1.6
64	Miami (OH)	2.2	2.0	3.0	2.0	2.2	1.3
65	Boise State	2.2	2.7	2.0	2.3	2.0	1.6
66	Kentucky	2.2	0.7	1.0	1.3	3.2	2.3
67	Clemson	2.2	2.0	2.0	1.8	2.6	1.7
68	UNLV	2.3	3.0	4.0	2.2	2.3	2.2
69	Washington	2.3	3.7	4.0	2.2	2.4	2.5
70	Kansas	2.3	1.7	0.0	2.3	2.2	1.6
71	Colorado St	2.3	1.7	1.0	1.8	2.8	1.6
72	Middle Tenn	2.3	1.7	1.0	1.2	3.0	2.5
73	Purdue	2.3	3.3	2.0	2.7	2.0	2.6
74	Indiana	2.4	3.0	6.0	1.4	3.2	3.5
75	Michigan	2.4	1.7	1.0	3.3	1.5	1.8
76	Florida St	2.4	3.7	2.0	2.0	2.8	2.0
77	LA Lafayette	2.4	2.7	2.0	1.5	3.2	1.7
78	Wash State	2.5	2.3	3.0	3.6	1.5	1.8
79	Nevada	2.5	1.3	0.0	0.8	3.8	2.0
80	LSU	2.5	4.0	5.0	1.6	3.8	1.5
81	N Mex State	2.6	4.3	5.0	1.0	3.8	2.7
82	UAB	2.6	2.0	2.0	2.6	2.6	1.1
83	Wake Forest	2.6	3.7	6.0	2.4	2.8	1.3
84	San Jose St	2.6	2.3	1.0	3.0	2.3	1.7
85	Central Mich	2.6	4.3	3.0	1.5	3.3	1.9
86	TX Christian	2.6	4.0	3.0	2.2	3.2	2.2
87	Tulsa	2.6	3.3	4.0	2.2	3.0	1.8
88	Troy	2.6	2.0	1.0	2.8	2.6	2.8
89	Baylor	2.8	3.7	7.0	3.2	2.4	3.7
90	NC State	2.8	4.7	4.0	4.0	1.6	1.4
91	San Diego St	2.8	2.3	3.0	3.0	2.7	2.3
92	Maryland	2.8	2.7	4.0	3.8	1.6	1.5
93	Marshall	2.8	2.3	3.0	3.4	2.4	2.5
94	E Carolina	2.9	2.7	3.0	2.2	3.5	2.7
95	Iowa State	2.9	2.3	0.0	--	2.9	2.9
96	Wyoming	2.9	4.3	4.0	1.4	4.2	3.4
97	GA Tech	2.9	5.3	5.0	2.8	3.0	2.1
98	LA Tech	2.9	2.0	2.0	1.8	3.7	2.8
99	VA Tech	2.9	2.7	1.0	2.8	3.0	1.4
100	Temple	3.0	2.7	3.0	2.8	3.2	2.9
101	Kent State	3.0	1.3	2.0	2.2	3.5	2.5
102	Iowa	3.0	3.7	3.0	2.3	3.7	1.8
103	Oregon St	3.1	3.7	3.0	3.4	2.9	2.8
104	Akron	3.2	4.7	6.0	3.6	2.8	3.0
105	Vanderbilt	3.2	2.7	2.0	2.2	4.2	1.5
106	Arizona St	3.2	3.0	3.0	2.5	4.0	2.2
107	Utah State	3.3	1.7	0.0	2.0	3.4	2.9
108	Pittsburgh	3.4	5.0	9.0	2.4	4.2	3.3
109	BYU	3.5	3.7	3.0	3.5	3.6	2.8
110	Ball State	3.5	3.0	5.0	2.8	4.2	1.8
111	Idaho	3.6	4.7	10.0	2.5	4.1	1.7
112	Stanford	3.6	5.0	6.0	4.2	3.0	3.1
113	Oregon	3.7	5.0	7.0	3.3	4.2	2.8
114	Duke	3.8	4.7	6.0	5.0	3.0	3.1
115	Houston	4.0	4.0	4.0	2.0	5.7	1.8
116	Central FL	4.3	5.0	6.0	5.0	3.7	2.0
117	Ohio	4.9	5.7	7.0	5.0	4.8	2.3
