1	Tennessee	0.3	0.3	0.0	0.3	0.3	1.5
2	Oklahoma St	0.8	0.3	0.0	0.2	1.1	1.5
3	Arkansas	0.8	1.0	3.0	0.7	1.0	0.6
4	California	0.8	0.7	0.0	1.0	0.7	1.0
5	Rutgers	0.9	1.7	1.0	1.1	0.6	0.5
6	Memphis	1.0	0.7	1.0	1.2	0.8	1.2
7	Florida	1.0	0.7	1.0	0.4	1.7	1.8
8	W Virginia	1.0	1.0	0.0	1.0	1.0	1.2
9	Oklahoma	1.0	1.3	3.0	0.6	1.4	1.2
10	Air Force	1.0	0.0	0.0	1.4	0.7	1.6
11	Minnesota	1.1	1.3	0.0	1.2	1.0	1.3
12	Fla Atlantic	1.2	0.7	1.0	1.2	1.1	2.3
13	Navy	1.2	0.7	1.0	1.6	0.9	1.8
14	Illinois	1.2	2.0	5.0	0.6	1.6	2.4
15	Georgia	1.2	1.0	0.0	1.7	0.7	1.3
16	Texas A&M	1.2	2.0	1.0	0.8	1.7	1.6
17	LA Lafayette	1.3	1.0	2.0	1.4	1.2	2.3
18	Colorado	1.3	0.7	1.0	1.5	1.1	2.5
19	USC	1.3	1.3	2.0	2.0	0.7	1.3
20	Boise State	1.3	2.0	1.0	1.2	1.5	1.6
21	Fresno St	1.3	0.3	0.0	1.2	1.4	1.0
22	E Michigan	1.4	0.7	0.0	0.8	1.7	2.2
23	Kansas St	1.4	3.0	1.0	1.2	1.5	2.2
24	Toledo	1.4	1.0	3.0	1.0	1.8	2.5
25	Ohio State	1.4	2.3	5.0	1.7	1.2	1.5
26	UAB	1.5	0.3	0.0	1.5	1.4	2.3
27	Vanderbilt	1.5	1.7	2.0	1.7	1.0	1.6
28	Iowa State	1.5	1.0	1.0	0.8	2.2	3.2
29	Central Mich	1.5	3.0	6.0	0.8	1.8	1.9
30	Texas Tech	1.5	1.3	3.0	1.6	1.4	1.5
31	Nebraska	1.5	1.7	1.0	1.7	1.2	2.2
32	Central FL	1.5	2.0	3.0	1.0	2.0	1.7
33	Penn State	1.5	0.3	0.0	1.6	1.5	1.9
34	Boston Col	1.5	1.3	3.0	0.3	2.6	1.2
35	LA Monroe	1.5	1.7	1.0	1.8	1.4	1.1
36	Troy	1.6	3.0	2.0	1.8	1.4	2.3
37	Missouri	1.6	1.7	1.0	1.2	1.9	1.3
38	Miss State	1.7	1.7	1.0	1.8	1.6	2.5
39	BYU	1.7	1.3	3.0	1.0	1.7	1.2
40	Florida St	1.7	2.0	1.0	1.8	1.6	2.0
41	Baylor	1.7	2.3	5.0	2.0	1.5	3.1
42	Tulane	1.7	1.3	1.0	1.2	2.4	2.4
43	S Mississippi	1.8	2.3	4.0	1.8	1.7	1.4
44	TX Christian	1.8	1.7	2.0	1.7	1.9	1.2
45	N Illinois	1.8	2.3	5.0	2.0	1.7	1.8
46	GA Tech	1.8	4.0	3.0	2.3	1.3	1.6
47	Wash State	1.8	2.0	3.0	1.2	2.3	2.4
48	W Kentucky	1.8	1.3	0.0	2.0	1.8	4.0
49	Washington	1.8	1.7	1.0	1.7	2.0	1.6
50	Oregon	1.8	2.3	1.0	1.4	2.3	1.2
51	San Jose St	1.9	1.3	1.0	1.2	2.3	1.4
52	Purdue	1.9	2.7	2.0	2.0	1.8	1.5
53	New Mexico	1.9	2.0	2.0	2.0	1.8	3.1
54	Kansas	1.9	2.3	4.0	1.7	2.2	2.3
55	Cincinnati	1.9	3.3	3.0	2.8	1.3	2.6
56	Texas	1.9	2.3	2.0	1.0	2.7	1.6
57	E Carolina	2.0	2.0	2.0	2.2	1.9	2.2
58	Alabama	2.0	1.0	1.0	2.0	2.0	2.2
59	Ball State	2.0	3.3	6.0	1.0	2.6	2.4
60	Nevada	2.0	1.7	3.0	2.0	2.0	2.1
61	Wake Forest	2.1	2.7	2.0	1.8	2.3	1.9
62	Auburn	2.1	2.0	1.0	2.0	2.2	2.6
63	Miami (FL)	2.1	4.0	3.0	1.4	3.0	2.3
64	Middle Tenn	2.1	2.0	2.0	2.2	2.0	2.2
65	TX El Paso	2.1	3.0	2.0	1.8	2.3	2.1
66	LSU	2.1	1.0	1.0	1.4	2.9	1.4
67	Utah	2.2	2.0	0.0	2.0	2.3	1.2
68	Akron	2.2	2.0	4.0	1.5	2.5	2.6
69	S Florida	2.2	3.3	3.0	1.4	2.7	2.2
70	N Mex State	2.2	1.3	1.0	1.2	3.0	3.6
71	Tulsa	2.2	2.3	1.0	2.8	1.8	1.2
72	Miami (OH)	2.2	1.0	1.0	1.8	2.6	4.1
73	Buffalo	2.2	3.3	1.0	2.2	2.3	3.0
74	Michigan	2.2	3.7	3.0	1.9	2.8	1.8
75	Army	2.3	1.3	1.0	2.2	2.3	1.8
76	Ohio	2.3	2.7	3.0	3.0	1.9	1.4
77	Louisville	2.3	3.3	5.0	2.4	2.2	1.5
78	Michigan St	2.3	0.7	0.0	2.3	2.3	2.2
79	NC State	2.4	2.0	1.0	2.8	1.8	1.6
80	Utah State	2.4	2.3	2.0	1.8	2.9	1.5
81	S Methodist	2.4	2.7	3.0	2.2	2.7	2.8
82	Pittsburgh	2.5	3.0	1.0	1.7	3.4	2.0
83	Mississippi	2.5	1.7	1.0	2.5	2.4	2.5
84	Virginia	2.5	3.3	2.0	1.7	3.1	2.8
85	Bowling Grn	2.5	2.3	5.0	1.0	3.4	1.7
86	Clemson	2.5	2.7	3.0	2.3	2.7	1.1
87	Connecticut	2.5	2.3	2.0	1.5	3.5	2.7
88	UNLV	2.5	3.3	3.0	1.3	3.7	2.2
89	Wisconsin	2.5	1.3	3.0	1.3	3.7	2.2
90	W Michigan	2.5	1.0	1.0	3.4	1.8	1.3
91	Rice	2.5	1.0	2.0	2.2	2.8	2.4
92	Wyoming	2.6	3.3	1.0	1.8	3.3	3.3
93	Florida Intl	2.6	2.3	2.0	1.8	3.1	2.7
94	Idaho	2.6	2.0	2.0	3.0	2.3	2.1
95	Northwestern	2.6	2.7	2.0	2.3	3.0	2.3
96	S Carolina	2.6	1.3	0.0	3.0	2.2	1.8
97	Houston	2.7	3.0	5.0	3.0	2.6	2.5
98	San Diego St	2.7	1.3	2.0	1.6	3.7	1.9
99	LA Tech	2.7	2.3	3.0	2.2	3.0	2.4
100	Arizona	2.7	3.0	4.0	1.8	3.5	2.8
101	Oregon St	2.8	2.3	5.0	2.8	2.7	2.5
102	UCLA	2.8	4.0	3.0	2.7	2.9	1.6
103	Indiana	2.9	2.3	1.0	3.7	2.2	2.1
104	Kentucky	3.0	4.7	3.0	3.0	3.0	3.1
105	Kent State	3.1	2.7	4.0	4.2	2.4	2.7
106	Arkansas St	3.2	1.3	1.0	3.0	3.3	3.0
107	Marshall	3.2	2.0	1.0	2.0	4.2	1.5
108	Hawaii	3.2	4.7	8.0	2.4	3.8	2.0
109	North Texas	3.2	2.7	4.0	2.4	3.9	1.8
110	Maryland	3.2	3.0	2.0	3.2	3.3	1.7
111	N Carolina	3.3	2.7	2.0	2.6	3.8	2.0
112	Colorado St	3.4	4.0	4.0	5.0	3.2	3.5
113	Duke	3.8	4.3	3.0	4.8	3.0	3.2
114	Iowa	3.8	4.3	4.0	3.5	4.2	1.8
115	VA Tech	3.8	5.0	5.0	3.3	4.3	2.3
116	Stanford	4.0	3.3	1.0	4.0	4.0	4.2
117	Arizona St	4.2	4.0	4.0	2.9	6.4	3.0
118	Syracuse	4.5	5.7	11.0	4.9	4.0	3.8
119	Notre Dame	4.8	4.3	5.0	4.9	4.8	2.4
120	Temple	6.7	3.3	6.0	9.3	4.0	4.0
