1	Purdue	0.2	0.3	1.0	0.0	0.4	2.3
2	Minnesota	0.2	0.0	0.0	0.2	0.3	0.7
3	LA Monroe	0.4	0.0	0.0	0.0	0.7	0.9
4	LA Lafayette	0.5	0.0	0.0	0.2	0.7	2.4
5	GA Tech	0.5	0.7	0.0	0.7	0.3	2.9
6	E Michigan	0.6	0.3	1.0	0.4	0.8	1.0
7	Florida Intl	0.7	0.3	1.0	0.3	0.8	1.0
8	Toledo	0.7	1.0	0.0	0.5	0.9	1.5
9	S Mississippi	0.7	0.0	0.0	0.2	1.0	1.5
10	W Michigan	0.8	0.7	2.0	0.0	1.3	1.6
11	Kent State	0.8	0.3	1.0	0.0	1.3	3.0
12	S Methodist	0.8	0.7	0.0	0.8	0.8	2.1
13	Memphis	0.8	0.7	0.0	1.2	0.5	0.7
14	Northwestern	0.8	1.3	0.0	0.8	0.8	1.0
15	Arizona	0.9	0.3	1.0	0.8	1.0	2.1
16	Ohio	0.9	2.0	2.0	0.8	1.0	4.9
17	LA Tech	0.9	1.7	2.0	0.6	1.2	2.9
18	Penn State	0.9	0.3	0.0	1.3	0.4	1.3
19	San Jose St	1.0	1.0	2.0	1.0	1.0	2.6
20	Bowling Grn	1.0	0.7	1.0	0.8	1.2	1.1
21	Miami (OH)	1.0	1.3	0.0	1.2	0.8	2.2
22	Texas	1.1	1.0	0.0	0.8	1.3	0.9
23	Boston Col	1.1	1.3	2.0	0.3	1.8	2.0
24	San Diego St	1.1	0.3	1.0	1.3	0.8	2.8
25	Central Mich	1.1	0.3	1.0	0.4	1.7	2.6
26	Iowa	1.1	0.7	1.0	0.4	1.7	3.0
27	Fresno St	1.2	0.3	0.0	1.2	1.1	1.7
28	Missouri	1.2	0.7	0.0	1.7	0.7	1.7
29	Air Force	1.2	1.7	3.0	0.8	1.5	1.2
30	N Illinois	1.2	2.3	3.0	0.0	1.9	1.4
31	Texas A&M	1.2	3.0	4.0	1.0	1.4	2.0
32	UAB	1.2	1.3	1.0	2.5	0.3	2.6
33	Marshall	1.2	2.0	3.0	1.0	1.4	2.8
34	Wash State	1.2	1.7	0.0	1.0	1.4	2.5
35	USC	1.2	2.0	3.0	1.0	1.4	2.1
36	Rice	1.3	0.0	0.0	1.8	0.8	1.7
37	New Mexico	1.3	3.3	2.0	0.8	1.7	1.5
38	Tulane	1.3	2.0	2.0	2.3	0.9	1.7
39	Utah State	1.4	1.3	1.0	2.0	1.0	3.3
40	Idaho	1.4	1.3	1.0	1.2	1.4	3.6
41	North Texas	1.4	2.0	4.0	2.8	0.2	1.4
42	Arkansas	1.4	2.0	4.0	0.6	2.2	1.2
43	Alabama	1.4	3.7	0.0	0.9	2.2	1.4
44	E Carolina	1.5	1.7	1.0	1.2	1.7	2.9
45	Kansas	1.5	1.3	1.0	1.0	2.0	2.3
46	Navy	1.5	0.7	0.0	1.8	1.3	1.6
47	Ohio State	1.5	1.0	1.0	0.9	2.4	1.8
48	Colorado	1.5	2.3	3.0	1.8	1.3	1.5
49	Georgia	1.5	1.3	0.0	1.7	1.4	1.8
50	Tulsa	1.5	2.0	0.0	1.4	1.6	2.6
51	VA Tech	1.5	4.0	3.0	0.7	2.3	2.9
52	Rutgers	1.5	1.0	0.0	2.2	1.0	1.7
53	Buffalo	1.5	0.3	1.0	2.0	1.2	1.9
54	Boise State	1.6	2.7	3.0	1.5	1.7	2.2
55	Akron	1.6	1.7	3.0	0.6	2.2	3.2
56	Oregon	1.6	2.7	3.0	2.0	1.3	3.7
57	TX El Paso	1.6	3.7	3.0	0.8	2.3	1.5
58	W Virginia	1.6	0.7	2.0	1.8	1.5	1.7
59	Hawaii	1.7	0.3	1.0	1.6	1.8	1.3
60	Mississippi	1.7	1.7	4.0	0.2	3.2	2.1
61	Tennessee	1.7	2.0	3.0	1.2	2.4	1.2
62	Michigan St	1.7	0.7	2.0	1.0	2.6	0.7
63	Washington	1.7	0.0	0.0	2.0	1.4	2.3
64	Oklahoma	1.8	0.0	0.0	2.0	1.5	0.5
65	Notre Dame	1.8	2.3	5.0	1.8	1.7	2.0
66	Indiana	1.8	3.3	7.0	2.2	1.4	2.4
67	Temple	1.8	2.7	3.0	0.4	3.0	3.0
68	Vanderbilt	1.9	1.3	3.0	2.0	1.8	3.2
69	Army	1.9	1.0	3.0	2.6	1.2	1.5
70	Maryland	1.9	3.7	7.0	2.0	1.8	2.8
71	Kansas St	1.9	2.3	1.0	0.7	3.4	1.9
72	Auburn	1.9	2.3	4.0	1.7	2.2	1.2
73	Clemson	1.9	2.3	3.0	2.3	1.5	2.2
74	LSU	1.9	2.7	2.0	1.6	2.1	2.5
75	TX Christian	1.9	2.7	6.0	1.0	2.6	2.6
76	UNLV	2.0	3.0	0.0	1.8	2.2	2.3
77	California	2.0	1.0	1.0	2.2	1.8	2.1
78	Colorado St	2.0	1.3	3.0	0.8	2.9	2.3
79	Middle Tenn	2.0	3.7	4.0	1.2	2.7	2.3
80	Michigan	2.0	2.7	4.0	2.0	2.0	2.4
81	S Carolina	2.0	1.7	1.0	1.9	2.2	1.7
82	Florida St	2.1	2.3	1.0	2.2	2.0	2.4
83	Louisville	2.1	4.0	4.0	2.0	2.2	2.1
84	Wake Forest	2.1	1.3	2.0	2.0	2.2	2.6
85	S Florida	2.1	3.0	6.0	1.0	2.7	1.8
86	Oklahoma St	2.1	2.7	4.0	2.8	1.4	1.3
87	UCLA	2.2	2.3	1.0	1.2	3.2	1.8
88	Miami (FL)	2.2	4.0	4.0	2.0	2.3	2.0
89	BYU	2.2	1.3	1.0	1.6	2.7	3.5
90	Troy	2.2	2.3	3.0	1.8	2.5	2.6
91	Utah	2.2	3.7	0.0	2.7	1.8	1.5
92	Wyoming	2.3	2.0	2.0	2.4	2.2	2.9
93	Oregon St	2.3	0.3	1.0	2.8	1.8	3.1
94	Nevada	2.3	1.7	1.0	2.8	1.8	2.5
95	Fla Atlantic	2.4	1.0	3.0	1.8	2.7	3.3
96	Connecticut	2.4	2.3	4.0	2.6	2.2	1.4
97	Pittsburgh	2.4	1.0	1.0	1.8	3.0	3.4
98	Cincinnati	2.4	4.7	9.0	2.0	2.7	1.0
99	Kentucky	2.4	2.0	4.0	3.4	1.4	2.2
100	N Mex State	2.4	3.0	4.0	3.3	1.5	2.6
101	Illinois	2.5	2.3	2.0	2.5	2.4	2.0
102	Houston	2.5	2.0	2.0	1.8	3.0	4.0
103	Baylor	2.5	3.3	3.0	2.8	2.3	2.8
104	Arkansas St	2.5	2.3	4.0	2.0	2.9	1.6
105	Syracuse	2.6	3.3	3.0	2.7	2.6	1.6
106	Ball State	2.6	4.0	7.0	3.5	2.1	3.5
107	Duke	2.7	2.0	4.0	2.4	3.0	3.8
108	Virginia	2.8	3.0	1.0	2.7	3.0	1.3
109	Wisconsin	2.8	3.0	3.0	2.5	3.1	2.1
110	Central FL	2.8	2.7	3.0	1.6	3.6	4.3
111	Florida	2.9	3.0	2.0	2.6	3.4	1.5
112	Arizona St	3.0	2.3	1.0	2.6	3.6	3.2
113	N Carolina	3.0	2.7	3.0	2.3	3.8	1.7
114	NC State	3.1	3.0	3.0	2.7	3.6	2.8
115	Miss State	3.1	2.3	0.0	2.6	3.6	1.9
116	Stanford	3.1	5.3	7.0	5.8	0.4	3.6
117	Nebraska	3.3	3.7	5.0	3.2	3.4	1.7
118	Iowa State	3.4	3.3	5.0	--	3.4	2.9
119	Texas Tech	3.4	3.7	4.0	3.2	3.5	1.9
