1	Rutgers	0.5	0.0	0.0	0.2	0.7	1.5
2	Arkansas	0.6	1.0	1.0	0.8	0.5	1.4
3	California	1.0	1.0	0.0	1.0	1.0	2.0
4	Fresno St	1.0	0.7	1.0	0.5	1.5	1.2
5	Clemson	1.1	3.0	4.0	1.1	1.0	1.9
6	LA Monroe	1.1	0.7	1.0	1.3	1.0	0.4
7	TX Christian	1.2	1.7	2.0	1.6	0.9	1.9
8	Boston Col	1.2	1.3	3.0	0.7	1.7	1.1
9	W Virginia	1.2	2.3	1.0	1.3	1.0	1.6
10	Memphis	1.2	1.3	1.0	1.2	1.2	0.8
11	Oklahoma	1.2	1.3	2.0	1.2	1.2	1.8
12	BYU	1.2	1.0	1.0	0.8	1.6	2.2
13	Oregon	1.2	1.3	4.0	0.8	1.6	1.6
14	Utah	1.2	1.7	1.0	1.4	1.1	2.2
15	Tulsa	1.2	1.0	2.0	1.8	0.9	1.5
16	USC	1.3	1.3	1.0	0.7	1.9	1.2
17	W Michigan	1.3	1.7	2.0	0.6	1.8	0.8
18	Missouri	1.3	2.3	3.0	1.0	1.7	1.2
19	Georgia	1.3	1.3	2.0	1.5	1.2	1.5
20	Minnesota	1.3	1.0	2.0	0.8	1.7	0.2
21	S Mississippi	1.4	0.7	1.0	1.0	1.6	0.7
22	LSU	1.4	2.0	1.0	1.4	1.4	1.9
23	Ohio	1.4	2.0	1.0	1.2	1.4	0.9
24	San Jose St	1.4	1.0	1.0	0.8	2.0	1.0
25	Tennessee	1.5	2.3	2.0	1.3	1.7	1.7
26	Purdue	1.5	1.7	3.0	1.3	1.6	0.2
27	Ohio State	1.5	2.3	5.0	0.9	2.2	1.5
28	Louisville	1.5	1.0	2.0	1.0	1.9	2.1
29	Utah State	1.5	1.7	1.0	1.8	1.3	1.4
30	Texas Tech	1.5	1.7	2.0	1.6	1.4	3.4
31	Oklahoma St	1.5	1.7	1.0	1.6	1.4	2.1
32	Marshall	1.5	1.3	3.0	1.5	1.6	1.2
33	Texas	1.6	2.3	0.0	1.2	2.0	1.1
34	Washington	1.6	2.3	2.0	2.3	0.8	1.7
35	Boise State	1.6	2.3	3.0	1.4	1.7	1.6
36	Texas A&M	1.6	2.0	2.0	1.5	1.7	1.2
37	Air Force	1.6	1.3	2.0	2.0	1.2	1.2
38	UCLA	1.6	2.3	1.0	1.3	2.0	2.2
39	GA Tech	1.6	2.3	2.0	1.5	1.7	0.5
40	NC State	1.6	1.7	0.0	0.8	2.6	3.1
41	Vanderbilt	1.6	1.7	0.0	1.6	1.7	1.9
42	Bowling Grn	1.7	1.3	0.0	2.2	1.3	1.0
43	Maryland	1.7	0.7	0.0	1.7	1.7	1.9
44	Central FL	1.7	0.7	1.0	2.5	0.8	2.8
45	Iowa	1.8	1.0	2.0	1.7	1.8	1.1
46	North Texas	1.8	1.0	1.0	2.0	1.6	1.4
47	Navy	1.8	1.3	2.0	2.5	1.4	1.5
48	S Carolina	1.8	1.3	3.0	1.8	1.7	2.0
49	Florida	1.8	1.3	1.0	1.5	2.0	2.9
50	Army	1.8	2.7	4.0	2.0	1.7	1.9
51	N Illinois	1.8	1.7	5.0	1.4	2.1	1.2
52	Michigan	1.8	4.0	6.0	1.0	2.8	2.0
53	San Diego St	1.9	2.3	1.0	1.0	2.7	1.1
54	Penn State	1.9	1.0	0.0	2.0	1.8	0.9
55	Wake Forest	1.9	2.7	4.0	2.0	1.9	2.1
56	Central Mich	1.9	3.0	2.0	1.0	2.4	1.1
57	Florida St	2.0	1.7	1.0	2.6	1.0	2.1
58	N Carolina	2.0	0.7	0.0	1.7	2.4	3.0
59	Pittsburgh	2.0	3.7	2.0	3.0	0.8	2.4
60	Hawaii	2.0	3.7	4.0	2.4	1.4	1.7
61	Nevada	2.1	2.0	1.0	2.3	1.9	2.3
62	TX El Paso	2.1	3.7	2.0	1.2	3.0	1.6
63	Indiana	2.1	2.0	1.0	2.7	1.4	1.8
64	Idaho	2.1	3.0	1.0	2.0	2.1	1.4
65	Alabama	2.2	2.7	2.0	1.4	3.4	1.4
66	Wisconsin	2.2	3.3	6.0	1.8	2.5	2.8
67	Kansas St	2.2	3.0	3.0	1.9	2.6	1.9
68	E Michigan	2.2	1.7	3.0	1.8	2.4	0.6
69	UNLV	2.2	0.7	0.0	2.6	1.8	2.0
70	E Carolina	2.2	3.3	6.0	1.7	2.7	1.5
71	Nebraska	2.2	2.0	2.0	1.3	3.0	3.3
72	S Florida	2.2	3.0	1.0	1.0	3.1	2.1
73	Middle Tenn	2.2	3.3	3.0	2.8	2.0	2.0
74	Michigan St	2.2	3.0	3.0	2.7	1.6	1.7
75	Fla Atlantic	2.3	1.0	1.0	1.7	2.5	2.4
76	Kansas	2.3	2.7	3.0	2.2	2.4	1.5
77	Northwestern	2.3	2.3	3.0	2.8	2.0	0.8
78	LA Lafayette	2.3	2.0	2.0	2.0	2.5	0.5
79	VA Tech	2.3	2.0	3.0	2.0	2.8	1.5
80	UAB	2.3	3.7	4.0	1.8	2.8	1.2
81	Troy	2.3	2.3	2.0	1.8	2.6	2.2
82	Miami (FL)	2.3	2.7	4.0	2.0	2.7	2.2
83	Ball State	2.4	1.0	0.0	3.0	1.8	2.6
84	Illinois	2.4	1.3	3.0	2.0	2.8	2.5
85	Notre Dame	2.4	1.7	1.0	2.9	1.8	1.8
86	Rice	2.4	2.0	0.0	2.8	2.2	1.3
87	Wash State	2.4	3.7	5.0	2.0	2.8	1.2
88	LA Tech	2.4	1.7	1.0	2.0	2.6	0.9
89	Tulane	2.4	3.3	3.0	3.2	1.9	1.3
90	Mississippi	2.5	3.0	2.0	2.7	2.2	1.7
91	Toledo	2.5	1.7	1.0	2.4	2.5	0.7
92	Oregon St	2.5	1.3	0.0	3.2	2.0	2.3
93	Houston	2.5	3.3	3.0	1.6	3.7	2.5
94	Miss State	2.5	1.0	1.0	2.7	2.4	3.1
95	Colorado	2.5	2.3	4.0	2.2	2.8	1.5
96	Cincinnati	2.6	2.0	4.0	1.2	4.0	2.4
97	Akron	2.6	2.0	5.0	1.8	3.1	1.6
98	Auburn	2.6	3.7	5.0	2.9	2.2	1.9
99	Kent State	2.7	2.7	3.0	2.8	2.6	0.8
100	Florida Intl	2.7	3.3	6.0	3.6	2.0	0.7
101	Connecticut	2.7	3.0	1.0	2.2	3.4	2.4
102	Virginia	2.8	4.0	1.0	2.7	2.8	2.8
103	S Methodist	2.8	4.3	5.0	3.0	2.7	0.8
104	Arizona	2.8	2.3	2.0	3.3	2.2	0.9
105	Buffalo	3.0	3.0	2.0	3.6	2.6	1.5
106	Arizona St	3.0	3.0	4.0	3.6	2.6	3.0
107	Arkansas St	3.0	3.3	4.0	2.2	3.4	2.5
108	New Mexico	3.1	1.7	1.0	3.6	2.4	1.3
109	Kentucky	3.1	2.7	4.0	2.8	3.3	2.4
110	Baylor	3.1	4.3	5.0	2.3	4.0	2.5
111	Iowa State	3.2	3.0	1.0	--	3.2	3.4
112	Duke	3.2	2.3	3.0	3.3	3.0	2.7
113	Wyoming	3.3	2.0	3.0	3.2	3.5	2.3
114	Colorado St	3.5	2.3	3.0	3.8	3.4	2.0
115	N Mex State	3.6	1.7	0.0	3.6	3.6	2.4
116	Syracuse	3.8	3.7	1.0	4.0	3.5	2.6
117	Temple	4.0	4.0	6.0	4.2	3.9	1.8
118	Miami (OH)	4.1	2.3	3.0	3.8	4.3	1.0
119	Stanford	4.2	4.3	4.0	4.8	3.7	3.1
