1	Toledo	0.6	0.3	1.0	0.2	0.9	1.7
2	USC	0.7	1.0	1.0	0.6	0.8	1.4
3	Boise State	0.7	0.3	0.0	0.8	0.6	0.6
4	Texas A&M	0.7	0.7	1.0	0.6	0.8	2.9
5	Wyoming	0.7	0.7	1.0	0.8	0.7	2.5
6	Air Force	0.8	0.3	1.0	1.0	0.7	0.4
7	Middle Tenn	0.8	1.0	1.0	0.7	1.0	1.8
8	N Illinois	0.8	1.7	3.0	0.8	0.9	0.9
9	Oklahoma	0.8	1.7	2.0	0.3	1.3	1.9
10	Stanford	0.8	1.3	2.0	0.7	1.0	0.4
11	Army	0.9	0.7	1.0	0.7	1.0	0.6
12	Penn State	0.9	0.7	2.0	1.0	0.8	0.9
13	San Diego St	0.9	1.0	1.0	1.3	0.5	0.8
14	Oregon	0.9	1.0	2.0	1.0	0.8	0.8
15	Oklahoma St	0.9	0.3	1.0	0.5	1.3	0.8
16	TX Christian	1.0	0.3	0.0	1.3	0.7	0.7
17	LSU	1.1	1.3	2.0	1.4	0.9	1.8
18	GA Tech	1.1	0.7	0.0	1.5	0.7	1.3
19	Florida Intl	1.2	0.7	2.0	1.2	1.1	1.5
20	Houston	1.2	2.3	2.0	1.0	1.3	1.0
21	S Mississippi	1.2	1.0	2.0	0.8	1.5	1.3
22	Michigan St	1.2	0.3	1.0	1.3	1.1	1.8
23	Virginia	1.2	2.7	1.0	1.5	1.0	2.0
24	Tennessee	1.3	1.3	2.0	0.9	2.0	3.3
25	Navy	1.3	1.7	2.0	0.8	1.6	0.7
26	Notre Dame	1.3	3.0	4.0	0.9	1.8	1.5
27	VA Tech	1.3	1.7	2.0	1.8	1.0	2.6
28	Nevada	1.3	1.7	3.0	1.7	1.0	0.8
29	Tulsa	1.3	1.0	3.0	1.3	1.3	2.2
30	North Texas	1.3	0.0	0.0	0.7	2.0	2.3
31	Utah State	1.3	1.0	1.0	1.4	1.3	2.2
32	BYU	1.3	2.0	3.0	0.5	2.2	1.5
33	Temple	1.3	2.0	0.0	1.5	1.2	1.7
34	Alabama	1.4	1.0	1.0	2.2	0.4	2.7
35	Maryland	1.4	0.7	2.0	1.0	1.8	1.8
36	Michigan	1.4	1.7	3.0	0.6	2.6	0.8
37	E Michigan	1.4	1.7	4.0	0.5	2.0	1.8
38	San Jose St	1.4	1.0	0.0	1.2	1.6	2.5
39	Fresno St	1.4	1.3	3.0	1.0	1.7	2.9
40	Missouri	1.4	1.0	0.0	1.4	1.4	1.8
41	Minnesota	1.5	1.7	2.0	0.8	2.2	1.5
42	Central Mich	1.5	2.0	3.0	1.0	1.7	2.7
43	S Florida	1.5	1.3	2.0	1.5	1.4	2.3
44	W Michigan	1.5	1.3	1.0	0.8	1.9	2.5
45	Nebraska	1.5	3.0	6.0	1.2	1.8	1.8
46	Texas Tech	1.5	1.0	1.0	1.4	1.7	1.7
47	Miami (FL)	1.5	2.3	0.0	0.5	2.8	1.2
48	Duke	1.5	1.0	2.0	2.3	0.6	2.2
49	Ball State	1.6	0.7	2.0	1.2	1.9	1.3
50	LA Tech	1.6	1.0	1.0	0.8	2.0	1.4
51	Ohio	1.6	1.7	2.0	1.2	1.9	1.7
52	Tulane	1.7	0.7	0.0	0.6	2.4	2.2
53	Troy	1.7	1.3	1.0	2.0	1.4	1.8
54	UAB	1.7	1.0	1.0	1.6	1.7	1.0
55	Wisconsin	1.7	2.3	2.0	1.2	2.1	1.1
56	Rice	1.8	1.7	2.0	2.0	1.6	2.2
57	Memphis	1.8	1.0	1.0	0.8	2.7	3.0
58	W Kentucky	1.8	2.0	3.0	1.6	2.0	2.2
59	Florida	1.8	1.7	0.0	1.2	2.5	1.8
60	Miss State	1.8	1.3	1.0	2.0	1.7	1.8
61	Arkansas St	1.8	2.7	3.0	1.8	1.9	1.9
62	LA Lafayette	1.8	1.7	0.0	1.8	1.9	3.2
63	Cincinnati	1.8	1.7	3.0	1.6	2.0	2.8
64	Bowling Grn	1.9	0.7	0.0	2.0	1.8	2.9
65	UCLA	2.0	4.3	5.0	1.3	2.5	2.2
66	Iowa State	2.0	2.0	3.0	1.4	2.4	2.6
67	Buffalo	2.0	2.0	1.0	1.0	2.8	2.4
68	Arizona St	2.0	2.0	4.0	1.0	3.0	2.9
69	Arizona	2.0	1.7	2.0	3.0	1.2	2.5
70	Boston Col	2.0	1.7	2.0	1.8	2.2	2.4
71	Oregon St	2.0	3.0	6.0	1.0	2.8	2.9
72	Marshall	2.1	2.3	1.0	2.8	1.6	1.1
73	Arkansas	2.1	3.0	3.0	1.4	2.6	2.2
74	W Virginia	2.1	1.7	0.0	1.8	2.3	2.2
75	NC State	2.1	2.3	1.0	2.2	2.0	3.0
76	Texas	2.2	2.0	2.0	1.7	2.6	1.5
77	Colorado	2.2	0.7	1.0	1.2	2.8	1.8
78	Vanderbilt	2.2	1.3	2.0	2.3	2.0	2.9
79	Central FL	2.2	2.7	2.0	1.0	3.2	1.5
80	Clemson	2.2	3.0	3.0	1.7	2.7	1.5
81	Baylor	2.2	2.3	4.0	1.5	3.0	1.6
82	California	2.2	3.0	6.0	1.8	2.6	1.9
83	Purdue	2.2	2.7	2.0	2.5	2.0	1.5
84	N Carolina	2.2	1.3	1.0	2.2	2.3	3.0
85	Idaho	2.3	1.7	1.0	2.2	2.3	3.2
86	S Carolina	2.3	2.3	4.0	1.8	2.8	2.2
87	Syracuse	2.4	3.3	3.0	1.8	3.0	2.7
88	S Methodist	2.4	3.3	4.0	1.4	3.1	2.4
89	Iowa	2.4	2.3	3.0	2.2	2.7	1.5
90	Auburn	2.4	2.7	1.0	1.7	3.2	1.5
91	E Carolina	2.4	1.3	1.0	2.3	2.5	1.2
92	Georgia	2.5	3.0	4.0	2.0	2.8	2.0
93	Rutgers	2.5	3.0	0.0	2.2	2.8	5.3
94	Utah	2.5	2.7	2.0	2.4	2.6	0.6
95	Washington	2.6	1.7	0.0	2.3	2.8	1.8
96	Fla Atlantic	2.6	2.0	3.0	2.8	2.4	2.9
97	N Mex State	2.6	3.7	1.0	3.0	2.3	1.7
98	Mississippi	2.6	2.7	2.0	3.0	2.2	1.2
99	UNLV	2.6	2.7	3.0	2.8	2.6	2.2
100	Kent State	2.6	1.7	0.0	2.2	3.0	1.7
101	New Mexico	2.7	1.7	2.0	4.2	1.5	2.2
102	Indiana	2.7	2.7	1.0	2.4	3.0	1.1
103	Kansas	2.7	3.3	3.0	2.4	3.0	2.6
104	Wake Forest	2.8	3.3	6.0	3.0	2.5	2.4
105	Illinois	2.8	2.3	1.0	2.7	3.0	2.0
106	TX El Paso	2.9	3.0	4.0	2.6	3.2	1.4
107	Akron	3.0	3.0	4.0	3.4	2.7	2.7
108	Colorado St	3.0	2.3	3.0	2.6	3.3	3.7
109	LA Monroe	3.0	2.0	2.0	3.2	2.9	2.9
110	Wash State	3.0	2.7	7.0	2.0	3.6	4.4
111	Hawaii	3.1	2.7	2.0	3.5	2.7	3.0
112	Florida St	3.2	4.0	5.0	3.5	2.8	2.1
113	Kentucky	3.2	3.0	0.0	3.0	3.4	1.6
114	Louisville	3.3	3.0	5.0	3.4	3.3	1.3
115	Northwestern	3.4	5.3	8.0	4.0	3.0	3.2
116	Kansas St	3.4	5.3	7.0	3.7	3.2	2.4
117	Connecticut	3.5	2.3	6.0	2.3	4.8	1.1
118	Ohio State	3.5	4.3	6.0	3.4	3.7	1.6
119	Miami (OH)	3.9	6.3	5.0	3.5	4.3	2.5
120	Pittsburgh	4.7	7.0	7.0	3.9	5.8	1.8
