1	Stanford	0.4	0.7	1.0	0.4	0.4	0.6
2	Air Force	0.4	0.0	0.0	0.6	0.3	0.8
3	Army	0.6	1.3	1.0	0.5	0.6	0.8
4	Boise State	0.6	0.7	0.0	0.3	0.9	0.3
5	Utah	0.6	0.7	0.0	0.5	0.7	1.5
6	TX Christian	0.7	1.3	0.0	0.8	0.6	0.9
7	Navy	0.7	0.3	0.0	0.5	0.8	1.6
8	San Diego St	0.8	0.3	0.0	0.5	1.0	1.5
9	Oregon	0.8	0.7	2.0	0.4	1.0	1.0
10	Oklahoma St	0.8	0.0	0.0	1.0	0.5	0.8
11	Michigan	0.8	1.0	0.0	0.8	0.8	2.3
12	Nevada	0.8	1.3	1.0	1.0	0.7	1.0
13	Penn State	0.9	0.7	0.0	1.3	0.5	1.4
14	N Illinois	0.9	1.0	0.0	1.0	0.9	1.2
15	UAB	1.0	0.3	0.0	1.0	1.0	1.8
16	Houston	1.0	0.7	0.0	1.2	0.8	1.2
17	Marshall	1.1	3.7	3.0	1.0	1.2	2.0
18	Wisconsin	1.1	1.0	2.0	0.8	1.3	1.9
19	Connecticut	1.1	1.7	3.0	1.8	0.6	1.5
20	Indiana	1.1	1.3	1.0	1.2	1.0	1.4
21	E Carolina	1.2	1.0	1.0	1.0	1.3	1.2
22	Miami (FL)	1.2	1.0	0.0	1.6	0.9	2.8
23	Mississippi	1.2	2.3	3.0	0.8	1.6	1.5
24	Ball State	1.3	1.7	2.0	1.5	1.2	2.3
25	Louisville	1.3	1.7	1.0	1.2	1.5	3.3
26	S Mississippi	1.3	1.7	1.0	1.4	1.3	1.4
27	GA Tech	1.3	1.0	1.0	1.6	1.1	0.9
28	LA Tech	1.4	0.7	0.0	0.8	2.0	2.4
29	USC	1.4	1.7	1.0	1.7	1.1	1.4
30	TX El Paso	1.4	2.7	4.0	0.8	1.9	2.1
31	Purdue	1.5	1.0	0.0	1.5	1.4	2.0
32	Notre Dame	1.5	0.3	0.0	2.1	0.7	2.1
33	Clemson	1.5	2.7	2.0	1.8	1.2	1.4
34	Iowa	1.5	1.0	0.0	0.8	2.2	2.1
35	Texas	1.5	2.0	3.0	1.6	1.4	2.3
36	Auburn	1.5	2.0	2.0	1.4	1.7	1.8
37	Central FL	1.5	2.0	0.0	2.0	1.1	2.7
38	BYU	1.5	1.0	0.0	0.8	2.1	1.7
39	Florida Intl	1.5	2.0	2.0	1.6	1.5	2.8
40	Minnesota	1.5	1.0	1.0	1.7	1.4	3.0
41	Kentucky	1.6	2.0	4.0	1.3	1.8	1.2
42	Baylor	1.6	3.0	3.0	1.4	1.7	2.8
43	Ohio State	1.6	0.7	0.0	1.8	1.4	1.8
44	Texas Tech	1.7	1.0	0.0	2.0	1.4	2.5
45	N Mex State	1.7	3.3	3.0	1.2	2.2	1.8
46	Ohio	1.7	4.0	5.0	0.8	2.3	2.2
47	Toledo	1.7	1.0	2.0	1.0	2.3	1.5
48	Kent State	1.7	1.3	1.0	1.6	1.8	1.5
49	Temple	1.7	3.3	7.0	1.0	2.3	1.8
50	LSU	1.8	2.3	2.0	1.5	2.0	2.5
51	Missouri	1.8	2.0	2.0	1.0	2.3	1.6
52	Colorado	1.8	0.3	0.0	1.2	2.3	3.6
53	Miss State	1.8	2.7	1.0	1.8	1.7	1.8
54	Pittsburgh	1.8	0.7	0.0	1.6	1.9	1.2
55	Middle Tenn	1.8	2.0	3.0	1.8	1.9	1.5
56	E Michigan	1.8	1.7	1.0	2.0	1.7	2.2
57	Florida	1.8	2.0	1.0	1.7	2.0	2.2
58	Michigan St	1.8	2.0	5.0	1.8	1.8	1.2
59	Maryland	1.8	1.7	0.0	1.2	2.3	3.2
60	Washington	1.8	1.0	0.0	1.7	2.0	2.2
61	Troy	1.8	0.7	0.0	1.8	1.9	1.8
62	Nebraska	1.8	2.7	5.0	1.5	2.1	1.4
63	California	1.9	1.0	1.0	2.0	1.8	2.5
64	Arkansas St	1.9	1.7	1.0	1.6	2.1	2.8
65	Oklahoma	1.9	3.0	0.0	1.3	2.4	1.2
66	Georgia	2.0	2.7	3.0	1.8	2.1	1.0
67	Virginia	2.0	1.7	4.0	1.8	2.2	3.5
68	Illinois	2.0	2.0	2.0	2.4	1.7	2.6
69	Florida St	2.1	1.0	2.0	2.2	2.0	1.9
70	S Carolina	2.2	1.7	2.0	2.3	2.0	2.8
71	Duke	2.2	2.0	3.0	2.5	1.8	2.7
72	Tulane	2.2	2.0	4.0	2.3	2.0	2.5
73	Utah State	2.2	3.0	4.0	0.8	3.3	3.0
74	UNLV	2.2	1.3	1.0	1.5	2.9	1.2
75	Tulsa	2.2	2.7	4.0	2.2	2.3	4.1
76	New Mexico	2.2	1.3	1.0	2.8	1.7	3.4
77	W Kentucky	2.2	4.3	4.0	1.8	2.6	3.1
78	Rice	2.2	1.3	3.0	2.2	2.3	2.4
79	UCLA	2.2	1.0	2.0	1.8	2.7	2.2
80	W Virginia	2.2	2.0	2.0	2.5	2.0	1.6
81	Arkansas	2.2	3.3	4.0	2.2	2.3	1.8
82	North Texas	2.3	2.0	2.0	2.3	2.3	1.0
83	S Florida	2.3	2.0	3.0	2.3	2.3	3.2
84	Buffalo	2.4	1.0	2.0	3.0	1.8	1.7
85	Wake Forest	2.4	2.3	1.0	1.0	3.5	2.5
86	Kansas St	2.4	2.3	1.0	2.6	2.3	2.2
87	Boston Col	2.4	1.0	3.0	2.8	2.0	1.6
88	S Methodist	2.4	2.7	2.0	2.4	2.4	2.9
89	San Jose St	2.5	4.7	3.0	3.0	2.1	3.0
90	Arizona	2.5	2.7	5.0	2.3	2.7	1.1
91	Miami (OH)	2.5	2.3	1.0	3.0	2.2	4.8
92	Wyoming	2.5	2.0	3.0	3.2	2.0	3.0
93	W Michigan	2.5	1.3	2.0	2.8	2.3	2.1
94	VA Tech	2.6	4.0	8.0	1.0	4.0	2.2
95	Kansas	2.6	4.3	5.0	2.2	3.2	2.9
96	Iowa State	2.6	4.3	3.0	1.8	3.6	1.3
97	Alabama	2.7	2.3	0.0	2.7	2.7	1.6
98	Akron	2.7	1.7	1.0	2.0	3.3	2.4
99	Central Mich	2.7	1.7	1.0	3.8	2.1	1.2
100	Syracuse	2.7	2.3	2.0	2.2	3.0	2.5
101	Cincinnati	2.8	1.3	1.0	2.0	3.8	1.2
102	Arizona St	2.9	2.7	6.0	1.5	3.8	2.4
103	LA Monroe	2.9	2.0	2.0	3.0	2.8	1.4
104	Vanderbilt	2.9	3.3	3.0	2.9	3.0	2.1
105	Bowling Grn	2.9	3.3	3.0	3.6	2.4	2.2
106	Fresno St	2.9	3.7	6.0	2.2	3.7	1.8
107	Fla Atlantic	2.9	3.7	4.0	2.5	3.1	1.8
108	Texas A&M	2.9	2.3	2.0	3.8	2.0	2.2
109	Oregon St	2.9	3.3	3.0	2.7	3.2	2.2
110	N Carolina	3.0	3.7	3.0	3.2	2.9	1.9
111	Memphis	3.0	3.0	4.0	3.0	3.0	1.5
112	Hawaii	3.0	3.0	6.0	3.1	2.8	2.7
113	NC State	3.0	4.3	5.0	2.6	3.3	2.7
114	Northwestern	3.2	1.3	0.0	5.2	2.1	2.5
115	LA Lafayette	3.2	2.7	0.0	4.2	2.6	1.3
116	Idaho	3.2	3.0	2.0	2.2	4.0	1.9
117	Tennessee	3.3	2.3	4.0	3.3	3.3	1.4
118	Colorado St	3.7	4.3	6.0	3.0	4.1	1.8
119	Wash State	4.4	5.0	5.0	5.0	3.8	4.4
120	Rutgers	5.3	7.3	6.0	5.4	5.2	3.5
