1	Notre Dame	0.6	0.3	0.0	0.7	0.6	1.4
2	Arkansas	0.6	0.3	1.0	0.4	0.8	1.7
3	Air Force	0.8	1.3	0.0	1.2	0.4	0.8
4	Toledo	0.8	0.7	1.0	0.2	1.3	1.9
5	Tulsa	0.8	1.0	2.0	1.0	0.7	0.6
6	North Texas	0.8	0.7	1.0	0.7	1.0	0.5
7	Fresno St	0.9	1.0	0.0	1.2	0.7	2.0
8	N Illinois	1.0	1.0	2.0	0.5	1.2	1.1
9	Ball State	1.1	1.0	2.0	0.8	1.3	1.1
10	Iowa	1.1	2.0	3.0	0.7	1.5	2.0
11	Oklahoma St	1.1	2.0	3.0	1.4	0.9	1.0
12	GA Tech	1.1	0.7	1.0	1.0	1.2	1.0
13	Stanford	1.1	2.0	1.0	0.7	1.6	1.4
14	Oklahoma	1.2	0.7	1.0	1.2	1.1	0.9
15	Texas	1.2	1.3	2.0	0.8	1.6	1.2
16	Duke	1.2	1.0	1.0	1.3	1.1	1.6
17	Tennessee	1.3	1.7	1.0	1.7	0.8	0.6
18	Michigan St	1.3	2.3	4.0	1.0	1.6	1.7
19	Middle Tenn	1.3	0.7	1.0	1.2	1.4	0.4
20	Arizona	1.3	1.0	1.0	0.8	1.7	1.5
21	U Mass	1.4	2.0	4.0	1.2	1.5	2.6
22	Miami (FL)	1.4	1.7	4.0	1.3	1.5	1.5
23	TX-San Ant	1.4	0.7	0.0	1.2	1.7	0.9
24	Auburn	1.4	2.0	1.0	1.4	1.4	3.2
25	Alabama	1.4	3.0	7.0	0.7	2.2	1.8
26	Nebraska	1.4	1.7	1.0	1.1	1.8	2.5
27	Cincinnati	1.4	2.7	5.0	1.0	1.7	1.2
28	Syracuse	1.4	1.3	1.0	1.6	1.3	1.3
29	Kent State	1.5	1.0	3.0	0.8	1.9	1.5
30	Army	1.5	1.7	0.0	0.5	2.0	0.8
31	S Alabama	1.5	1.0	1.0	2.2	0.8	2.5
32	Ohio	1.5	1.7	3.0	0.8	2.2	2.2
33	Oregon	1.5	0.7	2.0	1.8	1.2	1.3
34	Wisconsin	1.5	1.3	1.0	2.0	1.0	2.4
35	W Michigan	1.5	2.0	2.0	1.5	1.6	1.7
36	Texas State	1.5	2.3	1.0	1.6	1.5	2.5
37	Navy	1.6	1.0	0.0	1.2	1.8	1.9
38	Indiana	1.6	1.3	0.0	1.4	2.0	1.5
39	Texas A&M	1.7	1.3	0.0	2.0	1.2	1.8
40	Baylor	1.7	2.3	2.0	1.5	1.8	1.3
41	Colorado St	1.7	2.3	2.0	1.6	1.8	2.0
42	Central FL	1.7	1.3	0.0	2.7	0.9	1.6
43	San Jose St	1.7	2.0	0.0	1.2	2.2	2.1
44	W Kentucky	1.7	1.3	1.0	2.2	1.4	2.0
45	Troy	1.7	1.3	1.0	1.5	1.9	1.2
46	Miss State	1.8	1.3	1.0	2.3	1.2	1.6
47	Buffalo	1.8	3.3	4.0	0.0	2.6	2.5
48	Colorado	1.8	2.7	3.0	1.8	1.8	4.3
49	Georgia	1.8	3.3	4.0	1.0	2.4	1.9
50	S Carolina	1.8	1.7	1.0	1.5	2.2	2.8
51	Kansas St	1.8	2.7	2.0	1.4	2.4	1.1
52	Fla Atlantic	1.8	0.3	1.0	1.2	2.3	2.5
53	Penn State	1.8	0.3	0.0	1.9	1.8	1.8
54	Marshall	1.8	2.0	1.0	1.6	2.0	2.5
55	Ohio State	1.8	3.0	5.0	2.2	1.6	2.4
56	TX Christian	1.9	1.0	1.0	2.4	1.5	2.4
57	N Carolina	1.9	0.3	0.0	2.5	1.3	1.0
58	Boston Col	1.9	1.3	3.0	1.8	2.0	2.8
59	Missouri	2.0	2.7	2.0	1.7	2.3	2.5
60	Wake Forest	2.0	2.0	1.0	2.2	1.8	2.4
61	New Mexico	2.0	2.0	2.0	2.2	1.8	0.8
62	Boise State	2.0	3.3	5.0	1.2	2.6	0.8
63	Mississippi	2.0	1.7	2.0	1.3	2.7	2.6
64	Minnesota	2.0	3.7	4.0	1.7	2.3	1.5
65	Virginia	2.0	2.3	3.0	2.1	1.8	2.3
66	San Diego St	2.0	1.7	2.0	2.4	1.7	2.8
67	Oregon St	2.1	1.7	0.0	3.4	1.1	2.6
68	LSU	2.1	2.3	4.0	0.8	3.3	2.3
69	Wyoming	2.1	3.3	4.0	2.2	2.0	2.2
70	N Mex State	2.1	2.3	4.0	2.0	2.2	3.5
71	Akron	2.1	1.7	2.0	3.0	1.3	2.1
72	UNLV	2.2	2.7	5.0	2.2	2.2	1.8
73	LA Lafayette	2.2	2.7	4.0	1.8	2.4	1.1
74	Maryland	2.2	2.3	3.0	2.8	1.7	3.5
75	TX El Paso	2.2	0.7	0.0	1.2	2.9	2.6
76	Louisville	2.2	2.7	1.0	2.2	2.2	2.4
77	Utah	2.2	0.7	1.0	2.2	2.2	2.3
78	Illinois	2.2	3.3	2.0	2.2	2.2	3.0
79	UAB	2.2	3.7	5.0	2.5	2.0	3.7
80	Nevada	2.3	2.7	4.0	1.6	2.8	1.5
81	Central Mich	2.3	1.3	2.0	1.2	2.9	1.2
82	Florida St	2.3	2.0	1.0	2.0	2.7	2.2
83	Houston	2.3	3.0	4.0	2.3	2.3	1.5
84	E Carolina	2.3	1.3	2.0	3.0	1.9	2.4
85	Memphis	2.4	2.3	3.0	2.2	2.6	1.8
86	W Virginia	2.4	3.3	2.0	2.6	2.2	1.9
87	California	2.4	1.3	2.0	2.2	2.6	2.8
88	Kansas	2.4	1.3	4.0	2.5	2.2	2.2
89	E Michigan	2.4	1.0	1.0	1.5	2.9	1.7
90	Utah State	2.4	4.0	2.0	2.0	2.6	1.2
91	Arkansas St	2.4	1.7	2.0	1.4	3.1	1.2
92	Tulane	2.4	0.7	2.0	2.6	2.3	2.7
93	USC	2.4	3.0	1.0	2.7	2.1	1.8
94	Florida	2.5	2.0	1.0	2.0	2.8	3.2
95	Washington	2.5	0.7	0.0	2.0	3.0	3.1
96	LA Tech	2.5	2.7	2.0	3.0	2.3	0.8
97	LA Monroe	2.5	4.3	2.0	2.2	2.7	2.1
98	Temple	2.5	3.3	2.0	3.0	2.2	2.0
99	Rice	2.6	3.7	4.0	2.7	2.5	2.5
100	Wash State	2.7	3.3	5.0	1.4	3.6	4.5
101	Clemson	2.7	3.7	2.0	2.2	3.2	2.5
102	S Florida	2.7	2.0	3.0	3.0	2.4	1.7
103	Rutgers	2.8	2.0	4.0	2.5	3.0	0.8
104	VA Tech	2.8	5.0	3.0	2.8	2.7	1.9
105	Texas Tech	2.8	4.0	0.0	2.6	2.9	1.5
106	Vanderbilt	2.8	0.7	1.0	2.8	2.7	1.9
107	Michigan	2.8	1.7	1.0	2.3	3.3	1.4
108	UCLA	2.8	4.3	2.0	2.5	3.0	3.5
109	NC State	2.8	3.3	5.0	2.4	3.5	3.0
110	Iowa State	2.8	2.3	2.0	2.2	3.3	1.7
111	Georgia State	2.9	3.7	4.0	3.8	2.2	2.0
112	Purdue	2.9	3.3	2.0	2.8	3.0	1.8
113	Arizona St	2.9	3.7	3.0	2.1	3.8	3.1
114	S Mississippi	3.0	4.0	2.0	3.6	2.6	2.4
115	Northwestern	3.0	1.0	1.0	2.3	3.8	1.2
116	BYU	3.1	3.0	5.0	2.2	3.7	2.4
117	Kentucky	3.1	3.3	5.0	3.8	2.2	2.4
118	S Methodist	3.1	4.0	4.0	3.0	3.2	2.6
119	Bowling Grn	3.2	3.3	7.0	3.4	3.1	1.2
120	Connecticut	3.4	1.0	0.0	3.3	3.4	2.7
121	Pittsburgh	3.4	2.0	2.0	3.3	3.5	3.4
122	Hawaii	3.6	3.3	1.0	4.0	3.2	3.6
123	Miami (OH)	4.1	5.3	5.0	5.2	3.3	3.4
124	Idaho	4.3	3.3	1.0	4.8	4.0	2.0
125	Florida Intl	4.4	5.7	8.0	5.2	3.7	3.0
