1	Middle Tenn	0.4	0.0	0.0	0.0	0.6	0.8
2	North Texas	0.5	0.0	0.0	0.2	0.7	1.3
3	Tulsa	0.6	0.7	0.0	0.2	1.0	1.3
4	Tennessee	0.6	1.3	1.0	0.5	0.8	1.3
5	Air Force	0.8	2.0	2.0	0.2	1.1	0.8
6	LA Tech	0.8	1.0	2.0	0.7	0.8	1.9
7	Boise State	0.8	0.7	1.0	0.7	0.9	0.7
8	Army	0.8	1.7	1.0	1.0	0.5	0.9
9	New Mexico	0.8	0.0	0.0	0.4	1.1	2.7
10	Rutgers	0.8	1.3	3.0	0.8	0.9	2.5
11	TX-San Ant	0.9	0.7	0.0	1.3	0.6	--
12	Oklahoma	0.9	0.7	1.0	1.2	0.7	0.8
13	N Carolina	1.0	1.3	0.0	1.2	0.8	2.2
14	Oklahoma St	1.0	1.7	2.0	1.0	1.0	0.9
15	GA Tech	1.0	1.0	2.0	1.2	0.9	1.1
16	N Illinois	1.1	2.3	3.0	0.6	1.4	0.8
17	Ball State	1.1	2.0	4.0	1.0	1.1	1.6
18	LA Lafayette	1.1	1.0	1.0	1.6	0.7	1.9
19	Kansas St	1.1	1.3	1.0	0.7	1.5	3.4
20	Northwestern	1.2	0.7	0.0	0.8	1.5	3.4
21	Bowling Grn	1.2	1.0	2.0	1.2	1.1	1.9
22	Cincinnati	1.2	1.3	2.0	1.2	1.2	1.8
23	Texas	1.2	3.0	2.0	1.0	1.4	2.2
24	Utah State	1.2	1.0	0.0	1.6	1.0	1.3
25	Troy	1.2	1.0	1.0	1.7	0.8	1.7
26	Arkansas St	1.2	0.7	2.0	1.2	1.3	1.8
27	Central Mich	1.2	0.7	1.0	1.5	1.0	1.5
28	Notre Dame	1.3	0.3	1.0	1.8	0.8	1.3
29	Baylor	1.3	1.0	2.0	0.8	1.7	2.2
30	Oregon	1.3	1.0	1.0	1.0	1.7	0.9
31	Syracuse	1.3	0.7	2.0	1.0	1.5	2.4
32	Stanford	1.4	1.7	0.0	1.4	1.3	0.8
33	Michigan	1.4	2.3	3.0	0.3	2.3	1.4
34	Kent State	1.5	1.7	1.0	0.5	1.9	2.6
35	Minnesota	1.5	2.0	3.0	1.5	1.5	1.5
36	Arizona	1.5	0.3	0.0	1.4	1.6	2.0
37	Houston	1.5	2.3	2.0	1.4	1.6	1.2
38	Nevada	1.5	1.7	0.0	2.2	1.0	1.3
39	Texas Tech	1.5	1.3	1.0	1.0	2.0	1.5
40	Miami (FL)	1.5	1.7	2.0	1.8	1.3	1.5
41	Indiana	1.5	1.7	0.0	1.2	1.8	2.7
42	Miss State	1.6	3.0	3.0	1.5	1.7	1.8
43	Duke	1.6	1.7	0.0	1.2	2.0	1.5
44	Central FL	1.6	1.3	0.0	1.3	1.9	2.2
45	Iowa State	1.7	1.7	5.0	1.8	1.5	2.0
46	Michigan St	1.7	2.7	3.0	1.6	1.8	1.2
47	W Michigan	1.7	2.0	1.0	1.6	1.8	1.5
48	E Michigan	1.7	1.7	3.0	1.4	2.0	1.4
49	S Florida	1.7	2.3	3.0	1.6	1.8	1.5
50	Arkansas	1.7	2.3	1.0	1.7	1.8	2.1
51	Penn State	1.8	2.7	2.0	1.7	1.8	0.9
52	UNLV	1.8	2.7	3.0	1.2	2.3	2.6
53	Memphis	1.8	1.7	0.0	1.2	2.3	1.8
54	Texas A&M	1.8	1.7	0.0	1.8	1.9	0.7
55	Purdue	1.8	1.0	1.0	1.8	1.8	2.2
56	USC	1.8	1.0	0.0	2.2	1.6	0.7
57	Toledo	1.9	3.0	3.0	2.4	1.6	0.6
58	Navy	1.9	1.7	4.0	1.5	2.1	1.3
59	W Virginia	1.9	2.3	3.0	1.7	2.2	2.1
60	Alabama	1.9	1.7	3.0	2.2	1.7	1.4
61	VA Tech	1.9	2.3	4.0	2.4	1.6	1.3
62	Vanderbilt	1.9	1.0	1.0	1.8	2.0	2.2
63	Georgia	1.9	2.0	2.0	1.8	2.0	2.5
64	W Kentucky	2.0	2.0	1.0	1.8	2.1	1.8
65	Iowa	2.0	2.0	1.0	1.3	2.8	2.4
66	Temple	2.0	1.0	3.0	1.6	2.4	1.3
67	Colorado St	2.0	1.3	0.0	1.2	2.7	3.0
68	Fresno St	2.0	3.0	7.0	1.2	2.6	1.4
69	Idaho	2.0	1.0	3.0	2.2	1.9	2.3
70	LA Monroe	2.1	3.3	5.0	1.4	2.5	3.0
71	San Jose St	2.1	1.0	1.0	3.4	1.1	1.4
72	Akron	2.1	2.3	4.0	2.4	1.8	3.0
73	Ohio	2.2	4.0	0.0	1.4	2.7	1.6
74	Wyoming	2.2	4.0	6.0	2.2	2.2	0.7
75	Kansas	2.2	0.7	0.0	1.8	2.5	2.7
76	Florida St	2.2	1.7	0.0	1.6	2.7	3.2
77	Virginia	2.3	2.7	2.0	3.0	1.4	1.2
78	Utah	2.3	1.3	0.0	2.0	2.5	2.5
79	LSU	2.3	3.3	6.0	1.6	3.4	1.3
80	Kentucky	2.4	2.7	4.0	2.7	2.0	3.2
81	Wake Forest	2.4	3.0	3.0	2.0	2.8	2.8
82	Wisconsin	2.4	1.3	1.0	3.2	1.7	1.7
83	TX Christian	2.4	2.3	4.0	2.8	2.1	1.0
84	Louisville	2.4	4.3	5.0	2.7	2.2	3.3
85	E Carolina	2.4	1.7	1.0	2.8	2.1	2.4
86	S Mississippi	2.4	2.3	4.0	2.5	2.3	1.2
87	BYU	2.4	2.3	2.0	2.0	2.7	1.3
88	Ohio State	2.4	3.7	4.0	2.2	2.8	3.5
89	Fla Atlantic	2.5	2.7	2.0	3.0	2.1	2.8
90	Buffalo	2.5	4.0	7.0	1.8	3.0	2.0
91	Nebraska	2.5	4.0	4.0	1.5	3.3	1.5
92	S Alabama	2.5	3.3	6.0	1.8	3.0	2.5
93	Clemson	2.5	3.7	5.0	2.3	2.7	2.2
94	Rice	2.5	2.3	2.0	2.2	2.8	1.8
95	Missouri	2.5	2.0	1.0	2.3	2.8	1.4
96	Texas State	2.5	3.0	2.0	1.4	3.5	3.0
97	Marshall	2.5	4.0	5.0	2.6	2.5	2.1
98	U Mass	2.6	4.3	2.0	2.6	2.6	1.0
99	TX El Paso	2.6	1.7	4.0	1.5	3.7	2.9
100	S Methodist	2.6	3.7	5.0	2.5	2.7	2.4
101	Oregon St	2.6	4.0	10.0	1.5	3.7	2.0
102	Mississippi	2.6	1.7	1.0	2.2	3.0	2.6
103	Connecticut	2.7	2.3	4.0	3.0	2.3	3.5
104	Tulane	2.7	3.7	3.0	2.4	3.0	1.7
105	California	2.8	1.3	1.0	3.3	2.2	2.2
106	Boston Col	2.8	4.3	2.0	3.4	2.3	2.0
107	San Diego St	2.8	1.7	3.0	2.7	3.0	0.9
108	S Carolina	2.8	3.3	3.0	2.2	3.5	2.3
109	Florida Intl	3.0	3.3	6.0	3.3	2.7	1.2
110	NC State	3.0	2.3	3.0	2.6	3.3	2.1
111	Illinois	3.0	2.3	2.0	3.3	2.6	2.8
112	Arizona St	3.1	1.7	0.0	3.8	2.6	2.0
113	Washington	3.1	3.0	4.0	3.2	3.0	2.6
114	Florida	3.2	4.0	3.0	2.8	3.5	1.8
115	Auburn	3.2	2.0	2.0	3.7	2.6	2.4
116	Pittsburgh	3.4	3.3	4.0	2.2	4.0	4.7
117	Miami (OH)	3.4	4.0	2.0	3.0	3.6	3.9
118	N Mex State	3.5	4.3	6.0	2.8	4.0	2.6
119	UCLA	3.5	5.3	6.0	3.3	3.7	2.1
120	Maryland	3.5	2.7	1.0	4.8	2.5	1.4
121	Hawaii	3.6	3.0	2.0	3.4	3.8	3.3
122	UAB	3.7	3.7	2.0	3.6	3.8	1.7
123	Colorado	4.3	3.3	3.0	4.8	3.8	2.2
124	Wash State	4.5	5.7	4.0	3.8	5.0	3.0
