1	USC	81.8	113.3	128.0	94.0	71.4	60.2
2	California	82.2	40.3	74.0	81.2	83.0	133.7
3	Florida St	83.2	133.7	238.0	63.8	102.5	119.8
4	Notre Dame	88.2	67.0	20.0	82.3	94.0	128.6
5	Georgia	89.9	90.0	60.0	61.6	113.5	102.4
6	Iowa	92.5	165.3	118.0	62.8	122.2	92.7
7	Oklahoma	95.1	73.7	199.0	105.0	83.5	113.2
8	Louisville	97.5	52.0	88.0	76.6	112.4	166.1
9	LSU	99.8	99.3	47.0	87.0	117.8	71.2
10	NC State	102.2	85.3	30.0	128.6	75.8	144.8
11	Boise State	103.9	185.0	329.0	72.3	148.2	93.4
12	Kent State	104.4	67.7	72.0	99.2	107.8	203.5
13	Auburn	104.7	118.0	76.0	113.6	92.2	96.4
14	Texas	107.4	65.3	125.0	110.3	104.5	152.5
15	Purdue	109.1	156.0	203.0	110.7	107.5	96.9
16	New Mexico	109.5	120.0	269.0	73.8	135.0	82.5
17	Marshall	111.0	133.7	168.0	102.8	116.9	155.7
18	Troy	111.8	164.3	219.0	107.8	114.1	146.9
19	GA Tech	113.7	103.7	70.0	119.6	108.8	109.2
20	Nebraska	114.7	132.7	198.0	110.2	119.2	119.3
21	Kansas	117.6	132.0	-6.0	126.2	107.4	204.8
22	Oregon St	118.8	56.7	59.0	134.0	107.9	93.6
23	VA Tech	119.8	116.3	110.0	123.3	116.3	145.8
24	Tennessee	120.0	122.3	77.0	117.3	123.2	138.3
25	Oregon	121.8	176.7	84.0	114.7	130.4	107.1
26	TX Christian	122.0	124.3	94.0	82.3	169.6	91.8
27	Virginia	122.4	151.7	222.0	92.2	152.7	161.7
28	Arizona St	124.8	126.3	89.0	85.3	164.3	159.4
29	Wisconsin	127.0	234.0	196.0	82.5	171.5	142.0
30	Arizona	127.9	135.3	90.0	115.5	146.5	180.8
31	Miami (OH)	129.8	163.7	295.0	83.0	153.1	102.0
32	Ohio	130.0	152.7	102.0	106.2	145.8	158.4
33	Ohio State	130.4	113.3	149.0	118.5	142.3	62.3
34	Penn State	132.8	161.7	161.0	99.0	173.4	209.3
35	Michigan	133.3	219.7	264.0	131.2	135.5	116.6
36	Wash State	133.5	106.3	71.0	130.4	136.0	90.8
37	Minnesota	135.0	93.3	46.0	66.6	192.0	122.7
38	Clemson	135.6	62.7	66.0	103.5	174.2	135.0
39	S Carolina	137.8	167.0	162.0	167.2	102.6	165.9
40	Boston Col	138.2	178.0	105.0	138.2	138.1	131.2
41	Northwestern	139.2	150.7	93.0	105.5	172.8	164.1
42	Utah	140.0	76.7	17.0	188.8	91.2	139.5
43	Pittsburgh	140.1	166.0	139.0	107.2	167.5	185.0
44	Toledo	140.2	108.7	159.0	125.4	149.4	151.7
45	Alabama	141.2	196.3	323.0	114.5	173.2	132.5
46	UAB	141.6	103.7	84.0	140.2	142.6	178.0
47	Bowling Grn	141.6	139.0	140.0	79.2	177.3	162.7
48	Connecticut	141.6	75.7	78.0	141.3	142.0	139.4
49	Florida	141.9	95.7	106.0	122.8	161.0	159.3
50	Texas A&M	142.5	210.7	241.0	97.0	188.0	225.1
51	Maryland	142.9	227.7	149.0	116.8	174.2	132.7
52	Stanford	143.4	170.3	307.0	87.8	210.0	138.5
53	Middle Tenn	144.0	189.0	222.0	99.5	173.7	182.6
54	Cincinnati	147.2	178.0	-3.0	113.6	171.1	123.8
55	W Virginia	147.2	175.0	301.0	126.0	164.8	131.5
56	San Diego St	148.0	207.0	81.0	100.2	179.8	133.1
57	Iowa State	148.5	175.0	60.0	--	148.5	225.7
58	BYU	149.3	210.3	354.0	135.2	166.2	130.8
59	Rice	150.0	144.0	242.0	96.0	195.0	207.6
60	Memphis	150.8	185.0	223.0	143.5	155.0	108.1
61	N Illinois	151.4	180.3	170.0	153.8	150.0	145.5
62	Missouri	152.1	167.7	143.0	145.2	160.4	175.6
63	Miami (FL)	154.8	150.0	144.0	123.7	186.0	116.6
64	Kansas St	159.2	185.7	161.0	146.2	178.8	113.7
65	Colorado	161.4	112.3	34.0	198.0	130.0	150.8
66	Wake Forest	162.5	152.3	131.0	164.8	160.2	174.3
67	S Florida	163.9	193.7	53.0	165.2	162.6	131.0
68	Navy	164.6	131.3	212.0	157.6	171.6	174.9
69	TX El Paso	165.1	162.0	157.0	160.4	169.0	194.8
70	Fresno St	168.9	205.3	260.0	121.2	196.1	168.4
71	UNLV	171.3	107.0	109.0	171.4	171.2	138.6
72	Michigan St	172.4	176.3	120.0	188.5	156.3	126.3
73	Oklahoma St	173.7	165.3	214.0	151.2	196.2	164.8
74	North Texas	173.7	135.7	170.0	142.8	191.4	104.7
75	Texas Tech	175.7	193.0	221.0	185.8	168.4	197.1
76	LA Tech	176.6	244.3	257.0	141.4	201.7	238.2
77	Central Mich	178.5	174.0	115.0	127.0	212.8	258.3
78	S Mississippi	178.8	190.3	123.0	148.0	200.9	157.3
79	Arkansas	181.9	206.7	295.0	185.3	176.0	157.0
80	Washington	183.7	181.3	153.0	194.2	171.2	151.6
81	Mississippi	184.6	242.3	70.0	142.2	235.6	102.5
82	Syracuse	186.4	214.3	287.0	148.8	213.3	142.2
83	Central FL	186.5	114.7	113.0	162.6	206.3	199.7
84	Buffalo	188.5	190.0	192.0	177.6	197.5	210.5
85	Akron	188.9	160.7	229.0	151.2	220.3	188.6
86	Rutgers	189.4	260.3	223.0	150.2	228.6	163.1
87	E Michigan	190.5	262.0	408.0	224.2	156.8	192.4
88	LA Monroe	192.4	171.3	186.0	171.3	203.0	191.7
89	Houston	192.5	159.7	242.0	166.4	214.3	208.7
90	Wyoming	192.8	224.7	126.0	171.0	211.0	239.5
91	Utah State	193.5	150.7	114.0	237.0	189.1	167.6
92	Vanderbilt	195.5	197.7	236.0	177.0	214.0	194.6
93	Idaho	196.6	191.0	87.0	184.5	202.6	213.7
94	Indiana	196.7	167.7	173.0	149.6	236.0	198.6
95	Arkansas St	197.0	183.3	202.0	151.0	223.3	165.9
96	Ball State	197.4	264.0	223.0	202.0	193.5	205.3
97	Miss State	199.2	236.7	283.0	158.2	260.8	191.2
98	Temple	201.9	218.3	183.0	220.4	183.4	213.5
99	Tulane	206.6	167.0	216.0	214.4	198.8	245.0
100	Illinois	206.6	129.0	155.0	180.2	246.2	233.2
101	Air Force	208.0	191.7	108.0	200.5	219.2	176.3
102	S Methodist	209.6	118.0	165.0	140.8	267.0	164.0
103	UCLA	210.1	152.0	76.0	243.7	176.5	116.9
104	Baylor	213.3	255.0	302.0	171.0	255.6	197.0
105	N Mex State	217.6	161.3	204.0	167.2	257.8	161.2
106	Tulsa	217.8	231.7	181.0	248.0	192.7	200.7
107	Nevada	222.8	245.3	287.0	216.4	228.2	176.9
108	Kentucky	224.1	206.0	201.0	198.5	254.8	194.1
109	N Carolina	227.4	169.0	228.0	231.6	223.8	227.0
110	W Michigan	228.3	271.0	260.0	254.5	210.8	181.5
111	LA Lafayette	232.1	176.0	122.0	201.5	256.6	226.9
112	Colorado St	232.7	264.7	373.0	201.4	264.0	160.8
113	E Carolina	233.3	226.0	160.0	187.4	271.5	202.2
114	Duke	233.9	199.3	285.0	260.8	216.0	172.0
115	Army	249.4	235.3	305.0	216.6	276.7	210.8
116	San Jose St	251.5	296.0	313.0	326.8	201.3	201.1
117	Hawaii	261.1	217.7	169.0	203.4	376.5	161.2
