1	USC	60.2	39.3	49.0	41.1	82.3	76.8
2	Ohio State	62.3	120.0	84.0	49.2	83.2	77.7
3	LSU	71.2	101.0	52.0	101.5	45.1	145.5
4	New Mexico	82.5	90.5	--	106.7	53.4	122.9
5	Wash State	90.8	89.7	131.0	61.4	109.2	90.8
6	TX Christian	91.8	86.5	--	92.8	90.7	80.8
7	Iowa	92.7	134.3	57.0	93.0	92.3	66.7
8	Boise State	93.4	126.0	--	91.2	95.0	111.9
9	Oregon St	93.6	164.0	--	75.7	115.2	99.3
10	Auburn	96.4	97.3	58.0	74.5	118.3	146.3
11	Purdue	96.9	144.7	113.0	81.1	115.3	120.2
12	Miami (OH)	102.0	82.0	--	133.2	82.5	138.3
13	Georgia	102.4	166.0	59.0	88.2	113.0	125.8
14	Mississippi	102.5	121.0	110.0	86.1	121.5	143.5
15	North Texas	104.7	97.3	88.0	63.6	130.4	116.8
16	Oregon	107.1	114.3	241.0	61.5	146.1	119.4
17	Memphis	108.1	58.7	122.0	70.8	145.3	197.5
18	GA Tech	109.2	83.7	56.0	88.2	127.1	134.6
19	Oklahoma	113.2	193.3	159.0	78.5	139.2	123.1
20	Kansas St	113.7	113.3	148.0	105.2	121.0	83.7
21	Michigan	116.6	79.7	68.0	92.0	145.3	123.2
22	Miami (FL)	116.6	88.7	110.0	129.6	95.8	174.0
23	UCLA	116.9	108.0	156.0	84.2	145.0	129.5
24	Nebraska	119.3	110.0	18.0	112.6	123.5	172.8
25	Florida St	119.8	150.7	218.0	120.2	119.4	128.2
26	Minnesota	122.7	110.0	77.0	107.7	140.2	185.2
27	Cincinnati	123.8	219.7	315.0	105.8	138.8	140.1
28	Michigan St	126.3	176.3	229.0	135.5	124.6	213.8
29	Notre Dame	128.6	106.7	247.0	139.5	117.7	95.5
30	BYU	130.8	148.3	107.0	135.0	127.9	179.7
31	S Florida	131.0	137.7	187.0	103.8	152.8	110.6
32	Boston Col	131.2	150.7	148.0	122.7	138.6	166.6
33	W Virginia	131.5	160.0	141.0	113.9	152.0	131.8
34	Alabama	132.5	200.7	134.0	125.4	143.8	82.8
35	Maryland	132.7	189.7	155.0	97.8	157.6	126.5
36	San Diego St	133.1	130.0	191.0	170.2	108.3	171.0
37	California	133.7	88.0	153.0	133.2	134.1	113.8
38	Clemson	135.0	102.7	38.0	143.2	126.8	158.7
39	Tennessee	138.3	109.7	153.0	127.3	151.2	128.6
40	Stanford	138.5	238.7	320.0	97.2	162.0	132.7
41	UNLV	138.6	135.7	74.0	126.5	150.7	173.2
42	Connecticut	139.4	144.0	135.0	152.0	128.8	189.6
43	Utah	139.5	81.3	69.0	132.0	147.0	117.5
44	Wisconsin	142.0	164.3	197.0	113.9	174.8	153.7
45	Syracuse	142.2	141.7	62.0	113.5	176.6	162.7
46	NC State	144.8	227.3	220.0	116.0	173.5	131.9
47	N Illinois	145.5	138.7	155.0	131.2	153.7	140.6
48	VA Tech	145.8	158.3	136.0	121.8	169.8	112.9
49	Troy	146.9	114.3	37.0	67.5	166.8	128.7
50	Colorado	150.8	164.7	223.0	155.5	146.2	165.1
51	Washington	151.6	259.3	147.0	136.6	162.3	97.7
52	Toledo	151.7	133.7	129.0	123.0	175.7	166.7
53	Texas	152.5	146.7	157.0	164.6	138.5	115.8
54	Marshall	155.7	141.3	101.0	149.8	159.1	179.7
55	Arkansas	157.0	207.3	252.0	147.7	165.0	112.6
56	S Mississippi	157.3	127.0	104.0	133.0	178.1	175.0
57	Ohio	158.4	170.3	290.0	136.4	176.7	132.6
58	Florida	159.3	199.0	238.0	148.4	167.1	162.7
59	Arizona St	159.4	139.7	113.0	153.2	164.5	113.6
60	Colorado St	160.8	137.0	135.0	171.7	149.8	159.9
61	Hawaii	161.2	145.3	185.0	152.3	171.5	172.4
62	N Mex State	161.2	209.0	182.0	179.7	154.2	166.4
63	Virginia	161.7	138.3	148.0	154.8	167.6	205.4
64	Bowling Grn	162.7	230.3	357.0	170.4	157.1	161.3
65	Rutgers	163.1	157.3	37.0	192.7	133.5	211.7
66	S Methodist	164.0	228.3	193.0	181.3	146.7	159.4
67	Northwestern	164.1	142.3	88.0	183.8	147.1	313.6
68	Oklahoma St	164.8	165.3	190.0	139.3	190.2	154.5
69	Arkansas St	165.9	159.7	76.0	71.0	189.6	168.4
70	S Carolina	165.9	243.7	240.0	164.2	169.2	164.5
71	Louisville	166.1	216.0	--	161.7	170.5	113.0
72	Utah State	167.6	187.3	143.0	155.5	173.6	257.6
73	Fresno St	168.4	95.0	67.0	160.0	173.6	164.4
74	Duke	172.0	123.3	86.0	197.0	142.0	120.5
75	Wake Forest	174.3	296.7	339.0	171.6	178.2	158.2
76	Navy	174.9	143.3	64.0	183.8	169.9	199.4
77	Missouri	175.6	281.7	300.0	166.0	182.4	167.8
78	Air Force	176.3	182.3	132.0	120.4	222.8	171.2
79	Nevada	176.9	147.0	140.0	156.8	193.7	172.8
80	UAB	178.0	270.3	375.0	154.4	194.9	156.1
81	Arizona	180.8	174.7	203.0	156.1	215.2	166.1
82	W Michigan	181.5	166.0	227.0	178.0	183.4	155.1
83	Middle Tenn	182.6	155.0	124.0	193.4	173.7	169.9
84	Pittsburgh	185.0	189.3	196.0	202.0	170.4	117.7
85	Akron	188.6	269.3	220.0	129.5	228.0	200.5
86	Miss State	191.2	203.3	99.0	152.5	230.0	174.6
87	LA Monroe	191.7	156.3	42.0	254.3	164.9	183.5
88	E Michigan	192.4	128.7	188.0	159.4	225.4	288.2
89	Kentucky	194.1	186.3	160.0	187.5	202.0	174.2
90	Vanderbilt	194.6	174.7	162.0	197.0	191.8	194.5
91	TX El Paso	194.8	291.3	168.0	174.8	211.5	205.5
92	Baylor	197.0	158.3	283.0	163.5	237.2	173.3
93	Texas Tech	197.1	191.3	289.0	148.1	254.2	165.8
94	Indiana	198.6	176.3	173.0	181.0	213.3	261.4
95	Central FL	199.7	161.3	107.0	177.0	212.7	146.4
96	Tulsa	200.7	206.7	371.0	189.8	208.4	256.4
97	San Jose St	201.1	281.0	251.0	167.8	223.3	199.2
98	E Carolina	202.2	138.0	190.0	207.3	197.2	207.1
99	Kent State	203.5	277.7	262.0	185.8	218.2	222.5
100	Kansas	204.8	188.0	172.0	157.8	228.4	255.5
101	Ball State	205.3	233.3	295.0	198.8	210.7	177.1
102	Rice	207.6	133.7	97.0	252.8	185.0	143.0
103	Houston	208.7	278.3	114.0	232.0	188.7	134.1
104	Penn State	209.3	208.3	119.0	196.0	228.0	114.8
105	Buffalo	210.5	219.3	239.0	173.0	241.8	191.5
106	Army	210.8	272.3	359.0	179.8	237.3	212.9
107	Temple	213.5	223.3	208.0	201.0	221.8	112.9
108	Idaho	213.7	132.3	114.0	211.0	215.5	200.1
109	Texas A&M	225.1	365.7	393.0	189.6	274.8	130.9
110	Iowa State	225.7	222.0	376.0	206.3	249.0	184.1
111	LA Lafayette	226.9	188.0	121.0	216.4	235.7	182.2
112	N Carolina	227.0	267.7	254.0	231.7	222.3	221.2
113	Illinois	233.2	294.3	444.0	259.2	211.5	190.2
114	LA Tech	238.2	358.7	672.0	275.2	219.8	176.2
115	Wyoming	239.5	274.3	235.0	228.0	249.2	206.2
116	Tulane	245.0	205.3	213.0	240.6	248.7	192.7
117	Central Mich	258.3	288.0	530.0	235.8	273.3	158.5
