1	Texas	72.5	154.0	205.0	44.7	93.4	83.5
2	Wisconsin	77.8	50.3	61.0	77.2	78.1	121.6
3	Alabama	80.6	106.7	81.0	60.0	98.3	74.4
4	TX Christian	84.4	57.0	77.0	49.4	109.4	50.2
5	Central FL	85.2	87.0	86.0	49.2	121.3	133.3
6	Oklahoma St	90.8	116.3	193.0	78.1	108.4	135.2
7	Ohio State	90.8	108.7	179.0	104.9	74.3	121.8
8	Penn State	92.4	61.0	41.0	87.9	98.8	96.7
9	Nebraska	93.0	71.7	63.0	108.1	77.9	118.3
10	Florida	100.8	136.7	76.0	93.0	107.6	105.6
11	N Carolina	101.6	100.7	129.0	66.4	131.0	139.2
12	Oklahoma	102.5	122.7	145.0	78.4	119.7	123.9
13	Syracuse	102.9	88.0	204.0	81.3	140.8	198.1
14	Boston Col	104.9	81.7	88.0	90.2	119.7	94.3
15	BYU	109.2	132.3	88.0	154.0	70.9	140.0
16	Temple	111.3	109.3	93.0	90.0	126.6	167.9
17	Pittsburgh	111.3	118.3	81.0	106.0	116.7	124.2
18	Nevada	112.2	134.0	74.0	99.2	123.3	96.4
19	Rutgers	114.0	81.7	35.0	125.0	104.8	144.2
20	Kansas St	117.4	98.7	101.0	60.5	155.3	229.9
21	Michigan St	117.5	152.7	119.0	98.8	136.2	142.9
22	Navy	118.0	79.0	65.0	152.2	96.6	143.6
23	Oregon St	118.2	156.7	123.0	106.4	126.6	131.0
24	Arizona St	118.9	172.0	117.0	105.7	134.8	125.4
25	LA Monroe	119.9	149.0	190.0	122.8	118.3	225.9
26	California	119.9	138.7	51.0	106.2	129.7	122.4
27	Missouri	120.8	170.3	385.0	93.0	140.6	128.2
28	E Carolina	121.7	91.7	81.0	165.4	94.4	135.4
29	Miami (FL)	122.6	122.7	170.0	92.2	144.3	157.6
30	Arizona	124.9	149.0	223.0	104.6	139.4	131.1
31	Iowa	126.9	140.0	143.0	113.3	140.5	90.4
32	Boise State	127.5	140.0	36.0	125.7	129.0	118.2
33	N Illinois	127.9	176.7	189.0	112.0	139.3	146.2
34	USC	128.2	103.3	94.0	131.3	125.4	87.4
35	VA Tech	128.4	64.7	5.0	105.3	148.1	109.8
36	Oregon	128.7	121.0	153.0	111.4	148.8	119.4
37	Central Mich	129.5	134.3	169.0	113.5	136.7	141.0
38	W Virginia	129.8	145.3	225.0	115.0	144.5	131.5
39	Arkansas St	131.4	139.3	114.0	113.2	141.7	127.9
40	Texas Tech	131.9	100.0	148.0	121.8	142.0	155.5
41	LSU	133.1	155.0	124.0	126.3	141.0	115.0
42	Northwestern	133.9	167.0	190.0	143.2	124.7	129.9
43	S Carolina	135.0	111.3	146.0	128.2	141.8	128.3
44	Army	136.2	189.3	186.0	121.8	148.2	141.2
45	S Mississippi	137.2	202.7	243.0	102.0	162.3	139.5
46	Middle Tenn	137.2	104.0	129.0	105.7	164.3	153.5
47	Marshall	137.3	63.3	12.0	121.2	148.9	162.2
48	Air Force	137.7	125.7	109.0	134.6	139.9	152.7
49	Utah	137.7	94.0	96.0	123.8	149.6	105.1
50	Georgia	137.8	145.7	109.0	119.2	151.0	124.0
51	Stanford	137.9	136.0	59.0	133.1	143.5	152.9
52	Buffalo	139.1	111.0	128.0	130.0	146.7	173.0
53	S Florida	139.2	158.3	108.0	157.0	129.0	98.6
54	Troy	139.9	133.0	109.0	134.4	143.4	145.3
55	Maryland	140.0	180.0	126.0	130.0	152.0	149.3
56	Connecticut	141.5	132.7	76.0	121.0	156.1	115.6
57	Kent State	142.5	194.0	139.0	133.8	149.7	185.9
58	UCLA	142.8	123.7	123.0	148.0	138.3	168.9
59	UAB	143.7	127.7	205.0	137.2	148.3	180.6
60	Kansas	144.2	200.0	250.0	135.4	151.5	129.6
61	Mississippi	147.0	165.7	140.0	122.8	167.2	86.5
62	Ohio	147.2	190.3	190.0	153.6	143.1	141.1
63	Tulsa	147.5	224.3	268.0	190.2	112.0	132.5
64	Washington	148.8	102.0	81.0	132.3	172.0	239.9
65	Tennessee	149.5	171.0	229.0	106.4	218.6	103.4
66	Cincinnati	150.6	179.7	177.0	198.4	116.4	120.2
67	Clemson	152.2	241.0	167.0	95.0	201.1	143.4
68	Miss State	153.6	141.7	90.0	158.8	147.4	161.7
69	Idaho	155.4	153.7	150.0	139.5	169.0	219.8
70	GA Tech	155.8	278.0	172.0	136.8	167.6	123.3
71	Ball State	156.2	137.0	109.0	151.0	160.5	168.5
72	NC State	156.7	204.3	159.0	127.7	200.2	144.5
73	Arkansas	158.6	219.3	184.0	128.2	180.3	172.0
74	Minnesota	160.5	126.3	212.0	176.5	144.5	143.8
75	Colorado St	160.6	180.0	96.0	163.4	158.3	198.8
76	Colorado	161.2	190.0	144.0	116.0	206.3	176.2
77	Auburn	161.8	110.3	89.0	170.0	150.4	148.1
78	Iowa State	162.0	152.0	122.0	185.8	145.0	176.2
79	LA Tech	162.8	114.7	27.0	61.8	220.6	108.8
80	Duke	163.9	193.7	127.0	162.5	164.8	148.2
81	Illinois	164.5	131.0	233.0	203.2	132.2	150.8
82	New Mexico	165.0	146.7	202.0	169.8	160.2	119.8
83	Indiana	165.1	199.7	124.0	168.8	162.0	184.8
84	Toledo	166.0	130.7	152.0	159.2	170.9	175.6
85	San Diego St	170.2	170.7	123.0	175.0	166.2	245.9
86	Notre Dame	170.2	234.7	280.0	172.0	167.8	134.2
87	Texas A&M	171.6	194.3	208.0	164.3	180.2	219.2
88	Wake Forest	173.1	232.3	68.0	120.2	236.6	124.2
89	Purdue	173.4	188.3	196.0	143.4	215.4	179.6
90	S Methodist	174.8	176.0	137.0	188.8	164.9	224.9
91	Memphis	177.5	123.3	148.0	185.2	171.0	155.9
92	Virginia	178.3	195.3	298.0	197.0	155.8	162.0
93	Louisville	178.4	209.7	239.0	156.6	196.5	138.4
94	Wyoming	179.0	239.7	197.0	188.8	172.0	144.0
95	Michigan	181.6	202.3	251.0	158.9	221.5	136.9
96	W Michigan	182.7	184.0	155.0	154.0	199.1	143.8
97	Baylor	182.9	233.0	100.0	192.8	174.7	145.7
98	Akron	183.8	188.7	172.0	161.6	202.3	187.2
99	Miami (OH)	187.5	203.3	240.0	193.6	183.1	220.8
100	Kentucky	187.6	200.7	180.0	230.5	144.7	145.0
101	LA Lafayette	188.2	239.7	220.0	223.0	159.2	213.2
102	Rice	190.6	171.0	221.0	221.0	160.2	182.8
103	North Texas	195.7	205.7	244.0	187.3	204.0	207.1
104	Bowling Grn	196.2	180.7	212.0	189.8	201.7	162.6
105	TX El Paso	200.3	170.3	146.0	185.3	215.3	199.5
106	Tulane	200.5	187.3	181.0	185.6	213.0	218.4
107	Hawaii	211.6	227.0	301.0	209.0	214.2	166.9
108	Florida St	211.9	236.0	201.0	205.8	216.3	148.8
109	Vanderbilt	212.1	219.0	201.0	261.0	171.3	144.7
110	Utah State	214.6	171.3	135.0	202.5	221.6	160.4
111	Fla Atlantic	220.8	189.3	199.0	194.6	239.4	178.5
112	N Mex State	227.5	318.0	256.0	271.0	196.4	241.4
113	Fresno St	228.3	265.0	234.0	229.0	228.0	210.1
114	UNLV	228.9	245.3	104.0	160.2	311.4	213.1
115	Houston	231.9	265.3	402.0	--	231.9	186.8
116	Florida Intl	232.8	202.7	186.0	--	232.8	156.2
117	Wash State	237.2	260.0	265.0	208.3	266.0	267.8
118	W Kentucky	249.5	184.0	101.0	--	249.5	191.8
119	San Jose St	266.5	171.0	240.0	263.0	269.5	148.7
120	E Michigan	276.7	228.3	193.0	263.8	285.9	209.2
