1	TX Christian	50.2	88.5	28.0	68.6	34.8	103.5
2	Alabama	74.4	72.0	17.0	72.0	76.9	128.2
3	Texas	83.5	75.3	203.0	69.9	99.5	93.4
4	Mississippi	86.5	26.0	105.0	80.0	93.0	199.5
5	USC	87.4	78.0	137.0	59.0	111.7	84.2
6	Iowa	90.4	45.3	43.0	109.8	71.0	121.6
7	Boston Col	94.3	75.0	79.0	97.3	91.7	76.1
8	Nevada	96.4	171.0	258.0	69.2	115.9	171.2
9	Penn State	96.7	73.0	61.0	109.5	83.8	93.8
10	S Florida	98.6	116.0	66.0	115.0	86.9	138.7
11	Tennessee	103.4	96.0	96.0	120.1	80.0	164.6
12	Utah	105.1	105.7	31.0	147.8	74.6	145.8
13	Florida	105.6	115.0	107.0	89.2	119.7	103.3
14	LA Tech	108.8	97.7	153.0	89.4	122.6	139.5
15	VA Tech	109.8	96.0	71.0	140.4	90.8	92.9
16	LSU	115.0	127.3	162.0	103.7	130.8	106.1
17	Connecticut	115.6	78.0	24.0	106.6	122.0	165.2
18	Boise State	118.2	167.3	275.0	80.8	144.9	135.6
19	Nebraska	118.3	34.3	2.0	130.2	99.2	232.2
20	Oregon	119.4	135.7	119.0	111.7	126.0	132.8
21	New Mexico	119.8	135.0	152.0	115.7	123.8	126.3
22	Cincinnati	120.2	151.7	258.0	99.4	133.1	109.2
23	Wisconsin	121.6	122.0	134.0	103.5	139.7	135.0
24	Ohio State	121.8	132.3	72.0	110.7	133.0	85.0
25	California	122.4	115.3	119.0	104.0	143.8	165.9
26	GA Tech	123.3	111.7	149.0	114.0	131.0	120.9
27	Oklahoma	123.9	169.0	249.0	114.4	129.9	110.3
28	Georgia	124.0	188.0	31.0	142.4	110.9	113.8
29	Wake Forest	124.2	144.7	221.0	115.1	134.7	109.4
30	Pittsburgh	124.2	154.0	80.0	111.8	134.7	134.6
31	Arizona St	125.4	67.0	105.0	137.3	111.0	117.8
32	Arkansas St	127.9	109.7	156.0	80.8	154.9	166.2
33	Missouri	128.2	126.0	72.0	130.6	126.8	119.5
34	S Carolina	128.3	237.0	181.0	85.7	171.0	210.5
35	Kansas	129.6	145.3	80.0	115.8	143.3	103.7
36	Northwestern	129.9	138.3	111.0	130.0	129.8	172.4
37	Oregon St	131.0	204.3	89.0	124.0	137.0	73.6
38	Arizona	131.1	106.7	116.0	95.1	173.0	145.5
39	W Virginia	131.5	150.0	93.0	108.0	155.0	112.9
40	Tulsa	132.5	165.7	81.0	92.2	167.1	185.2
41	Central FL	133.3	135.7	140.0	121.4	143.2	124.5
42	Notre Dame	134.2	125.7	32.0	140.3	128.9	193.2
43	Oklahoma St	135.2	209.0	307.0	129.2	141.2	161.7
44	E Carolina	135.4	122.3	106.0	141.4	132.0	142.2
45	Michigan	136.9	124.7	232.0	104.0	183.0	156.6
46	Louisville	138.4	244.0	224.0	124.4	162.8	168.5
47	N Carolina	139.2	130.7	123.0	157.8	120.5	141.8
48	S Mississippi	139.5	47.7	73.0	153.7	127.3	139.5
49	BYU	140.0	174.0	91.0	--	140.0	104.7
50	Central Mich	141.0	148.0	112.0	121.2	150.9	155.1
51	Ohio	141.1	108.0	92.0	144.8	139.0	197.3
52	Army	141.2	221.0	368.0	112.8	164.8	240.4
53	Michigan St	142.9	111.0	87.0	140.1	146.2	125.8
54	Clemson	143.4	82.3	125.0	128.2	156.0	118.2
55	Navy	143.6	158.7	239.0	126.5	152.1	178.2
56	Minnesota	143.8	146.3	101.0	149.3	138.2	214.4
57	W Michigan	143.8	153.0	135.0	142.0	144.8	177.5
58	Wyoming	144.0	151.0	186.0	121.2	171.4	123.6
59	Rutgers	144.2	120.0	95.0	146.3	142.2	172.1
60	NC State	144.5	98.7	118.0	154.3	134.7	184.4
61	Vanderbilt	144.7	173.7	141.0	131.8	155.7	126.3
62	Kentucky	145.0	174.7	101.0	139.5	150.5	196.2
63	Troy	145.3	160.3	146.0	134.8	150.6	195.2
64	Baylor	145.7	104.7	56.0	124.7	171.0	191.3
65	N Illinois	146.2	160.3	92.0	160.8	135.9	219.9
66	Auburn	148.1	201.0	234.0	124.5	176.4	123.8
67	Duke	148.2	168.7	179.0	147.7	148.8	181.8
68	San Jose St	148.7	240.3	171.0	122.8	170.3	172.2
69	Florida St	148.8	207.0	201.0	142.6	154.0	116.6
70	Maryland	149.3	153.7	114.0	114.0	184.7	158.7
71	Illinois	150.8	159.3	109.0	157.4	145.3	136.4
72	Air Force	152.7	157.0	163.0	168.8	141.1	142.0
73	Stanford	152.9	292.0	287.0	114.4	180.4	169.9
74	Middle Tenn	153.5	121.0	152.0	168.8	142.6	199.8
75	Texas Tech	155.5	250.3	223.0	134.0	173.3	190.5
76	Memphis	155.9	116.7	232.0	134.2	177.7	205.7
77	Florida Intl	156.2	116.7	42.0	158.4	154.6	203.7
78	Miami (FL)	157.6	302.7	217.0	118.8	185.3	133.8
79	Utah State	160.4	99.3	-7.0	118.2	202.7	196.2
80	Miss State	161.7	175.7	220.0	104.6	209.3	155.4
81	Virginia	162.0	138.3	216.0	133.5	196.2	110.0
82	Marshall	162.2	185.7	203.0	163.6	161.0	189.0
83	Bowling Grn	162.6	81.0	129.0	172.4	155.6	207.8
84	Hawaii	166.9	108.0	65.0	148.7	185.2	147.1
85	Temple	167.9	193.3	165.0	125.4	198.3	164.7
86	Ball State	168.5	224.3	441.0	177.2	163.1	204.2
87	UCLA	168.9	105.0	209.0	168.9	169.0	112.2
88	Arkansas	172.0	173.0	161.0	222.2	130.2	161.4
89	Buffalo	173.0	274.0	358.0	166.2	178.1	174.7
90	Toledo	175.6	161.0	294.0	180.8	170.3	218.0
91	Colorado	176.2	197.3	178.0	201.2	155.3	128.0
92	Iowa State	176.2	163.0	172.0	175.4	176.8	133.0
93	Fla Atlantic	178.5	147.7	127.0	184.8	175.7	174.7
94	Purdue	179.6	172.0	122.0	177.5	182.2	154.4
95	UAB	180.6	86.0	104.0	142.5	202.4	271.5
96	Rice	182.8	128.7	61.0	177.3	187.4	198.8
97	Indiana	184.8	247.7	117.0	197.1	163.2	169.2
98	Kent State	185.9	147.0	145.0	132.5	216.4	153.6
99	Houston	186.8	181.0	243.0	--	186.8	147.5
100	Akron	187.2	154.3	148.0	157.4	208.4	185.0
101	W Kentucky	191.8	125.0	143.0	174.8	203.2	156.5
102	Syracuse	198.1	146.7	140.0	214.2	184.7	208.2
103	Colorado St	198.8	204.0	248.0	147.0	235.9	194.9
104	TX El Paso	199.5	171.7	231.0	147.2	251.8	212.7
105	North Texas	207.1	227.0	188.0	175.8	229.4	229.7
106	E Michigan	209.2	142.3	177.0	246.0	188.1	190.2
107	Fresno St	210.1	201.0	362.0	200.8	215.9	192.4
108	UNLV	213.1	155.0	92.0	240.6	174.6	183.6
109	LA Lafayette	213.2	258.0	167.0	145.0	261.9	224.1
110	Tulane	218.4	380.0	379.0	161.3	275.5	138.9
111	Texas A&M	219.2	271.0	216.0	220.3	217.8	166.1
112	Idaho	219.8	163.3	70.0	177.4	255.2	160.5
113	Miami (OH)	220.8	299.3	326.0	242.2	203.0	168.5
114	S Methodist	224.9	195.0	145.0	234.8	216.7	197.2
115	LA Monroe	225.9	188.0	124.0	243.2	216.0	168.8
116	Kansas St	229.9	241.7	164.0	225.5	235.2	144.9
117	Washington	239.9	253.3	431.0	209.7	282.2	185.0
118	N Mex State	241.4	218.7	241.0	206.8	270.2	181.6
119	San Diego St	245.9	111.0	33.0	204.6	280.3	262.3
120	Wash State	267.8	143.0	63.0	328.2	224.6	163.4
