1	Michigan	43.4	87.0	48.0	29.3	59.8	137.3
2	Texas	60.0	118.7	89.0	76.5	43.5	130.9
3	TX Christian	63.8	37.3	-20.0	53.4	71.1	107.9
4	Miami (FL)	64.2	82.0	90.0	35.7	92.7	117.8
5	W Michigan	76.1	62.0	126.0	51.0	91.8	150.5
6	Florida	76.2	75.0	47.0	81.2	72.0	94.9
7	VA Tech	90.4	59.7	71.0	88.6	93.0	93.4
8	Penn State	90.8	37.7	83.0	77.0	104.7	91.4
9	UCLA	91.1	91.7	105.0	64.4	122.2	232.8
10	USC	91.1	87.7	12.0	114.5	71.0	130.5
11	Florida St	92.5	110.7	194.0	89.1	98.0	105.5
12	Boise State	92.6	123.3	174.0	95.8	90.3	103.9
13	W Virginia	94.8	139.3	160.0	112.0	77.5	112.5
14	LSU	97.1	180.3	143.0	73.8	134.4	84.5
15	Ohio State	98.3	118.0	156.0	90.4	107.5	73.4
16	Oklahoma	98.7	104.3	110.0	92.5	103.4	90.6
17	Clemson	103.1	162.0	100.0	94.6	113.0	121.5
18	Louisville	104.8	109.3	111.0	135.3	78.6	114.0
19	Rutgers	105.4	116.0	31.0	94.6	113.1	137.4
20	Wyoming	106.6	80.0	59.0	104.5	108.7	169.8
21	Wake Forest	107.4	154.0	125.0	97.4	113.6	133.5
22	Utah	109.2	88.7	96.0	107.2	110.6	150.2
23	Cincinnati	110.4	93.7	108.0	60.8	160.0	190.2
24	Nebraska	111.2	91.7	67.0	116.2	106.9	136.1
25	S Methodist	111.3	187.0	78.0	149.6	79.3	142.6
26	GA Tech	111.6	162.0	311.0	81.5	137.4	103.9
27	Georgia	111.7	108.0	42.0	111.3	112.0	143.8
28	Boston Col	112.6	153.7	322.0	85.2	140.0	90.8
29	Kansas	113.2	96.0	137.0	132.0	90.6	78.7
30	BYU	114.1	121.7	94.0	125.3	104.4	154.8
31	Wash State	114.1	140.3	109.0	120.7	107.5	167.8
32	N Illinois	115.1	115.7	198.0	122.4	109.9	152.7
33	Navy	117.3	62.7	73.0	93.0	129.5	154.6
34	Wisconsin	117.7	139.3	232.0	75.0	160.3	167.6
35	S Florida	118.0	119.3	54.0	88.2	139.3	157.0
36	Colorado	118.1	160.0	190.0	122.6	114.3	100.9
37	Virginia	119.3	128.0	156.0	126.7	112.0	151.2
38	Oregon St	119.7	152.7	202.0	103.7	133.4	106.2
39	Arkansas	121.0	105.0	-5.0	127.8	116.8	128.0
40	Miss State	121.2	95.7	58.0	144.8	92.8	145.6
41	Arizona	122.7	161.3	215.0	142.0	99.6	188.0
42	New Mexico	122.9	121.3	71.0	120.4	126.4	107.6
43	Arizona St	123.0	80.3	121.0	128.8	118.9	179.8
44	Auburn	124.2	147.7	104.0	140.5	98.0	112.7
45	Alabama	124.6	180.7	207.0	105.0	156.0	94.3
46	California	127.8	116.0	163.0	138.3	117.2	123.8
47	Nevada	127.8	123.0	28.0	132.0	124.1	141.2
48	Central Mich	127.9	90.7	61.0	100.8	142.9	113.7
49	Hawaii	128.5	120.3	200.0	108.2	161.0	188.2
50	S Mississippi	129.0	121.3	47.0	89.8	153.5	168.7
51	Middle Tenn	129.4	128.0	149.0	116.8	135.8	135.6
52	Illinois	129.9	137.7	95.0	157.8	96.4	233.6
53	Michigan St	132.8	101.3	105.0	119.3	151.8	164.6
54	Texas A&M	133.5	144.7	241.0	114.8	152.2	144.3
55	LA Lafayette	134.7	153.0	173.0	140.2	130.2	175.6
56	Troy	134.9	45.3	39.0	156.8	124.0	150.7
57	S Carolina	134.9	132.3	135.0	147.0	122.8	174.2
58	Akron	136.2	138.7	110.0	123.2	145.6	159.5
59	Toledo	136.4	81.0	76.0	113.4	155.5	131.2
60	Ohio	136.8	131.7	124.0	71.5	165.9	169.4
61	Notre Dame	136.8	147.3	245.0	79.6	203.7	132.3
62	Kent State	139.0	92.7	137.0	154.8	127.7	220.8
63	Washington	139.6	146.0	102.0	123.3	155.8	143.4
64	Fresno St	140.8	153.3	187.0	96.2	185.3	158.0
65	Tulsa	140.8	139.3	165.0	81.6	183.1	165.0
66	Air Force	141.2	154.7	141.0	152.0	130.5	173.5
67	Missouri	143.5	152.3	101.0	158.5	128.5	151.3
68	Iowa	143.9	135.0	70.0	171.3	116.5	127.7
69	Bowling Grn	144.2	167.7	208.0	134.6	151.1	174.8
70	E Carolina	145.2	147.3	156.0	126.5	161.1	217.6
71	Tennessee	146.7	140.0	183.0	143.4	150.5	82.5
72	UAB	146.8	139.3	205.0	119.2	174.3	151.6
73	Houston	147.5	162.3	189.0	149.0	145.7	181.0
74	Arkansas St	148.5	188.0	265.0	142.5	151.5	192.5
75	North Texas	149.3	129.3	216.0	134.4	160.0	222.7
76	Tulane	149.5	163.7	191.0	120.0	170.6	208.8
77	Iowa State	151.7	174.0	90.0	--	151.7	103.9
78	TX El Paso	151.9	170.3	158.0	135.0	168.8	165.7
79	Oklahoma St	153.2	142.3	108.0	164.4	145.3	222.0
80	Florida Intl	153.2	219.0	245.0	212.0	111.3	172.4
81	Kansas St	153.2	200.3	211.0	138.1	174.4	128.9
82	Marshall	153.3	108.3	226.0	131.8	165.6	163.2
83	San Jose St	154.7	135.0	128.0	143.2	166.2	150.9
84	Oregon	154.8	163.7	173.0	130.8	172.0	143.3
85	Central FL	155.5	65.0	89.0	159.8	150.2	178.9
86	NC State	158.1	156.7	124.0	140.3	179.4	112.5
87	Mississippi	158.2	137.3	152.0	163.0	152.4	162.6
88	Texas Tech	158.8	185.0	195.0	143.8	169.6	165.9
89	Minnesota	159.4	96.0	103.0	158.4	160.1	155.6
90	LA Monroe	160.5	115.0	173.0	146.7	165.6	197.5
91	Northwestern	161.5	187.3	214.0	119.0	185.9	218.1
92	Vanderbilt	163.7	132.7	163.0	147.4	177.3	178.0
93	Colorado St	166.1	246.3	184.0	148.2	176.3	222.8
94	Fla Atlantic	167.5	144.3	50.0	93.0	195.4	218.1
95	Indiana	167.7	182.0	175.0	164.5	171.6	195.9
96	UNLV	167.8	144.7	204.0	161.2	173.3	155.5
97	N Carolina	169.3	108.7	103.0	165.2	174.2	138.2
98	Maryland	169.5	147.0	21.0	166.0	173.0	165.7
99	Idaho	170.1	222.7	156.0	154.2	179.1	186.1
100	N Mex State	171.9	144.7	135.0	182.0	161.8	215.9
101	Miami (OH)	173.4	219.0	304.0	184.2	165.7	139.5
102	Duke	173.7	218.3	200.0	193.8	149.6	221.0
103	Connecticut	177.9	178.3	221.0	209.0	140.6	152.8
104	San Diego St	178.6	200.7	113.0	135.8	214.3	185.2
105	Memphis	181.6	119.3	5.0	194.5	166.2	116.4
106	Ball State	184.0	220.7	84.0	196.2	173.8	202.1
107	Buffalo	184.8	106.3	47.0	111.0	237.6	189.6
108	Syracuse	185.1	145.7	217.0	149.2	221.0	187.4
109	Utah State	186.2	197.7	160.0	139.8	219.4	146.4
110	Rice	187.8	168.7	148.0	157.2	201.4	212.0
111	Pittsburgh	192.9	305.3	162.0	229.7	148.8	192.8
112	Purdue	194.2	213.3	206.0	174.7	211.0	143.1
113	Baylor	195.1	266.0	236.0	182.5	210.2	172.2
114	Kentucky	195.2	192.3	130.0	204.5	186.0	200.2
115	E Michigan	201.3	230.7	240.0	217.2	193.4	197.8
116	Army	201.5	250.7	264.0	195.8	204.9	184.0
117	Stanford	210.5	124.7	127.0	228.8	197.4	160.6
118	LA Tech	232.4	227.3	133.0	204.2	246.5	133.2
119	Temple	243.6	282.7	420.0	246.2	242.2	201.6
