1	Oregon St	73.6	99.0	19.0	47.4	92.3	119.7
2	Boston Col	76.1	117.7	172.0	55.0	94.1	112.6
3	USC	84.2	57.3	144.0	62.2	103.0	91.1
4	Ohio State	85.0	142.3	152.0	87.2	82.8	98.3
5	VA Tech	92.9	92.0	95.0	75.0	108.3	90.4
6	Texas	93.4	67.7	22.0	65.7	117.1	60.0
7	Penn State	93.8	104.3	164.0	65.1	127.2	90.8
8	Florida	103.3	108.3	151.0	72.0	139.8	76.2
9	TX Christian	103.5	39.7	32.0	67.0	134.7	63.8
10	Kansas	103.7	112.7	135.0	98.2	109.2	113.2
11	BYU	104.7	125.3	193.0	32.0	111.3	114.1
12	LSU	106.1	208.0	145.0	114.6	97.6	97.1
13	Cincinnati	109.2	165.7	217.0	106.0	111.4	110.4
14	Wake Forest	109.4	62.7	115.0	97.8	119.3	107.4
15	Virginia	110.0	86.7	34.0	110.2	109.9	119.3
16	Oklahoma	110.3	214.0	349.0	97.6	123.0	98.7
17	UCLA	112.2	115.7	73.0	79.5	140.3	91.1
18	W Virginia	112.9	179.3	177.0	96.8	126.7	94.8
19	Georgia	113.8	53.3	-5.0	99.2	128.5	111.7
20	Florida St	116.6	171.3	143.0	93.8	130.9	92.5
21	Arizona St	117.8	159.0	300.0	104.1	139.8	123.0
22	Clemson	118.2	110.0	190.0	130.0	106.5	103.1
23	Missouri	119.5	124.0	164.0	96.4	134.0	143.5
24	GA Tech	120.9	194.3	286.0	121.0	120.8	111.6
25	Iowa	121.6	121.0	122.0	106.8	136.3	143.9
26	Wyoming	123.6	188.3	152.0	96.8	150.3	106.6
27	Auburn	123.8	160.3	189.0	109.9	143.2	124.2
28	Central FL	124.5	33.0	39.0	103.7	145.3	155.5
29	Michigan St	125.8	122.3	27.0	105.7	143.1	132.8
30	Vanderbilt	126.3	128.0	150.0	115.6	145.0	163.7
31	New Mexico	126.3	100.7	73.0	129.0	123.7	122.9
32	Colorado	128.0	140.0	132.0	122.0	133.1	118.1
33	Alabama	128.2	120.3	75.0	151.3	105.0	124.6
34	Oregon	132.8	152.7	88.0	139.7	124.7	154.8
35	Iowa State	133.0	141.3	212.0	146.3	117.0	151.7
36	Miami (FL)	133.8	135.0	93.0	124.7	146.4	64.2
37	Pittsburgh	134.6	136.0	104.0	138.2	130.4	192.9
38	Wisconsin	135.0	87.3	66.0	106.0	164.0	117.7
39	Boise State	135.6	179.0	322.0	119.0	152.2	92.6
40	Illinois	136.4	197.7	344.0	122.0	146.7	129.9
41	S Florida	138.7	192.7	353.0	119.0	152.7	118.0
42	Tulane	138.9	115.3	219.0	174.2	96.6	149.5
43	S Mississippi	139.5	145.7	71.0	165.2	121.1	129.0
44	LA Tech	139.5	221.0	237.0	88.0	169.0	232.4
45	N Carolina	141.8	163.3	145.0	130.8	151.0	169.3
46	Air Force	142.0	118.7	202.0	106.0	167.7	141.2
47	E Carolina	142.2	148.3	98.0	122.0	159.4	145.2
48	Kansas St	144.9	187.3	236.0	117.4	167.8	153.2
49	Arizona	145.5	160.0	97.0	128.8	159.3	122.7
50	Utah	145.8	184.0	316.0	122.2	166.1	109.2
51	Hawaii	147.1	174.0	160.0	148.8	145.7	128.5
52	Houston	147.5	151.3	116.0	115.0	150.5	147.5
53	Kent State	153.6	129.3	49.0	142.0	160.3	139.0
54	Purdue	154.4	170.7	143.0	107.8	201.0	194.2
55	Central Mich	155.1	68.7	41.0	158.0	153.8	127.9
56	Miss State	155.4	166.0	88.0	167.4	146.9	121.2
57	W Kentucky	156.5	170.3	195.0	241.0	139.6	136.0
58	Michigan	156.6	230.3	230.0	137.3	183.6	43.4
59	Maryland	158.7	146.3	275.0	202.6	127.3	169.5
60	Idaho	160.5	172.0	154.0	176.4	147.3	170.1
61	Arkansas	161.4	202.3	323.0	157.3	165.5	121.0
62	Oklahoma St	161.7	189.7	179.0	139.8	177.3	153.2
63	Wash State	163.4	185.3	225.0	126.0	190.1	114.1
64	Tennessee	164.6	179.3	192.0	142.9	186.4	146.7
65	Temple	164.7	137.3	162.0	172.8	156.5	243.6
66	Connecticut	165.2	265.3	144.0	157.0	173.3	177.9
67	California	165.9	255.3	312.0	116.2	208.6	127.8
68	Texas A&M	166.1	200.3	270.0	161.5	170.7	133.5
69	Arkansas St	166.2	167.7	177.0	161.2	171.2	148.5
70	Miami (OH)	168.5	149.3	267.0	117.0	212.7	173.4
71	Louisville	168.5	199.7	153.0	165.4	171.2	104.8
72	LA Monroe	168.8	147.0	180.0	152.2	178.3	160.5
73	Indiana	169.2	151.3	211.0	142.8	195.5	167.7
74	Stanford	169.9	112.3	108.0	191.1	127.5	210.5
75	Nevada	171.2	111.7	194.0	134.8	197.1	127.8
76	Rutgers	172.1	172.7	168.0	170.3	174.6	105.4
77	San Jose St	172.2	135.3	174.0	123.2	200.1	154.7
78	Northwestern	172.4	161.7	321.0	129.7	223.6	161.5
79	Buffalo	174.7	191.0	217.0	164.0	182.3	184.8
80	Fla Atlantic	174.7	135.0	117.0	157.4	185.5	167.5
81	W Michigan	177.5	117.0	54.0	121.6	224.2	76.1
82	Navy	178.2	154.0	213.0	184.4	173.7	117.3
83	N Mex State	181.6	206.3	263.0	205.4	161.8	171.9
84	Duke	181.8	224.0	174.0	166.6	192.7	173.7
85	UNLV	183.6	181.3	171.0	173.2	194.0	167.8
86	NC State	184.4	132.7	249.0	191.7	175.6	158.1
87	Akron	185.0	169.3	257.0	183.2	185.9	136.2
88	Washington	185.0	117.7	96.0	191.0	178.0	139.6
89	Tulsa	185.2	171.0	46.0	190.5	181.2	140.8
90	Marshall	189.0	129.7	107.0	173.4	202.0	153.3
91	E Michigan	190.2	249.3	231.0	138.5	219.7	201.3
92	Texas Tech	190.5	212.7	249.0	174.2	202.1	158.8
93	Baylor	191.3	198.7	343.0	172.0	207.3	195.1
94	Fresno St	192.4	127.7	161.0	160.6	215.1	140.8
95	Notre Dame	193.2	184.7	175.0	211.7	167.2	136.8
96	Colorado St	194.9	108.3	99.0	259.0	188.5	166.1
97	Troy	195.2	163.3	141.0	138.0	236.0	134.9
98	Utah State	196.2	171.7	237.0	210.2	186.1	186.2
99	Kentucky	196.2	170.3	204.0	186.1	210.2	195.2
100	S Methodist	197.2	213.0	196.0	200.7	193.8	111.3
101	Ohio	197.3	119.0	132.0	156.0	220.9	136.8
102	Rice	198.8	246.0	151.0	165.0	227.0	187.8
103	Mississippi	199.5	180.0	81.0	208.0	189.4	158.2
104	Middle Tenn	199.8	333.0	263.0	171.0	220.4	129.4
105	Florida Intl	203.7	202.3	92.0	208.2	200.4	153.2
106	Ball State	204.2	168.0	291.0	198.8	207.5	184.0
107	Memphis	205.7	136.3	115.0	217.3	194.0	181.6
108	Bowling Grn	207.8	154.3	238.0	197.2	214.5	144.2
109	Syracuse	208.2	214.7	113.0	242.3	160.6	185.1
110	S Carolina	210.5	329.3	214.0	190.3	234.6	134.9
111	TX El Paso	212.7	261.3	213.0	261.8	171.8	151.9
112	Minnesota	214.4	304.0	325.0	241.3	182.0	159.4
113	Toledo	218.0	199.7	201.0	219.3	216.4	136.4
114	N Illinois	219.9	202.3	44.0	151.8	258.9	115.1
115	LA Lafayette	224.1	199.3	196.0	177.8	262.7	134.7
116	North Texas	229.7	169.7	116.0	228.8	230.3	149.3
117	Nebraska	232.2	201.0	277.0	213.7	258.0	111.2
118	Army	240.4	296.0	287.0	238.0	241.7	201.5
119	San Diego St	262.3	418.7	311.0	233.4	286.3	178.6
120	UAB	271.5	281.3	177.0	328.8	238.7	146.8
