1	Ohio State	73.4	64.0	62.0	63.7	87.0	130.4
2	Kansas	78.7	140.7	30.0	52.3	110.4	117.6
3	Tennessee	82.5	86.7	46.0	96.7	65.4	120.0
4	LSU	84.5	75.3	53.0	107.8	67.9	99.8
5	Oklahoma	90.6	80.3	84.0	91.0	90.2	95.1
6	Boston Col	90.8	78.3	43.0	82.2	99.5	138.2
7	Penn State	91.4	54.7	7.0	64.3	129.4	132.8
8	VA Tech	93.4	70.0	127.0	90.0	96.3	119.8
9	Alabama	94.3	96.0	103.0	103.4	81.6	141.2
10	Florida	94.9	77.7	64.0	82.3	112.6	141.9
11	Colorado	100.9	180.7	169.0	67.2	129.9	161.4
12	Iowa State	103.9	112.3	135.0	--	103.9	148.5
13	Boise State	103.9	85.0	127.0	85.8	122.0	103.9
14	GA Tech	103.9	89.0	169.0	93.2	114.7	113.7
15	Florida St	105.5	45.0	21.0	139.0	81.6	83.2
16	Oregon St	106.2	75.7	140.0	93.6	118.8	118.8
17	New Mexico	107.6	39.7	28.0	70.6	138.5	109.5
18	TX Christian	107.9	32.7	34.0	91.6	119.6	122.0
19	NC State	112.5	72.0	136.0	110.0	115.6	102.2
20	W Virginia	112.5	165.0	224.0	122.2	104.5	147.2
21	Auburn	112.7	140.7	247.0	73.2	160.2	104.7
22	Central Mich	113.7	68.7	74.0	104.6	121.3	178.5
23	Louisville	114.0	105.7	187.0	61.0	167.0	97.5
24	Memphis	116.4	66.0	47.0	89.8	138.5	150.8
25	Miami (FL)	117.8	167.7	272.0	110.2	125.3	154.8
26	Clemson	121.5	95.3	17.0	133.3	109.7	135.6
27	California	123.8	99.3	94.0	138.6	111.5	82.2
28	Iowa	127.7	105.7	169.0	105.4	146.3	92.5
29	Arkansas	128.0	74.7	108.0	138.2	117.8	181.9
30	Kansas St	128.9	164.0	178.0	130.5	127.0	159.2
31	USC	130.5	176.0	289.0	139.3	123.0	81.8
32	Texas	130.9	189.3	209.0	87.0	168.6	107.4
33	Toledo	131.2	135.0	63.0	116.2	139.7	140.2
34	Notre Dame	132.3	135.7	275.0	150.3	114.3	88.2
35	LA Tech	133.2	142.3	86.0	142.2	125.7	176.6
36	Wake Forest	133.5	143.7	194.0	139.2	126.6	162.5
37	Middle Tenn	135.6	117.0	124.0	160.4	115.0	144.0
38	Nebraska	136.1	143.7	130.0	128.8	144.8	114.7
39	Michigan	137.3	110.7	151.0	136.6	138.4	133.3
40	Rutgers	137.4	116.7	212.0	130.2	143.3	189.4
41	N Carolina	138.2	169.3	277.0	125.7	153.2	227.4
42	Miami (OH)	139.5	119.7	157.0	128.2	149.0	129.8
43	Nevada	141.2	160.0	254.0	122.8	159.7	222.8
44	S Methodist	142.6	126.7	95.0	144.3	140.6	209.6
45	Purdue	143.1	138.7	145.0	125.5	164.2	109.1
46	Oregon	143.3	141.0	132.0	168.6	122.2	121.8
47	Washington	143.4	146.0	224.0	164.0	118.6	183.7
48	Georgia	143.8	209.3	382.0	140.3	146.9	89.9
49	Texas A&M	144.3	193.0	174.0	134.0	154.6	142.5
50	Miss State	145.6	153.3	31.0	126.0	165.2	199.2
51	Utah State	146.4	142.3	117.0	122.5	160.0	193.5
52	Utah	150.2	130.3	127.0	153.0	147.3	140.0
53	W Michigan	150.5	172.3	366.0	107.0	179.5	228.3
54	Troy	150.7	122.0	125.0	107.8	179.3	111.8
55	San Jose St	150.9	112.0	165.0	96.2	187.3	251.5
56	Virginia	151.2	227.3	198.0	127.8	174.5	122.4
57	Missouri	151.3	147.7	142.0	142.8	159.8	152.1
58	UAB	151.6	152.7	135.0	174.8	136.2	141.6
59	N Illinois	152.7	118.7	105.0	130.0	165.7	151.4
60	Connecticut	152.8	119.7	200.0	149.0	156.6	141.6
61	Navy	154.6	119.7	141.0	143.6	162.4	164.6
62	BYU	154.8	219.3	241.0	148.2	160.3	149.3
63	UNLV	155.5	215.0	135.0	147.0	162.7	171.3
64	Minnesota	155.6	161.3	103.0	137.2	174.0	135.0
65	S Florida	157.0	212.7	173.0	135.8	169.1	163.9
66	Fresno St	158.0	192.7	196.0	137.8	172.4	168.9
67	Akron	159.5	235.0	346.0	118.6	185.0	188.9
68	Stanford	160.6	173.0	231.0	158.8	162.4	143.4
69	Mississippi	162.6	190.0	304.0	139.8	185.4	184.6
70	Marshall	163.2	215.7	243.0	169.0	157.4	111.0
71	Michigan St	164.6	245.3	188.0	149.3	183.0	172.4
72	Tulsa	165.0	138.3	208.0	214.0	134.4	217.8
73	TX El Paso	165.7	194.0	164.0	175.0	158.0	165.1
74	Maryland	165.7	127.7	73.0	211.6	127.5	142.9
75	Texas Tech	165.9	203.3	145.0	159.0	170.5	175.7
76	Wisconsin	167.6	103.0	99.0	118.7	209.6	127.0
77	Wash State	167.8	123.7	99.0	150.8	184.8	133.5
78	S Mississippi	168.7	164.3	119.0	178.2	163.3	178.8
79	Ohio	169.4	215.0	124.0	147.0	188.0	130.0
80	Wyoming	169.8	220.0	214.0	166.8	172.3	192.8
81	Baylor	172.2	245.0	90.0	182.5	165.3	213.3
82	Florida Intl	172.4	165.7	107.0	112.0	202.7	149.7
83	Air Force	173.5	248.0	227.0	134.2	206.3	208.0
84	S Carolina	174.2	175.7	203.0	162.3	191.0	137.8
85	Bowling Grn	174.8	81.7	284.0	175.8	174.0	141.6
86	LA Lafayette	175.6	131.0	66.0	132.5	204.3	232.1
87	Vanderbilt	178.0	217.3	251.0	147.6	208.4	195.5
88	Central FL	178.9	267.3	369.0	129.2	210.0	186.5
89	Arizona St	179.8	157.3	158.0	202.3	148.2	124.8
90	Houston	181.0	203.7	198.0	191.6	172.2	192.5
91	Army	184.0	295.0	490.0	143.4	224.6	249.4
92	San Diego St	185.2	166.7	262.0	165.8	204.7	148.0
93	Idaho	186.1	224.3	204.0	144.8	209.7	196.6
94	Syracuse	187.4	230.7	220.0	186.0	189.0	186.4
95	Arizona	188.0	180.3	123.0	156.4	219.6	127.9
96	Hawaii	188.2	181.0	133.0	183.9	194.4	261.1
97	Buffalo	189.6	93.7	169.0	178.6	198.8	188.5
98	Cincinnati	190.2	274.7	337.0	213.8	174.5	147.2
99	Arkansas St	192.5	222.3	192.0	178.8	200.4	197.0
100	Pittsburgh	192.8	271.3	451.0	157.2	228.4	140.1
101	Indiana	195.9	287.3	299.0	215.2	176.6	196.7
102	LA Monroe	197.5	198.0	343.0	183.0	207.2	192.4
103	E Michigan	197.8	131.3	172.0	133.0	251.8	190.5
104	Kentucky	200.2	146.0	150.0	221.4	179.0	224.1
105	Temple	201.6	254.7	375.0	145.6	248.3	201.9
106	Ball State	202.1	120.3	110.0	137.8	238.9	197.4
107	Tulane	208.8	224.3	136.0	170.0	225.4	206.6
108	Rice	212.0	192.0	273.0	185.4	234.2	150.0
109	N Mex State	215.9	253.0	213.0	201.7	230.2	217.6
110	E Carolina	217.6	189.0	130.0	188.0	242.3	233.3
111	Northwestern	218.1	275.3	310.0	197.5	238.7	139.2
112	Fla Atlantic	218.1	179.7	266.0	197.5	229.9	113.3
113	Kent State	220.8	145.7	161.0	176.0	250.7	104.4
114	Duke	221.0	272.0	163.0	269.0	173.0	233.9
115	Oklahoma St	222.0	143.3	354.0	227.2	216.8	173.7
116	North Texas	222.7	215.0	237.0	248.2	201.5	173.7
117	Colorado St	222.8	284.3	467.0	168.6	261.6	232.7
118	UCLA	232.8	259.7	168.0	209.0	256.5	210.1
119	Illinois	233.6	249.3	356.0	230.3	237.6	206.6
