1	Alabama	80.6	123.3	113.0	84.3	76.8	53.0
2	BYU	84.6	69.0	119.0	51.2	108.4	119.7
3	Notre Dame	92.4	67.7	95.0	110.5	74.3	138.9
4	LSU	95.3	116.3	99.0	78.0	119.6	97.4
5	Stanford	97.3	191.7	218.0	86.4	108.1	88.7
6	Connecticut	97.9	49.0	72.0	86.7	109.2	91.6
7	Florida	98.4	92.7	70.0	88.8	108.0	124.3
8	Michigan St	98.6	49.3	87.0	128.9	63.3	98.4
9	Rutgers	99.1	61.0	3.0	132.6	75.1	148.0
10	Florida St	102.4	170.0	83.0	124.4	86.7	88.6
11	Bowling Grn	107.4	116.0	-15.0	87.2	121.9	207.7
12	S Carolina	109.2	123.0	141.0	82.5	135.8	127.2
13	TX Christian	110.5	128.7	123.0	135.8	92.4	124.2
14	Tulsa	111.7	142.0	98.0	103.2	119.0	128.8
15	Ohio State	117.5	129.3	108.0	126.1	100.2	141.5
16	Utah State	118.6	177.7	142.0	117.0	119.7	134.6
17	S Methodist	121.5	96.0	-16.0	123.3	119.7	124.1
18	Arkansas	126.7	132.0	89.0	115.2	140.6	174.6
19	San Jose St	127.6	83.3	105.0	123.8	130.3	204.4
20	Penn State	129.2	149.7	158.0	153.0	96.0	139.0
21	Kansas St	129.8	221.0	222.0	109.5	150.2	141.4
22	Maryland	131.6	187.0	189.0	174.2	96.2	225.1
23	VA Tech	132.0	88.0	67.0	72.4	174.6	103.1
24	Mississippi	132.8	85.3	81.0	152.0	113.5	226.4
25	Northwestern	135.0	144.7	186.0	122.3	147.7	180.5
26	Wisconsin	135.8	210.7	187.0	101.2	165.4	155.0
27	Memphis	135.8	67.0	95.0	137.4	134.5	197.8
28	Oregon St	136.2	245.7	117.0	160.0	112.3	208.4
29	Utah	136.6	197.3	112.0	140.8	133.2	116.9
30	TX-San Ant	136.9	125.0	68.0	95.7	161.6	--
31	Syracuse	137.4	125.0	88.0	48.2	182.0	130.4
32	W Kentucky	138.5	207.7	146.0	143.0	135.3	128.2
33	Pittsburgh	139.7	94.0	224.0	98.5	163.3	123.6
34	Florida Intl	140.8	61.7	9.0	141.8	139.8	118.5
35	San Diego St	140.9	165.3	54.0	167.0	114.8	172.4
36	LA Monroe	142.2	166.3	219.0	148.4	138.4	106.7
37	Kent State	142.3	163.7	72.0	123.0	150.9	132.5
38	GA Tech	144.2	152.0	98.0	137.8	149.6	166.1
39	Texas A&M	144.5	144.7	123.0	173.0	128.1	101.8
40	Boise State	146.2	196.3	205.0	117.3	170.9	110.0
41	Cincinnati	146.5	122.0	200.0	150.6	143.0	92.6
42	Oregon	147.4	138.0	132.0	167.3	127.5	139.5
43	Oklahoma St	148.7	193.3	155.0	107.5	189.8	184.9
44	Vanderbilt	150.1	104.7	41.0	167.4	137.7	134.5
45	Michigan	150.5	140.0	85.0	165.8	137.4	131.7
46	NC State	151.1	214.7	117.0	127.8	167.7	135.5
47	Buffalo	151.3	77.3	82.0	161.0	143.2	181.5
48	N Carolina	151.8	237.7	188.0	144.0	161.2	129.4
49	Louisville	152.1	104.7	111.0	156.2	148.0	97.0
50	LA Lafayette	152.7	115.3	143.0	137.0	163.9	142.2
51	N Illinois	153.0	135.7	243.0	125.6	170.1	157.4
52	Central FL	155.9	150.0	71.0	119.0	183.5	114.3
53	Virginia	156.4	178.0	174.0	125.2	193.8	147.1
54	Missouri	157.5	171.0	237.0	150.2	166.4	136.2
55	W Virginia	157.6	253.3	369.0	119.1	211.4	149.5
56	E Carolina	158.1	163.3	267.0	204.2	125.1	174.6
57	S Florida	159.2	131.7	116.0	136.2	178.3	113.5
58	Clemson	160.0	112.3	99.0	194.5	125.5	170.0
59	W Michigan	160.2	162.0	195.0	165.4	155.8	227.6
60	Arkansas St	161.2	117.7	193.0	135.8	179.4	104.8
61	Ohio	163.9	219.7	95.0	181.2	151.6	144.8
62	UCLA	165.4	232.3	306.0	158.6	172.3	190.6
63	Washington	166.2	72.7	109.0	142.0	183.6	180.2
64	USC	167.0	229.3	294.0	159.2	173.7	111.4
65	Iowa	168.3	203.3	200.0	156.7	182.2	157.3
66	Wash State	169.9	136.0	75.0	163.0	173.9	169.8
67	Miss State	170.3	173.3	161.0	174.2	166.5	143.9
68	Wake Forest	172.9	198.0	203.0	170.8	175.4	182.2
69	Georgia	173.4	298.3	239.0	164.8	180.7	107.0
70	North Texas	175.3	169.7	215.0	123.2	205.0	163.5
71	Kentucky	176.1	192.3	164.0	167.8	186.0	184.7
72	S Alabama	176.3	205.7	229.0	189.6	166.9	141.0
73	California	177.6	184.7	200.0	178.5	176.6	137.4
74	Middle Tenn	178.6	204.7	274.0	175.5	180.4	229.5
75	Minnesota	180.7	185.3	145.0	185.2	176.2	190.7
76	Fresno St	180.8	204.3	169.0	140.0	210.0	163.8
77	New Mexico	182.6	190.7	159.0	166.4	194.1	235.5
78	Iowa State	183.0	269.3	317.0	157.0	209.0	192.2
79	Baylor	183.1	153.0	33.0	186.6	180.6	206.8
80	Troy	185.2	235.3	152.0	201.5	168.8	204.0
81	LA Tech	185.7	281.7	243.0	198.3	173.0	132.1
82	Purdue	188.3	183.3	213.0	230.7	146.0	182.2
83	Texas Tech	189.1	252.0	222.0	194.8	183.3	259.1
84	Rice	190.7	139.0	166.0	198.2	186.0	183.4
85	Arizona St	190.8	202.0	313.0	188.4	192.4	155.4
86	Toledo	191.2	203.0	353.0	133.0	232.7	131.2
87	Texas	191.4	162.7	103.0	180.5	200.7	96.2
88	Central Mich	191.7	88.7	128.0	168.2	215.2	198.6
89	Houston	193.3	227.0	43.0	192.1	195.0	177.6
90	TX El Paso	194.7	197.3	246.0	161.0	228.3	186.1
91	UAB	195.0	174.3	229.0	202.2	189.0	203.2
92	Kansas	195.3	181.3	240.0	177.4	210.2	252.3
93	Temple	198.1	298.3	260.0	187.2	209.0	124.1
94	Tennessee	198.9	196.3	167.0	217.3	176.8	167.4
95	Idaho	201.1	192.3	133.0	113.8	251.0	170.4
96	Navy	202.2	288.3	380.0	128.5	239.0	183.9
97	Illinois	202.8	258.7	338.0	140.8	277.2	132.1
98	Hawaii	203.0	131.0	18.0	179.4	222.7	150.2
99	Oklahoma	203.2	215.3	326.0	213.2	196.0	134.7
100	Colorado St	204.7	168.0	137.0	176.2	228.5	243.5
101	Nebraska	204.9	269.7	162.0	120.3	277.4	166.7
102	Ball State	207.1	185.3	222.0	230.6	192.4	226.0
103	S Mississippi	207.5	210.3	275.0	167.0	248.0	124.5
104	Fla Atlantic	208.7	190.0	284.0	167.8	232.1	168.9
105	Marshall	209.6	143.3	116.0	196.8	220.3	150.1
106	Air Force	209.8	123.0	208.0	205.8	212.7	225.8
107	Nevada	210.2	254.3	196.0	199.8	217.7	147.4
108	Duke	210.6	266.7	222.0	197.7	223.5	188.5
109	Auburn	213.5	213.0	267.0	197.8	232.4	192.6
110	UNLV	216.9	155.0	139.0	229.2	204.7	205.5
111	Miami (FL)	217.0	133.0	151.0	218.0	216.2	156.8
112	Arizona	217.9	269.3	403.0	183.3	266.4	169.0
113	Akron	220.5	151.3	132.0	210.6	228.8	230.5
114	Tulane	222.9	167.7	221.0	209.9	241.2	168.3
115	Wyoming	223.9	318.0	400.0	234.6	215.0	246.9
116	U Mass	225.8	175.0	262.0	226.2	225.4	193.0
117	Boston Col	227.3	156.3	131.0	170.4	274.7	154.3
118	Army	228.6	271.3	167.0	238.6	211.2	206.4
119	Colorado	232.5	291.3	208.0	222.8	240.7	183.9
120	N Mex State	233.9	261.7	446.0	201.6	260.8	218.8
121	Indiana	236.4	300.0	185.0	267.8	210.2	251.2
122	Texas State	242.0	292.3	171.0	203.4	274.2	267.0
123	Miami (OH)	249.0	269.7	226.0	261.2	242.0	168.8
124	E Michigan	271.2	158.7	242.0	269.8	272.3	160.3
