1	Louisville	78.8	91.0	14.0	83.5	74.0	152.1
2	Michigan St	89.0	186.3	162.0	55.7	117.6	99.5
3	Stanford	89.8	89.0	65.0	71.0	108.6	96.5
4	Rutgers	104.2	82.0	175.0	98.5	110.0	102.0
5	Cincinnati	104.8	128.0	174.0	104.4	105.1	146.5
6	Utah State	107.0	61.0	99.0	79.4	124.2	118.6
7	Alabama	107.3	143.3	81.0	74.5	140.2	76.8
8	Wisconsin	107.8	115.0	117.0	96.7	119.0	135.8
9	VA Tech	110.9	163.3	197.0	106.0	114.4	132.0
10	Florida St	111.1	78.7	99.0	105.7	116.5	102.4
11	Memphis	112.4	134.3	75.0	135.7	84.4	134.3
12	Ohio State	114.0	161.3	198.0	102.2	124.1	117.5
13	Florida	116.4	139.7	129.0	96.4	133.0	98.4
14	E Carolina	118.9	167.7	107.0	122.0	116.7	158.1
15	USC	120.3	116.3	37.0	118.3	122.3	167.7
16	North Texas	120.5	124.0	66.0	135.7	107.6	175.7
17	Central FL	122.5	118.3	194.0	123.0	122.0	156.0
18	TX Christian	123.9	142.7	164.0	112.2	133.7	110.5
19	Tulane	124.3	113.7	168.0	103.8	139.0	222.9
20	GA Tech	124.5	175.7	221.0	72.8	167.5	144.2
21	San Diego St	129.8	113.0	113.0	119.8	136.9	140.3
22	Connecticut	129.9	77.3	72.0	127.3	133.0	97.6
23	Kansas St	132.8	146.0	65.0	148.6	110.8	130.2
24	Iowa	133.2	123.0	220.0	145.8	120.7	168.3
25	Colorado St	135.5	97.3	-10.0	151.8	125.4	204.7
26	Utah	135.9	94.3	48.0	124.5	149.6	136.6
27	S Florida	136.1	101.3	176.0	128.5	145.2	159.3
28	Oklahoma	137.6	117.7	129.0	86.8	181.1	203.2
29	S Methodist	139.0	86.0	96.0	142.0	136.5	121.5
30	Michigan	140.2	236.7	149.0	155.4	122.3	148.8
31	Baylor	143.2	180.0	255.0	95.3	191.0	183.1
32	TX-San Ant	143.5	98.7	42.0	129.8	157.2	136.9
33	Penn State	144.0	109.7	120.0	112.0	188.8	128.4
34	Oklahoma St	144.2	171.7	256.0	146.2	142.7	148.7
35	Arizona St	144.4	190.0	81.0	161.6	124.3	190.8
36	Syracuse	144.6	113.0	127.0	103.2	174.1	137.4
37	Fresno St	145.2	117.7	143.0	160.8	129.7	181.2
38	Wake Forest	146.9	114.0	132.0	94.6	190.5	172.9
39	LSU	147.5	111.0	76.0	133.2	161.8	97.0
40	Bowling Grn	149.4	168.3	255.0	126.0	164.0	107.4
41	Maryland	149.7	181.0	138.0	215.2	102.9	131.8
42	Nebraska	150.2	140.7	96.0	179.3	109.6	205.3
43	LA Lafayette	151.5	138.7	102.0	138.5	158.0	153.5
44	Houston	152.8	155.3	211.0	133.3	159.2	192.9
45	Vanderbilt	153.1	147.0	146.0	161.2	145.0	150.1
46	N Illinois	153.3	147.3	168.0	134.2	161.8	153.0
47	Pittsburgh	153.7	112.7	10.0	150.2	157.2	139.7
48	Miss State	153.8	134.3	61.0	150.5	157.2	170.8
49	Missouri	155.2	298.7	167.0	109.0	194.9	157.5
50	Texas State	156.7	271.0	164.0	146.8	165.0	242.0
51	Georgia	157.8	156.3	144.0	102.8	197.1	172.9
52	Boston Col	159.8	188.0	254.0	131.0	180.3	227.5
53	Mississippi	160.1	170.0	151.0	147.5	172.7	131.9
54	Clemson	160.2	193.7	193.0	149.0	169.5	160.2
55	BYU	160.4	176.3	190.0	164.8	157.3	84.6
56	S Carolina	160.7	206.7	293.0	136.7	184.7	109.2
57	W Kentucky	161.3	173.7	223.0	168.8	157.0	138.5
58	Rice	161.4	123.7	239.0	120.0	192.4	190.8
59	Akron	161.9	188.0	230.0	170.4	154.8	220.5
60	S Alabama	162.0	54.7	69.0	144.2	176.8	178.0
61	Fla Atlantic	163.2	68.3	43.0	136.4	182.4	208.9
62	Boise State	165.2	185.3	195.0	162.2	167.3	146.2
63	Minnesota	165.7	195.3	208.0	177.0	154.3	180.7
64	Marshall	167.7	197.0	194.0	136.4	187.2	209.7
65	Notre Dame	168.0	196.0	80.0	195.3	144.6	105.7
66	UCLA	168.3	168.7	143.0	153.7	180.9	165.4
67	Buffalo	168.8	214.7	249.0	82.0	212.2	151.3
68	Oregon	172.1	238.3	180.0	149.2	195.0	147.4
69	Auburn	172.3	188.7	231.0	146.9	208.0	213.5
70	Washington	172.9	110.0	180.0	156.3	189.5	166.7
71	Northwestern	173.2	165.0	185.0	168.3	179.0	134.0
72	Temple	173.8	145.7	60.0	206.4	146.7	198.8
73	Arizona	174.0	182.3	145.0	164.4	180.9	217.9
74	N Carolina	178.8	133.7	168.0	186.7	171.0	151.8
75	Miami (FL)	179.7	190.0	107.0	179.2	180.2	216.6
76	Navy	180.7	136.0	91.0	176.0	183.0	202.2
77	Toledo	181.3	184.3	85.0	211.2	156.3	191.2
78	Duke	181.3	207.7	159.0	208.0	158.4	210.3
79	Virginia	182.5	139.0	126.0	224.6	108.8	156.6
80	Texas	183.2	177.0	216.0	151.7	210.3	191.4
81	Troy	183.7	269.3	233.0	152.0	201.9	186.8
82	California	184.4	187.7	186.0	186.2	182.2	181.9
83	Arkansas	184.7	178.3	238.0	195.2	176.0	127.5
84	Kansas	188.0	184.7	208.0	193.5	181.4	194.1
85	Ohio	190.7	248.7	281.0	163.0	218.3	165.2
86	Oregon St	191.4	323.0	156.0	236.0	159.6	136.2
87	Arkansas St	194.9	161.0	148.0	178.2	206.9	161.2
88	NC State	195.1	254.3	173.0	180.7	220.2	151.1
89	Florida Intl	195.8	258.7	179.0	173.4	214.5	140.8
90	LA Monroe	197.9	214.3	167.0	202.0	195.6	142.2
91	Wash State	198.0	194.7	226.0	167.0	220.1	169.9
92	Tulsa	198.9	227.0	377.0	223.2	174.7	111.7
93	W Virginia	200.1	237.0	244.0	150.8	241.2	158.3
94	Kentucky	201.7	188.0	218.0	221.2	178.4	176.1
95	LA Tech	204.3	284.7	191.0	150.2	235.1	185.7
96	Central Mich	205.2	161.7	193.0	252.5	178.1	193.4
97	Ball State	205.4	188.0	202.0	195.6	212.4	207.3
98	Middle Tenn	206.8	208.3	366.0	161.4	239.3	178.7
99	U Mass	212.6	138.3	215.0	177.6	241.8	225.8
100	Texas Tech	212.7	302.7	287.0	205.8	217.6	189.1
101	Hawaii	213.6	261.0	254.0	222.2	205.0	203.6
102	Kent State	213.9	118.0	69.0	247.8	194.6	143.5
103	Army	216.5	254.3	343.0	190.0	231.6	228.6
104	UNLV	217.9	152.3	141.0	198.7	237.2	216.8
105	Tennessee	219.0	224.3	139.0	216.0	222.6	199.0
106	Texas A&M	220.8	261.0	234.0	219.0	223.4	144.5
107	Idaho	223.0	208.3	181.0	233.5	217.0	202.0
108	Miami (OH)	223.3	250.3	140.0	205.8	235.9	249.0
109	Iowa State	223.7	268.0	212.0	197.8	245.3	183.0
110	S Mississippi	224.6	241.3	145.0	208.2	236.3	207.5
111	Georgia State	225.2	209.3	242.0	235.5	217.0	204.5
112	San Jose St	226.3	290.0	127.0	263.6	195.2	127.6
113	UAB	227.8	236.0	102.0	242.2	219.6	195.0
114	Colorado	229.5	198.3	155.0	298.8	183.3	232.5
115	Wyoming	234.3	173.3	154.0	209.0	255.3	224.3
116	Indiana	247.5	298.7	31.0	195.9	337.8	236.7
117	TX El Paso	247.8	225.3	304.0	245.6	249.4	194.8
118	W Michigan	252.3	269.0	425.0	210.8	276.0	160.2
119	Purdue	253.3	271.0	401.0	217.5	296.2	188.8
120	Illinois	254.3	235.7	146.0	241.3	269.8	203.4
121	New Mexico	256.8	267.7	172.0	254.7	258.8	182.6
122	Air Force	259.1	338.3	234.0	242.2	279.4	209.8
123	E Michigan	263.1	237.0	295.0	190.2	304.7	271.2
124	Nevada	271.3	261.0	394.0	221.8	312.5	211.2
125	N Mex State	313.9	263.3	209.0	298.3	332.6	233.9
