1	Boston Col	82.2	111.0	114.0	80.8	83.5	104.9
2	W Virginia	91.2	86.3	103.0	78.2	104.2	129.8
3	Ohio State	97.6	130.0	125.0	85.8	116.6	90.8
4	TX Christian	100.3	120.0	226.0	90.4	107.4	84.4
5	Iowa	105.4	152.0	78.0	86.8	124.0	126.9
6	Boise State	108.2	208.7	107.0	114.3	103.0	127.5
7	Central FL	109.0	67.3	82.0	117.5	101.7	85.2
8	Auburn	109.8	100.0	75.0	97.4	124.2	161.8
9	Utah	111.7	108.7	202.0	91.3	129.1	137.7
10	Alabama	113.2	70.7	-48.0	114.7	111.8	80.6
11	Kent State	114.0	182.7	50.0	104.0	122.3	142.5
12	Ohio	117.2	147.0	220.0	106.4	125.0	147.2
13	Nevada	117.5	104.3	64.0	134.3	103.1	112.2
14	NC State	118.6	41.7	140.0	156.2	91.7	156.7
15	S Mississippi	119.0	123.0	109.0	93.4	137.3	137.2
16	Miss State	119.2	112.0	88.0	122.7	115.7	153.6
17	S Carolina	119.6	178.3	218.0	81.3	152.4	135.0
18	Pittsburgh	124.3	136.0	104.0	107.8	136.1	111.3
19	S Florida	124.4	111.7	50.0	114.7	134.2	139.2
20	Clemson	127.7	79.7	90.0	135.0	120.3	152.2
21	Stanford	128.6	81.3	66.0	130.6	127.1	137.9
22	N Illinois	131.8	107.3	74.0	136.0	130.0	127.9
23	Tulsa	132.0	162.0	71.0	146.2	121.9	147.5
24	Florida	132.2	164.0	139.0	160.2	104.2	100.8
25	N Carolina	132.7	51.3	28.0	162.6	111.3	101.6
26	Arizona	133.0	200.0	72.0	116.3	149.7	124.9
27	Miami (OH)	133.1	123.3	208.0	99.0	152.0	187.5
28	Arizona St	133.5	125.7	125.0	96.8	158.0	118.9
29	Toledo	134.2	88.7	168.0	94.7	168.0	166.0
30	Oklahoma St	134.3	108.7	90.0	154.1	111.2	90.8
31	Maryland	134.4	102.0	32.0	87.2	168.1	140.0
32	Oregon	134.9	134.0	254.0	111.0	152.0	128.7
33	Syracuse	135.2	164.0	123.0	163.0	119.3	102.9
34	Wisconsin	135.3	137.0	82.0	134.0	136.7	77.8
35	Michigan St	136.9	182.7	275.0	123.2	150.7	117.5
36	Florida St	137.5	179.3	139.0	132.7	141.6	211.9
37	Illinois	137.9	122.3	124.0	155.0	125.7	164.5
38	Texas A&M	140.2	190.7	288.0	93.7	186.8	171.6
39	BYU	140.5	59.3	-12.0	103.5	172.1	109.2
40	Temple	140.8	158.0	254.0	109.8	166.7	111.3
41	Cincinnati	141.0	168.0	272.0	104.5	184.8	150.6
42	Army	141.6	136.3	111.0	161.5	131.6	136.2
43	Colorado	141.8	121.0	265.0	125.7	158.0	161.2
44	USC	142.5	151.0	128.0	167.5	121.0	128.2
45	Purdue	142.9	124.3	74.0	143.8	141.8	173.4
46	Notre Dame	143.6	104.0	103.0	139.7	148.2	170.2
47	Hawaii	143.8	120.0	188.0	125.3	165.5	211.6
48	California	145.3	169.7	112.0	111.2	186.2	119.9
49	Texas	145.4	156.0	238.0	161.7	122.6	72.5
50	LSU	145.5	185.7	155.0	128.0	163.0	133.1
51	Rice	146.1	134.7	102.0	139.5	152.7	190.6
52	S Methodist	146.2	165.0	199.0	130.3	162.1	174.8
53	Marshall	148.8	88.7	40.0	118.0	179.5	137.3
54	Oklahoma	149.6	126.3	112.0	146.3	152.0	102.5
55	Louisville	150.1	151.7	170.0	144.8	155.3	178.4
56	UAB	151.8	145.0	200.0	105.7	198.0	143.7
57	Connecticut	154.2	114.7	95.0	163.8	147.4	141.5
58	San Diego St	154.6	146.7	235.0	149.7	159.5	170.2
59	Nebraska	155.6	160.0	269.0	128.0	179.3	93.0
60	Fresno St	158.7	178.0	203.0	140.7	176.7	228.3
61	VA Tech	159.4	123.3	247.0	167.8	152.1	128.4
62	Mississippi	161.3	182.3	212.0	174.7	145.2	147.0
63	Missouri	161.9	157.7	225.0	133.8	182.0	120.8
64	Georgia	162.5	283.3	124.0	119.4	193.3	137.8
65	Tennessee	163.3	126.7	151.0	177.5	149.2	149.5
66	Troy	166.1	118.0	99.0	210.8	138.1	139.9
67	LA Lafayette	166.6	161.7	182.0	137.6	187.3	188.2
68	Texas Tech	166.7	211.7	229.0	169.0	165.0	131.9
69	Indiana	168.5	189.7	60.0	166.6	170.2	165.1
70	Buffalo	169.2	182.7	137.0	180.8	159.5	139.1
71	Rutgers	170.0	227.7	171.0	117.0	214.2	114.0
72	Florida Intl	171.2	194.3	304.0	120.0	203.1	232.8
73	GA Tech	171.2	147.7	170.0	167.6	173.7	155.8
74	Akron	171.8	135.7	96.0	171.4	172.2	183.8
75	LA Monroe	173.5	124.0	55.0	118.6	219.2	119.9
76	W Michigan	173.8	191.0	114.0	173.6	174.0	182.7
77	Navy	174.0	225.3	279.0	138.2	191.9	118.0
78	Penn State	174.4	145.7	178.0	179.2	169.7	92.4
79	Arkansas	175.0	205.7	227.0	157.6	187.4	158.6
80	Memphis	176.2	130.7	108.0	175.7	176.7	177.5
81	Baylor	177.5	183.0	291.0	126.0	214.3	182.9
82	LA Tech	179.5	178.7	360.0	216.3	135.4	162.8
83	Oregon St	180.3	211.0	346.0	173.5	187.2	118.2
84	Kentucky	183.0	185.7	263.0	173.0	193.0	187.6
85	Miami (FL)	183.7	194.3	196.0	186.2	181.9	122.6
86	W Kentucky	183.8	173.3	209.0	154.4	204.9	249.5
87	Central Mich	185.5	229.7	90.0	161.2	199.4	129.5
88	North Texas	186.5	258.3	373.0	175.0	198.0	195.7
89	Michigan	189.4	274.7	204.0	209.5	169.3	181.6
90	Ball State	190.6	155.3	196.0	213.5	175.3	156.2
91	Utah State	192.4	145.0	202.0	157.8	221.2	214.6
92	Idaho	192.6	159.3	186.0	211.0	179.4	155.4
93	Washington	192.7	131.7	94.0	190.8	194.3	148.8
94	Iowa State	192.7	171.0	147.0	171.7	218.0	162.0
95	Northwestern	194.4	344.7	183.0	132.0	225.6	133.9
96	TX El Paso	195.1	256.0	219.0	151.6	226.1	200.3
97	Middle Tenn	195.6	136.7	119.0	173.6	211.3	137.2
98	Vanderbilt	196.2	232.3	228.0	178.1	221.4	212.1
99	Minnesota	201.5	160.3	91.0	199.3	204.2	160.5
100	Colorado St	201.8	219.7	215.0	199.0	203.9	160.6
101	Fla Atlantic	205.4	237.7	159.0	185.8	215.2	220.8
102	UCLA	206.6	245.3	271.0	172.7	240.5	142.8
103	Wake Forest	208.9	135.7	166.0	201.2	215.3	173.1
104	Bowling Grn	208.9	210.0	193.0	174.6	233.4	196.2
105	Tulane	209.1	208.3	91.0	225.7	189.2	200.5
106	Wyoming	209.7	164.7	65.0	201.2	216.8	179.0
107	Arkansas St	210.3	223.0	131.0	193.2	222.6	131.4
108	Houston	213.0	244.7	123.0	221.6	205.8	231.9
109	N Mex State	213.2	270.7	327.0	217.3	209.2	227.5
110	Air Force	213.7	183.7	279.0	210.6	215.9	137.7
111	Duke	217.2	234.0	255.0	233.2	198.0	163.9
112	Kansas	218.5	213.3	218.0	211.3	227.2	144.2
113	UNLV	223.8	261.7	183.0	253.5	198.3	228.9
114	Virginia	227.4	185.0	201.0	204.2	250.6	178.3
115	E Carolina	228.2	279.0	297.0	197.0	254.9	121.7
116	San Jose St	230.8	193.0	171.0	260.2	214.0	266.5
117	Wash State	231.4	211.3	317.0	240.4	223.8	237.2
118	E Michigan	234.7	267.7	554.0	308.6	181.9	276.7
119	Kansas St	241.5	279.7	264.0	253.8	232.7	117.4
120	New Mexico	251.2	308.0	293.0	221.5	281.0	165.0
