1	Alabama	54.3	79.3	78.0	59.5	48.0	113.2
2	Stanford	88.4	69.0	69.0	110.0	63.2	128.6
3	Florida St	88.8	75.0	93.0	87.2	90.5	137.5
4	Connecticut	91.6	73.0	102.0	82.3	102.8	154.2
5	Cincinnati	92.6	105.0	127.0	44.6	126.9	141.0
6	LSU	93.0	91.3	79.0	93.0	93.0	145.5
7	Texas	96.2	100.7	7.0	73.5	115.7	145.4
8	Louisville	97.0	68.3	65.0	107.4	89.6	150.1
9	Michigan St	98.4	98.0	51.0	93.2	102.9	136.9
10	Texas A&M	101.8	67.3	52.0	95.0	109.8	140.2
11	VA Tech	103.1	101.0	56.0	128.8	87.0	159.4
12	Arkansas St	104.1	67.0	59.0	83.6	118.7	210.3
13	LA Monroe	106.7	105.3	69.0	114.8	102.1	173.5
14	Georgia	107.0	174.3	73.0	101.8	110.2	162.5
15	Boise State	110.0	51.3	-11.0	112.7	107.7	108.2
16	USC	111.4	126.3	124.0	107.0	117.6	142.5
17	S Florida	113.7	105.3	127.0	101.3	128.6	124.4
18	Central FL	114.3	126.3	66.0	90.0	134.5	109.0
19	Utah	118.0	161.0	312.0	109.8	123.9	111.7
20	Florida Intl	118.9	98.7	84.0	105.3	130.6	171.2
21	BYU	119.7	48.0	37.0	159.7	79.7	140.5
22	Pittsburgh	123.6	98.0	61.0	145.9	92.4	124.3
23	S Mississippi	123.8	86.0	196.0	62.6	162.0	119.0
24	Temple	124.1	194.3	140.0	137.8	110.3	140.8
25	S Methodist	124.1	81.7	10.0	123.8	124.3	146.2
26	TX Christian	124.2	124.0	96.0	112.2	136.2	100.3
27	Florida	124.3	127.3	137.0	71.3	177.3	132.2
28	S Carolina	127.2	116.3	137.0	135.8	118.7	119.6
29	W Kentucky	127.5	128.7	27.0	127.0	128.0	183.8
30	Tulsa	128.5	113.7	94.0	119.8	135.9	132.0
31	N Carolina	129.3	176.0	337.0	80.3	178.3	132.7
32	Syracuse	129.6	166.3	74.0	119.7	141.6	135.2
33	Toledo	131.2	146.3	248.0	120.4	138.9	134.2
34	Michigan	131.7	146.0	163.0	132.6	130.2	189.4
35	LA Tech	131.8	201.0	190.0	88.5	153.5	179.5
36	Illinois	132.1	153.7	18.0	142.7	117.2	137.9
37	Kent State	133.2	151.3	202.0	95.8	164.3	114.0
38	Vanderbilt	134.5	156.0	221.0	110.8	158.2	196.2
39	Oklahoma	134.7	158.0	76.0	146.2	124.9	149.6
40	NC State	135.5	116.7	117.0	142.8	129.5	118.6
41	Missouri	136.2	81.0	36.0	129.2	141.1	161.9
42	Utah State	136.3	151.7	125.0	115.6	151.1	192.4
43	California	137.4	156.7	109.0	59.0	193.4	145.3
44	Notre Dame	138.9	105.7	41.0	165.4	108.0	143.6
45	Penn State	139.0	179.3	68.0	148.3	129.7	174.4
46	Oregon	139.5	129.3	212.0	148.0	129.7	134.9
47	Kansas St	141.4	178.3	129.0	161.7	121.2	241.5
48	Ohio State	141.5	215.7	131.0	102.1	187.5	97.6
49	LA Lafayette	142.2	119.3	68.0	117.0	154.8	166.6
50	Miss State	143.9	107.3	64.0	136.0	149.6	119.2
51	Ohio	144.8	187.0	345.0	158.0	136.6	117.2
52	Virginia	147.1	214.0	273.0	127.8	166.3	227.4
53	Nevada	147.4	166.0	171.0	116.7	173.7	117.5
54	W Virginia	149.5	174.3	193.0	117.8	181.2	91.2
55	Marshall	150.1	86.3	88.0	137.2	158.1	148.8
56	Hawaii	150.2	189.7	167.0	154.7	145.8	143.8
57	Rutgers	150.6	112.0	91.0	144.2	157.0	170.0
58	Boston Col	154.1	110.0	122.0	117.2	184.8	82.2
59	Wisconsin	155.0	216.3	345.0	130.8	175.7	135.3
60	Arizona St	155.4	170.0	162.0	139.2	171.7	133.5
61	Miami (FL)	156.7	110.7	153.0	180.2	128.6	183.7
62	Iowa	157.3	145.7	114.0	141.3	173.3	105.4
63	N Illinois	157.8	97.0	28.0	137.4	170.5	131.8
64	E Michigan	160.3	141.3	188.0	119.0	187.8	234.7
65	North Texas	163.5	169.3	140.0	146.7	180.3	186.5
66	Fresno St	166.2	112.7	215.0	180.2	156.1	158.7
67	GA Tech	166.3	124.3	144.0	169.2	163.5	171.2
68	Nebraska	166.7	149.0	121.0	162.5	170.8	155.6
69	Tennessee	167.4	182.0	202.0	158.3	183.2	163.3
70	Tulane	168.3	178.0	124.0	194.0	150.0	209.1
71	Miami (OH)	168.5	164.0	232.0	138.3	198.7	133.1
72	Arizona	169.0	138.0	80.0	181.4	158.7	133.0
73	Wash State	169.5	129.7	143.0	120.8	197.3	231.4
74	Fla Atlantic	169.8	154.7	231.0	199.2	148.7	205.4
75	Clemson	170.0	151.3	188.0	134.0	200.9	127.7
76	Idaho	170.4	259.7	226.0	168.8	171.7	192.6
77	San Diego St	172.4	88.3	76.0	116.5	228.3	154.6
78	E Carolina	174.2	153.7	104.0	161.7	186.8	228.2
79	Arkansas	174.6	152.3	87.0	137.4	201.1	175.0
80	Houston	176.5	179.0	169.0	173.3	179.1	213.0
81	Washington	180.2	221.7	482.0	85.2	275.2	192.7
82	Northwestern	180.4	171.7	80.0	184.4	177.6	194.4
83	Buffalo	181.4	122.0	119.0	136.8	218.5	169.2
84	Wake Forest	182.2	259.7	253.0	185.5	178.8	208.9
85	Purdue	182.2	129.3	46.0	156.5	208.0	142.9
86	Rice	183.4	150.3	189.0	126.4	224.1	146.1
87	Navy	183.9	185.0	298.0	189.0	181.0	174.0
88	Colorado	183.9	159.0	89.0	170.6	192.2	141.8
89	Kentucky	184.7	139.7	61.0	177.7	193.2	183.0
90	Oklahoma St	184.9	181.0	243.0	143.7	220.3	134.3
91	TX El Paso	186.1	190.0	249.0	182.6	189.0	195.1
92	Duke	188.5	238.7	187.0	199.8	174.8	217.2
93	UCLA	190.6	226.3	178.0	177.0	200.8	206.6
94	Minnesota	190.7	172.3	82.0	198.8	181.0	201.5
95	Iowa State	192.2	209.0	173.0	156.8	217.6	192.7
96	Auburn	192.6	213.3	123.0	194.5	190.7	109.8
97	Memphis	197.8	196.3	255.0	192.4	202.3	176.2
98	Central Mich	199.7	228.7	236.0	278.0	155.0	185.5
99	UAB	203.2	234.3	235.0	195.8	208.6	151.8
100	Troy	203.6	201.7	133.0	176.2	223.1	166.1
101	San Jose St	204.3	237.7	173.0	205.0	203.9	230.8
102	UNLV	205.5	273.0	186.0	170.0	225.7	223.8
103	Army	206.4	249.7	296.0	128.7	235.5	141.6
104	Baylor	206.8	143.0	182.0	192.3	221.2	177.5
105	Bowling Grn	207.7	241.3	188.0	230.2	189.0	208.9
106	Oregon St	208.4	273.7	365.0	201.2	214.3	180.3
107	N Mex State	218.8	255.7	392.0	235.0	204.9	213.2
108	Maryland	225.1	179.7	133.0	241.2	205.8	134.4
109	Air Force	225.8	223.7	123.0	236.8	216.7	213.7
110	Mississippi	226.4	260.7	247.0	238.3	212.0	161.3
111	W Michigan	227.6	163.7	265.0	164.5	259.1	173.8
112	Ball State	228.7	305.7	240.0	260.4	206.0	190.6
113	Middle Tenn	229.6	282.7	464.0	239.5	219.7	195.6
114	Akron	231.4	278.7	240.0	238.0	225.8	171.8
115	New Mexico	235.5	222.3	149.0	223.0	245.8	251.2
116	Colorado St	244.6	274.7	225.0	254.4	236.5	201.8
117	Wyoming	248.0	239.3	255.0	252.8	245.3	209.7
118	Indiana	251.2	270.7	292.0	254.4	248.5	168.5
119	Kansas	252.3	184.7	172.0	202.4	293.8	218.5
120	Texas Tech	259.1	287.0	360.0	252.2	264.8	166.7
