1	Navy	29.8	18.7	21.0	23.2	34.6	35.9
2	Army	32.8	10.3	15.0	24.0	37.9	36.2
3	Alabama	34.2	25.0	21.0	44.7	23.8	42.8
4	Penn State	34.3	25.3	15.0	39.0	28.8	33.1
5	Vanderbilt	40.9	45.0	35.0	48.7	27.2	35.8
6	Minnesota	41.2	50.0	75.0	44.7	37.0	43.8
7	Kansas	41.2	64.7	70.0	47.3	35.2	49.5
8	Colorado St	41.3	35.0	20.0	28.0	42.6	40.6
9	Virginia	41.7	26.7	25.0	39.8	43.3	32.6
10	N Mex State	42.4	35.3	30.0	40.0	44.3	64.5
11	Clemson	42.5	32.3	5.0	43.5	41.5	36.2
12	Wisconsin	43.3	37.7	10.0	45.3	41.3	34.9
13	Air Force	43.4	50.0	44.0	50.0	38.7	34.2
14	Michigan	43.7	51.7	65.0	42.0	46.0	43.8
15	Maryland	43.7	50.0	57.0	39.8	46.4	39.0
16	Ohio State	43.9	44.0	83.0	37.7	50.2	43.4
17	S Carolina	44.9	35.3	41.0	46.0	43.6	53.2
18	Rice	44.9	61.7	58.0	52.0	39.0	42.8
19	Tennessee	45.8	53.0	60.0	37.7	53.9	37.7
20	Baylor	46.4	37.7	9.0	34.8	56.0	54.4
21	San Jose St	46.4	49.3	51.0	48.0	45.4	36.4
22	Florida Intl	46.4	53.7	41.0	42.6	49.1	64.1
23	Connecticut	46.6	37.7	30.0	50.0	43.2	44.2
24	Northwestern	47.1	50.7	79.0	44.0	50.8	30.5
25	Washington	47.2	50.0	30.0	46.9	47.5	42.3
26	Missouri	47.2	95.7	53.0	35.8	54.2	38.2
27	Auburn	47.2	34.7	40.0	55.3	35.8	45.8
28	Iowa State	47.3	67.7	104.0	42.7	52.8	36.3
29	San Diego St	47.5	42.7	64.0	46.2	48.5	52.7
30	Central FL	47.5	31.7	25.0	48.0	47.0	43.1
31	Illinois	47.6	37.0	66.0	51.8	44.6	39.3
32	Wake Forest	47.8	44.7	6.0	50.8	45.1	44.2
33	Mississippi	47.8	58.7	42.0	49.5	45.8	40.8
34	Miss State	48.0	52.0	45.0	44.6	50.4	50.2
35	Michigan St	48.4	36.3	15.0	60.8	37.7	56.0
36	Temple	48.5	33.7	31.0	54.5	42.5	46.6
37	N Illinois	48.5	42.7	33.0	49.5	48.0	35.9
38	Nebraska	48.7	50.0	57.0	52.6	43.2	45.7
39	Texas A&M	49.1	56.3	45.0	55.8	42.3	49.0
40	Purdue	49.8	53.7	44.0	45.8	53.8	39.0
41	E Michigan	50.0	44.0	60.0	54.0	47.7	59.1
42	Wash State	50.0	28.3	40.0	56.8	45.1	47.3
43	Stanford	50.2	57.0	30.0	49.5	51.8	35.7
44	UAB	50.8	35.3	62.0	30.0	62.7	58.5
45	Miami (OH)	51.0	38.3	20.0	39.0	61.3	54.7
46	Fla Atlantic	51.8	49.7	29.0	48.8	53.6	52.4
47	Miami (FL)	51.8	43.3	40.0	54.6	48.0	61.7
48	Tulane	51.9	41.3	50.0	43.5	62.0	47.8
49	NC State	51.9	47.7	38.0	41.3	64.6	61.5
50	N Carolina	52.5	48.7	70.0	57.4	48.5	53.7
51	VA Tech	52.6	39.0	27.0	53.3	52.0	50.7
52	W Virginia	52.8	55.0	110.0	53.7	52.0	66.4
53	Indiana	52.8	59.3	80.0	45.7	60.0	43.4
54	Duke	52.9	57.0	60.0	44.0	59.3	48.1
55	S Mississippi	52.9	72.3	80.0	53.6	52.4	43.8
56	Nevada	53.2	65.0	59.0	47.6	57.1	33.7
57	Arizona	53.3	45.3	65.0	56.4	50.7	49.5
58	Utah State	53.6	52.7	60.0	55.4	52.3	47.1
59	Kentucky	54.2	40.7	45.0	48.3	62.6	48.8
60	New Mexico	54.4	65.0	35.0	49.5	59.3	37.6
61	Akron	54.8	52.0	55.0	69.8	47.2	74.0
62	Kent State	54.9	29.3	26.0	58.8	52.7	63.7
63	Oregon	55.0	75.7	138.0	48.9	62.2	58.3
64	Texas	55.4	61.0	74.0	52.2	58.1	53.4
65	LA Lafayette	55.5	56.0	5.0	48.4	61.3	43.7
66	Iowa	55.6	58.7	20.0	41.2	70.0	41.8
67	Wyoming	55.8	65.3	90.0	52.8	58.7	45.8
68	Colorado	55.8	58.3	30.0	52.5	58.7	46.8
69	Fresno St	55.9	61.7	80.0	59.2	53.6	37.2
70	Middle Tenn	55.9	57.0	44.0	51.6	59.0	41.4
71	Tulsa	56.2	48.0	25.0	52.2	59.2	45.2
72	Bowling Grn	56.2	42.7	37.0	57.2	55.6	52.0
73	Buffalo	56.4	48.0	34.0	56.2	56.6	46.2
74	Arizona St	56.5	32.3	50.0	59.2	52.0	63.8
75	Memphis	56.6	63.0	45.0	52.8	60.3	37.5
76	Notre Dame	57.0	59.7	46.0	45.6	73.0	53.5
77	Arkansas	57.0	57.0	50.0	52.7	61.3	54.7
78	Rutgers	57.2	61.0	58.0	56.3	58.4	35.2
79	TX Christian	57.9	49.3	85.0	62.2	54.3	58.8
80	Troy	58.1	67.0	75.0	69.4	50.0	59.5
81	Oklahoma	58.2	82.0	113.0	40.3	76.1	37.2
82	Utah	58.6	53.7	37.0	55.8	61.0	54.9
83	Ball State	58.8	48.7	25.0	79.8	45.8	46.7
84	Boston Col	59.2	36.3	22.0	51.2	66.1	47.2
85	Marshall	60.0	48.7	71.0	58.4	61.3	51.7
86	Oregon St	60.1	66.0	54.0	67.0	55.1	57.8
87	BYU	60.7	46.3	20.0	27.0	63.7	59.2
88	Georgia	60.8	68.3	100.0	54.2	67.5	49.5
89	Pittsburgh	61.0	72.7	55.0	51.7	72.2	42.9
90	UNLV	61.2	70.3	90.0	44.8	77.5	57.9
91	Arkansas St	61.2	57.7	60.0	63.8	58.5	50.8
92	GA Tech	61.7	52.3	62.0	66.5	56.8	50.9
93	Toledo	61.8	60.0	65.0	60.2	63.8	69.6
94	Florida	61.9	71.3	49.0	66.1	57.0	61.4
95	Central Mich	62.0	58.0	20.0	67.8	59.4	67.9
96	UCLA	62.1	50.3	46.0	58.3	65.3	60.1
97	California	62.2	65.7	25.0	63.8	60.9	43.1
98	LSU	62.9	38.3	36.0	50.0	75.7	50.5
99	Boise State	63.0	46.0	50.0	63.5	62.5	51.8
100	TX El Paso	63.5	61.7	50.0	57.8	68.2	54.2
101	E Carolina	63.6	48.3	50.0	63.2	64.0	39.3
102	Syracuse	63.8	78.0	95.0	69.3	56.0	46.8
103	Oklahoma St	64.2	67.3	103.0	56.2	70.0	48.7
104	Houston	65.1	67.0	73.0	47.0	66.7	59.5
105	LA Monroe	65.5	82.7	52.0	61.5	67.7	52.1
106	North Texas	66.1	75.7	77.0	73.8	60.6	51.6
107	Idaho	66.5	59.7	75.0	60.4	71.5	70.0
108	Louisville	66.8	67.0	79.0	71.6	62.8	44.8
109	Florida St	66.9	54.0	102.0	76.2	61.1	53.6
110	LA Tech	67.0	72.3	55.0	57.5	72.4	46.9
111	W Michigan	67.2	55.0	60.0	69.4	65.3	55.7
112	Hawaii	69.6	56.7	90.0	68.2	70.8	66.8
113	Texas Tech	70.2	63.0	81.0	43.4	89.4	68.1
114	S Methodist	70.6	82.7	104.0	62.5	78.7	53.8
115	S Florida	70.7	76.3	64.0	58.6	79.3	69.5
116	Ohio	72.1	68.0	74.0	77.5	69.0	56.8
117	Kansas St	72.4	92.0	153.0	73.2	71.7	58.2
118	USC	74.4	96.7	130.0	54.7	91.3	50.2
119	Cincinnati	77.8	73.7	51.0	78.4	77.4	54.1
120	W Kentucky	85.3	100.7	118.0	75.0	87.4	30.0
