1	Navy	24.8	19.3	20.0	28.0	23.2	29.8
2	Ball State	24.9	23.3	20.0	9.6	34.5	58.8
3	Penn State	29.8	45.0	72.0	26.3	33.3	34.3
4	VA Tech	32.7	25.0	17.0	34.2	31.8	52.6
5	Iowa	33.0	28.7	50.0	38.0	28.0	55.6
6	Pittsburgh	33.8	31.3	15.0	32.7	34.9	61.0
7	Virginia	34.8	46.0	40.0	27.0	44.2	41.7
8	Arizona	35.2	53.3	54.0	32.4	38.3	53.3
9	Boston Col	35.8	37.3	34.0	36.0	35.7	59.2
10	Army	36.1	39.3	15.0	33.6	38.2	32.8
11	Vanderbilt	36.4	23.7	0.0	43.7	30.1	40.9
12	Tulsa	36.4	11.7	5.0	39.3	33.9	56.2
13	Missouri	36.8	29.7	32.0	41.6	33.8	47.2
14	Syracuse	36.8	44.0	45.0	26.2	45.7	63.8
15	Alabama	37.1	34.0	67.0	43.4	30.9	34.2
16	Rutgers	38.8	41.3	15.0	35.5	42.0	57.2
17	Purdue	39.1	34.7	45.0	37.5	41.0	49.8
18	Washington	39.5	51.7	51.0	36.4	43.8	47.2
19	Kent State	40.0	42.0	40.0	50.5	34.0	54.9
20	Maryland	40.3	38.7	50.0	32.2	48.5	43.7
21	Colorado	40.5	36.3	14.0	46.2	35.8	55.8
22	NC State	41.0	27.7	3.0	39.8	42.2	51.9
23	W Virginia	41.3	30.3	10.0	38.0	44.7	52.8
24	Memphis	41.5	25.0	25.0	34.3	48.7	56.6
25	N Carolina	41.6	28.7	37.0	55.2	28.0	52.5
26	Michigan	41.7	25.7	15.0	47.0	34.2	43.7
27	N Illinois	41.8	49.0	70.0	36.2	45.7	48.5
28	Fresno St	41.8	49.3	25.0	32.2	47.8	55.9
29	Connecticut	41.8	42.7	29.0	25.6	53.4	46.6
30	Miami (OH)	41.9	26.3	39.0	39.2	44.2	51.0
31	Northwestern	42.1	28.3	47.0	49.2	35.0	47.1
32	Kansas St	42.2	35.7	5.0	20.8	67.8	72.4
33	Rice	42.5	47.7	64.0	43.7	41.4	44.9
34	UNLV	43.0	31.3	18.0	43.7	42.0	61.2
35	Ohio State	43.2	35.0	67.0	36.5	50.0	43.9
36	Colorado St	43.8	48.3	60.0	54.8	35.9	41.3
37	Duke	44.2	47.7	65.0	42.0	46.8	52.9
38	Tennessee	44.9	21.3	20.0	44.0	46.2	45.8
39	Buffalo	44.9	29.3	25.0	56.7	36.1	56.4
40	Michigan St	45.1	52.0	50.0	36.4	55.2	48.4
41	Kansas	45.1	42.7	33.0	48.5	41.7	41.2
42	Kentucky	45.2	48.0	35.0	39.3	51.0	54.2
43	Akron	45.2	41.7	40.0	58.4	35.9	54.8
44	W Michigan	45.9	37.0	53.0	38.5	49.6	67.2
45	Air Force	46.0	35.7	11.0	39.6	50.6	43.4
46	Miami (FL)	47.0	36.0	30.0	52.4	43.1	51.8
47	GA Tech	47.0	49.7	74.0	37.2	55.2	61.7
48	Clemson	47.1	42.0	50.0	53.4	41.8	42.5
49	Miss State	48.1	35.3	39.0	37.6	56.8	48.0
50	Wake Forest	48.2	55.3	55.0	51.6	44.2	47.8
51	Oklahoma St	48.2	29.0	41.0	54.0	42.5	64.2
52	Mississippi	48.5	35.3	15.0	51.2	45.8	47.8
53	N Mex State	48.5	39.0	20.0	54.0	44.8	42.4
54	Marshall	48.6	56.0	63.0	57.4	41.3	60.0
55	S Methodist	48.9	55.0	85.0	58.8	40.7	70.6
56	LSU	49.2	56.3	60.0	41.9	59.4	62.9
57	Texas Tech	49.5	44.7	62.0	40.6	56.8	70.2
58	Toledo	49.5	44.3	40.0	40.3	58.7	61.8
59	W Kentucky	49.5	46.0	90.0	51.8	48.0	85.3
60	E Michigan	49.6	60.7	97.0	54.2	47.0	50.0
61	California	49.9	28.3	10.0	50.0	49.8	62.2
62	Notre Dame	49.9	44.0	60.0	54.2	46.3	57.0
63	S Carolina	50.2	60.0	100.0	45.2	55.3	44.9
64	Wisconsin	50.5	32.7	25.0	42.0	59.0	43.3
65	Middle Tenn	50.6	43.3	49.0	53.0	48.9	55.9
66	Minnesota	50.7	55.0	41.0	38.5	62.8	41.2
67	Arkansas	50.8	45.0	66.0	51.8	50.0	57.0
68	Auburn	51.2	52.3	45.0	37.8	67.2	47.2
69	LA Tech	51.5	57.0	40.0	44.0	56.9	67.0
70	San Jose St	51.9	56.7	88.0	57.6	47.2	46.4
71	Illinois	52.7	39.3	48.0	58.0	48.3	47.6
72	Tulane	52.8	41.7	31.0	61.5	44.0	51.9
73	Bowling Grn	53.4	54.7	71.0	55.8	51.7	56.2
74	Indiana	53.7	41.7	54.0	58.1	46.0	52.8
75	Wyoming	53.8	41.0	43.0	41.8	68.2	55.8
76	Louisville	54.6	50.3	41.0	52.7	58.0	66.8
77	Central FL	54.7	52.3	41.0	51.6	57.3	47.5
78	San Diego St	54.8	44.7	41.0	55.6	54.2	47.5
79	North Texas	54.9	43.0	25.0	53.2	56.1	66.1
80	E Carolina	55.1	43.3	17.0	58.0	53.6	63.6
81	Central Mich	55.2	57.3	45.0	64.5	50.5	62.0
82	Temple	55.3	37.0	43.0	60.4	51.7	48.5
83	Baylor	55.5	54.0	40.0	53.7	57.6	46.4
84	Troy	55.5	40.0	28.0	57.5	54.5	58.1
85	Nevada	56.2	35.0	35.0	58.6	54.4	53.2
86	UCLA	56.6	77.7	117.0	57.6	55.2	62.1
87	Texas A&M	56.8	60.3	71.0	54.9	59.4	49.1
88	Oregon St	56.8	51.7	48.0	44.3	67.4	60.1
89	Iowa State	56.8	51.0	43.0	43.4	68.0	47.3
90	LA Monroe	57.1	51.7	50.0	76.5	46.0	65.5
91	TX El Paso	57.3	66.7	79.0	77.3	37.3	63.5
92	Houston	57.7	38.3	25.0	--	57.7	65.1
93	LA Lafayette	57.8	67.7	44.0	50.6	63.0	55.5
94	Texas	58.2	52.7	83.0	62.4	53.2	55.4
95	New Mexico	58.6	68.7	85.0	55.7	61.5	54.4
96	Ohio	59.3	43.3	50.0	44.2	67.9	72.1
97	Idaho	59.9	62.0	55.0	65.2	55.5	66.5
98	Cincinnati	61.3	65.0	30.0	74.8	52.9	77.8
99	Nebraska	61.5	50.7	81.0	61.1	62.2	48.7
100	Stanford	61.9	53.0	54.0	49.0	71.1	50.2
101	Oregon	62.1	74.0	35.0	59.2	64.6	55.0
102	Florida	62.6	65.7	81.0	53.3	70.6	61.9
103	Arkansas St	63.4	41.0	35.0	51.8	70.0	61.2
104	Boise State	64.2	41.3	25.0	64.2	64.1	63.0
105	Wash State	65.2	43.0	42.0	55.6	72.0	50.0
106	UAB	65.2	59.3	60.0	66.2	64.6	50.8
107	Oklahoma	66.4	55.3	31.0	69.4	64.5	58.2
108	Florida Intl	66.6	74.7	98.0	76.2	59.7	46.4
109	Utah State	67.4	81.7	99.0	68.3	66.5	53.6
110	Arizona St	68.2	73.7	61.0	69.0	67.2	56.5
111	Utah	68.4	67.3	96.0	58.8	73.9	58.6
112	Fla Atlantic	70.4	56.3	25.0	75.2	68.2	51.8
113	BYU	70.5	76.3	76.0	--	70.5	60.7
114	TX Christian	71.1	63.7	63.0	66.6	74.3	57.9
115	S Florida	71.3	76.0	70.0	69.2	72.9	70.7
116	Georgia	72.3	70.7	53.0	67.6	75.7	60.8
117	USC	73.9	70.0	60.0	94.3	56.4	74.4
118	S Mississippi	75.2	79.7	75.0	84.7	67.0	52.9
119	Florida St	75.8	60.0	85.0	84.8	68.3	66.9
120	Hawaii	78.6	79.3	69.0	90.7	68.3	69.6
