1	Northwestern	30.5	25.7	25.0	26.8	32.7	48.5
2	Virginia	32.6	17.0	45.0	28.3	36.8	47.2
3	Penn State	33.1	33.3	45.0	27.2	39.0	36.2
4	Nevada	33.7	28.3	10.0	41.5	27.0	51.2
5	Air Force	34.2	38.3	32.0	30.8	37.5	45.9
6	Wisconsin	34.9	35.0	35.0	27.7	42.2	47.2
7	Rutgers	35.2	28.3	30.0	33.0	36.7	60.3
8	Stanford	35.7	40.0	45.0	23.0	44.7	44.3
9	Vanderbilt	35.8	22.3	29.0	49.6	24.3	29.0
10	Navy	35.9	25.0	30.0	33.5	37.1	33.8
11	N Illinois	35.9	23.0	0.0	32.6	38.3	51.5
12	Army	36.2	31.3	39.0	30.2	39.6	40.2
13	Clemson	36.2	40.3	50.0	40.6	31.2	40.5
14	Iowa State	36.3	38.7	40.0	--	36.3	47.5
15	San Jose St	36.4	45.7	50.0	29.8	43.0	49.9
16	Oklahoma	37.2	23.7	35.0	30.5	42.2	71.7
17	Fresno St	37.2	35.7	55.0	32.7	41.8	69.3
18	Memphis	37.5	37.3	41.0	42.7	31.4	60.5
19	New Mexico	37.6	32.3	44.0	39.3	35.2	56.2
20	Tennessee	37.7	51.3	55.0	31.9	44.5	60.9
21	Missouri	38.2	23.7	15.0	49.3	27.0	67.1
22	Maryland	39.0	31.7	31.0	44.7	33.3	44.1
23	Purdue	39.0	25.7	33.0	36.2	41.4	52.6
24	Illinois	39.3	42.3	56.0	38.7	40.0	49.7
25	E Carolina	39.3	23.3	25.0	45.0	34.4	46.3
26	Colorado St	40.6	17.3	18.0	43.0	39.3	50.0
27	Mississippi	40.8	48.3	60.0	34.8	48.0	39.3
28	Middle Tenn	41.4	62.0	103.0	38.8	42.8	80.7
29	Iowa	41.8	43.7	53.0	36.0	47.7	38.8
30	Washington	42.3	56.0	45.0	42.0	42.7	50.5
31	Alabama	42.8	43.3	45.0	42.4	43.6	46.8
32	Rice	42.8	26.3	49.0	15.0	55.2	44.2
33	Pittsburgh	42.9	36.7	30.0	37.7	49.2	51.3
34	California	43.1	26.0	35.0	50.3	35.8	52.7
35	Central FL	43.1	26.3	20.0	45.8	39.8	63.3
36	Indiana	43.4	32.0	46.0	42.8	44.0	55.4
37	Ohio State	43.4	43.3	50.0	47.4	38.7	48.2
38	LA Lafayette	43.7	34.7	52.0	33.4	52.3	56.8
39	Minnesota	43.8	46.0	23.0	34.0	50.7	50.6
40	S Mississippi	43.8	33.3	50.0	44.0	43.8	49.6
41	Michigan	43.8	28.3	20.0	47.9	39.2	31.8
42	Connecticut	44.2	49.3	76.0	47.2	40.6	49.3
43	Wake Forest	44.2	49.7	30.0	41.4	46.0	62.1
44	Louisville	44.8	28.3	5.0	54.3	36.6	68.0
45	Tulsa	45.2	35.7	36.0	66.4	30.0	47.7
46	Nebraska	45.7	46.3	45.0	50.2	41.9	63.0
47	Auburn	45.8	42.3	45.0	42.4	51.2	43.0
48	Wyoming	45.8	33.0	54.0	43.5	48.2	54.5
49	Buffalo	46.2	23.0	15.0	52.4	41.9	63.7
50	Temple	46.6	41.7	55.0	50.0	44.9	42.0
51	Ball State	46.7	37.0	45.0	50.0	44.0	58.5
52	Colorado	46.8	62.0	74.0	35.6	56.2	83.2
53	Syracuse	46.8	33.0	49.0	57.7	36.0	50.2
54	LA Tech	46.9	50.0	55.0	45.0	47.9	52.3
55	Utah State	47.1	46.0	25.0	47.4	46.9	61.6
56	Boston Col	47.2	51.7	25.0	43.0	51.3	55.6
57	Wash State	47.3	34.3	10.0	48.3	46.3	63.3
58	Tulane	47.8	42.0	25.0	63.8	36.4	47.8
59	Duke	48.1	31.0	20.0	46.2	50.4	65.6
60	Oklahoma St	48.7	46.3	77.0	50.8	47.1	56.4
61	Kentucky	48.8	52.3	84.0	39.7	58.0	41.2
62	Texas A&M	49.0	54.0	33.0	52.3	45.7	54.2
63	Arizona	49.5	63.7	52.0	50.8	47.8	49.6
64	Georgia	49.5	46.7	31.0	52.7	46.3	53.6
65	Kansas	49.5	52.7	70.0	43.8	56.4	63.7
66	USC	50.2	41.3	27.0	58.3	43.1	62.5
67	Miss State	50.2	50.0	25.0	43.2	58.6	53.6
68	LSU	50.5	60.0	95.0	49.9	51.6	73.5
69	VA Tech	50.7	57.3	78.0	43.9	60.2	53.6
70	Arkansas St	50.8	63.3	50.0	37.2	57.5	77.7
71	GA Tech	50.9	32.3	37.0	54.2	48.1	57.2
72	North Texas	51.6	44.7	61.0	51.8	51.4	74.3
73	Marshall	51.7	56.7	75.0	44.2	56.0	42.1
74	Boise State	51.8	56.7	63.0	59.8	46.1	68.8
75	Bowling Grn	52.0	43.3	27.0	48.8	54.3	47.8
76	LA Monroe	52.1	69.7	51.0	59.3	49.4	67.7
77	Fla Atlantic	52.4	43.7	35.0	65.3	47.5	67.0
78	San Diego St	52.7	27.0	56.0	43.6	60.3	47.2
79	S Carolina	53.2	58.0	93.0	38.7	67.7	46.5
80	Texas	53.4	42.0	60.0	46.8	60.0	65.5
81	Notre Dame	53.5	52.0	40.0	54.7	52.0	55.6
82	Florida St	53.6	30.3	44.0	41.6	72.8	77.8
83	N Carolina	53.7	63.0	75.0	47.7	61.0	66.9
84	S Methodist	53.8	52.7	72.0	39.6	65.7	68.5
85	Cincinnati	54.1	53.7	20.0	52.5	55.7	52.3
86	TX El Paso	54.2	46.7	40.0	71.3	37.2	66.7
87	Baylor	54.4	31.3	15.0	53.3	55.6	66.2
88	Miami (OH)	54.7	26.0	27.0	64.4	47.7	57.1
89	Arkansas	54.7	67.7	123.0	58.0	52.6	58.9
90	Utah	54.9	52.3	41.0	66.8	46.4	63.5
91	W Michigan	55.7	53.0	19.0	56.8	55.0	61.7
92	Michigan St	56.0	37.7	60.0	37.0	82.6	48.5
93	Ohio	56.8	37.3	39.0	60.2	55.3	62.5
94	Oregon St	57.8	39.7	25.0	64.2	52.3	82.4
95	UNLV	57.9	92.3	120.0	77.2	41.8	60.9
96	Kansas St	58.2	62.0	59.0	57.1	59.6	75.2
97	Oregon	58.3	47.0	75.0	52.4	62.6	83.5
98	UAB	58.5	70.3	45.0	55.0	62.0	59.9
99	TX Christian	58.8	72.7	80.0	52.4	63.4	79.6
100	E Michigan	59.1	45.7	60.0	61.8	57.8	51.9
101	BYU	59.2	56.0	70.0	59.3	59.0	75.3
102	Houston	59.5	66.7	40.0	50.1	70.3	68.7
103	Troy	59.5	53.3	70.0	55.2	61.6	56.2
104	UCLA	60.1	22.7	34.0	71.4	46.8	52.0
105	Florida	61.4	60.7	50.0	65.0	58.3	65.2
106	NC State	61.5	50.3	59.0	61.2	61.8	60.5
107	Miami (FL)	61.7	49.3	76.0	66.7	56.7	70.1
108	Kent State	63.7	70.0	82.0	62.2	64.7	52.4
109	Arizona St	63.8	47.0	32.0	49.0	74.3	81.8
110	Florida Intl	64.1	55.3	48.0	67.4	61.7	65.3
111	N Mex State	64.5	60.7	73.0	64.2	64.8	41.2
112	W Virginia	66.4	31.7	30.0	67.8	65.0	59.1
113	Hawaii	66.8	55.0	103.0	75.1	53.6	73.5
114	Central Mich	67.9	43.3	55.0	97.2	51.6	77.9
115	Texas Tech	68.1	49.3	30.0	77.6	61.3	77.3
116	S Florida	69.5	55.7	60.0	93.2	52.6	64.7
117	Toledo	69.6	52.3	60.0	82.0	59.3	62.2
118	Idaho	70.0	73.0	80.0	70.8	69.6	78.5
119	Akron	74.0	70.7	77.0	78.2	71.0	62.8
