1	Vanderbilt	29.0	34.3	46.0	35.6	22.4	44.4
2	Michigan	31.8	29.7	49.0	31.3	32.6	45.6
3	Navy	33.8	33.0	10.0	38.4	30.4	36.5
4	Penn State	36.2	44.0	55.0	33.6	39.8	46.1
5	Iowa	38.8	47.0	60.0	41.4	36.7	56.2
6	Mississippi	39.3	23.3	11.0	30.0	48.6	56.9
7	Army	40.2	44.7	23.0	42.8	37.6	44.1
8	Clemson	40.5	34.7	49.0	33.2	47.8	46.4
9	N Mex State	41.2	45.3	20.0	38.5	43.8	79.1
10	Kentucky	41.2	33.0	9.0	36.0	46.4	63.5
11	Temple	42.0	41.0	49.0	55.2	31.0	48.5
12	Marshall	42.1	38.3	65.0	34.0	50.2	56.4
13	Auburn	43.0	30.0	35.0	40.2	46.4	52.0
14	Maryland	44.1	46.0	93.0	43.6	44.5	49.8
15	Rice	44.2	29.0	45.0	51.8	37.8	49.6
16	Stanford	44.3	27.7	8.0	44.8	43.8	51.6
17	Air Force	45.9	53.3	41.0	56.0	37.5	47.1
18	E Carolina	46.3	46.7	35.0	60.0	34.8	39.7
19	S Carolina	46.5	44.0	52.0	48.1	44.2	44.5
20	Alabama	46.8	51.3	35.0	47.9	45.2	48.2
21	Wisconsin	47.2	53.7	56.0	44.0	49.9	36.9
22	San Diego St	47.2	67.7	85.0	45.5	48.8	69.9
23	Virginia	47.2	36.3	30.0	47.0	47.5	50.0
24	Iowa State	47.5	50.3	51.0	--	47.5	48.9
25	Tulsa	47.7	33.7	10.0	60.8	39.5	59.4
26	Tulane	47.8	52.0	23.0	54.0	45.1	51.8
27	Bowling Grn	47.8	44.7	50.0	66.8	32.0	53.5
28	Ohio State	48.2	52.7	53.0	46.4	50.6	44.8
29	Northwestern	48.5	30.7	49.0	55.0	42.0	57.4
30	Michigan St	48.5	52.3	55.0	45.2	52.6	60.2
31	Connecticut	49.3	48.3	44.0	51.2	47.4	52.7
32	Arizona	49.6	50.3	28.0	65.6	33.6	42.3
33	S Mississippi	49.6	40.3	57.0	45.2	52.1	59.4
34	Illinois	49.7	48.3	28.0	51.7	47.4	32.7
35	San Jose St	49.9	29.3	35.0	42.8	54.7	52.2
36	Colorado St	50.0	54.7	79.0	44.4	54.0	35.5
37	Syracuse	50.2	57.7	76.0	44.8	56.6	63.7
38	Washington	50.5	72.0	80.0	46.7	55.2	56.8
39	Minnesota	50.6	39.3	52.0	43.3	57.8	34.0
40	Nevada	51.2	48.7	92.0	51.3	51.0	71.9
41	Pittsburgh	51.3	53.3	55.0	49.6	53.0	43.2
42	N Illinois	51.5	39.7	10.0	55.0	49.6	51.4
43	E Michigan	51.9	83.0	61.0	73.2	34.2	76.9
44	UCLA	52.0	40.0	69.0	68.8	35.2	43.4
45	LA Tech	52.3	58.7	50.0	48.8	55.2	63.8
46	Cincinnati	52.3	37.3	10.0	49.2	54.3	50.2
47	Kent State	52.4	45.3	46.0	48.8	54.8	65.9
48	Purdue	52.6	44.7	40.0	49.3	56.6	55.7
49	California	52.7	49.3	85.0	51.8	53.5	56.2
50	Miss State	53.6	62.0	52.0	57.0	50.2	49.8
51	Georgia	53.6	40.7	50.0	65.5	43.4	69.4
52	VA Tech	53.6	103.3	93.0	40.2	65.1	64.7
53	Texas A&M	54.2	54.0	77.0	56.8	51.6	71.2
54	Wyoming	54.5	78.0	115.0	52.6	56.2	52.5
55	Indiana	55.4	53.0	30.0	51.4	59.4	50.0
56	Notre Dame	55.6	36.0	48.0	65.7	45.5	45.7
57	Boston Col	55.6	63.0	94.0	51.8	59.3	57.6
58	New Mexico	56.2	48.7	22.0	49.4	61.8	61.8
59	Troy	56.2	60.7	30.0	41.2	66.2	60.4
60	Oklahoma St	56.4	45.0	15.0	68.4	44.4	35.2
61	LA Lafayette	56.8	56.0	84.0	45.0	64.7	42.4
62	Miami (OH)	57.1	56.3	15.0	77.8	39.8	52.0
63	GA Tech	57.2	41.3	39.0	58.0	56.3	51.5
64	Ball State	58.5	61.7	60.0	62.5	56.1	44.6
65	Arkansas	58.9	60.7	48.0	70.2	47.6	41.3
66	W Virginia	59.1	59.0	74.0	66.2	53.2	85.6
67	UAB	59.9	40.0	30.0	63.0	57.8	51.8
68	Rutgers	60.3	69.0	70.0	45.8	72.3	51.6
69	Memphis	60.5	51.3	62.0	72.6	50.3	52.2
70	NC State	60.5	55.7	35.0	66.3	53.6	70.5
71	Tennessee	60.9	72.0	92.0	58.3	64.0	56.3
72	UNLV	60.9	54.7	54.0	68.2	54.8	71.7
73	Utah State	61.6	74.7	54.0	46.2	70.4	63.8
74	W Michigan	61.7	50.3	40.0	93.2	40.7	70.4
75	Wake Forest	62.1	48.7	33.0	57.8	67.2	56.4
76	Toledo	62.2	54.3	80.0	47.5	70.6	50.5
77	Ohio	62.5	56.7	45.0	55.0	68.7	55.3
78	USC	62.5	46.0	30.0	49.3	73.7	46.2
79	Akron	62.8	61.0	61.0	46.6	72.9	47.1
80	Nebraska	63.0	58.0	76.0	68.3	56.6	50.6
81	Wash State	63.3	80.7	40.0	88.0	38.6	65.7
82	Central FL	63.3	51.7	30.0	83.2	50.9	48.0
83	Utah	63.5	82.3	64.0	55.0	72.0	63.8
84	Buffalo	63.7	76.3	99.0	74.2	55.0	49.5
85	Kansas	63.7	86.0	138.0	47.5	83.2	63.5
86	S Florida	64.7	39.0	20.0	69.0	62.3	80.2
87	Florida	65.2	56.7	30.0	63.6	67.6	70.3
88	Florida Intl	65.3	63.0	91.0	54.0	71.0	45.7
89	Texas	65.5	47.3	34.0	65.3	65.7	59.2
90	Duke	65.6	86.7	90.0	63.2	68.0	34.8
91	Baylor	66.2	67.0	39.0	68.2	64.8	47.6
92	TX El Paso	66.7	53.0	45.0	57.8	74.2	51.9
93	N Carolina	66.9	64.0	69.0	70.0	63.2	44.6
94	Fla Atlantic	67.0	66.0	85.0	63.8	68.9	87.3
95	Missouri	67.1	77.7	87.0	51.5	82.7	35.4
96	LA Monroe	67.7	72.3	52.0	44.2	83.3	82.1
97	Louisville	68.0	55.3	49.0	61.5	74.5	51.9
98	S Methodist	68.5	93.7	112.0	59.2	79.6	61.1
99	Houston	68.7	51.0	54.0	69.8	67.8	60.5
100	Boise State	68.8	93.3	69.0	72.2	65.3	54.7
101	Fresno St	69.3	49.7	35.0	57.8	77.6	70.8
102	Miami (FL)	70.1	47.0	40.0	58.7	81.5	61.3
103	Oklahoma	71.7	106.0	70.0	78.7	64.7	56.4
104	Hawaii	73.5	75.3	87.0	66.3	83.6	48.9
105	LSU	73.5	64.7	50.0	73.8	73.3	45.6
106	North Texas	74.3	90.0	70.0	81.0	68.7	64.8
107	Kansas St	75.2	78.0	53.0	65.8	86.4	46.3
108	BYU	75.3	80.7	103.0	79.0	72.2	63.8
109	Texas Tech	77.3	60.0	65.0	93.5	66.5	76.2
110	Arkansas St	77.7	60.0	49.0	91.5	69.9	67.5
111	Florida St	77.8	94.7	115.0	72.0	81.9	86.2
112	Central Mich	77.9	93.0	73.0	86.2	71.0	58.3
113	Idaho	78.5	67.0	68.0	78.2	78.7	68.4
114	TX Christian	79.6	93.0	134.0	71.6	85.3	82.5
115	Middle Tenn	80.7	86.3	100.0	72.2	87.8	67.8
116	Arizona St	81.8	62.0	102.0	75.7	90.4	68.6
117	Oregon St	82.4	94.7	100.0	84.8	80.0	78.3
118	Colorado	83.2	74.3	44.0	78.5	87.3	60.7
119	Oregon	83.5	85.0	115.0	62.0	101.5	79.3
