1	Connecticut	30.4	18.3	0.0	40.6	23.1	41.8
2	Navy	30.8	23.3	10.0	26.0	33.8	24.8
3	Penn State	32.2	15.7	10.0	32.6	31.6	29.8
4	Iowa	36.0	34.7	25.0	37.2	34.8	33.0
5	Central FL	36.2	29.3	45.0	39.8	32.5	54.7
6	Michigan	38.5	34.3	25.0	43.9	29.2	41.7
7	Fresno St	39.2	39.0	61.0	44.2	36.8	41.8
8	NC State	39.4	41.3	40.0	32.7	49.5	41.0
9	Tulane	39.6	23.7	54.0	53.0	28.5	52.8
10	Tennessee	39.7	49.0	28.0	42.0	36.0	44.9
11	Miss State	39.8	31.3	15.0	27.3	54.8	48.1
12	Kentucky	40.2	33.0	15.0	58.5	21.8	45.2
13	Purdue	41.2	48.0	44.0	46.1	34.4	39.1
14	Alabama	41.3	23.0	38.0	47.2	36.3	37.1
15	W Michigan	41.5	41.3	28.0	49.2	37.1	45.9
16	N Mex State	41.7	26.7	40.0	42.4	41.1	48.5
17	Temple	41.7	20.0	10.0	38.2	44.1	55.3
18	W Virginia	42.0	35.3	30.0	52.8	31.2	41.3
19	Rutgers	43.0	52.0	80.0	42.6	43.3	38.8
20	Ball State	43.0	21.0	26.0	46.8	39.8	24.9
21	Ohio State	43.1	42.7	39.0	40.0	46.7	43.2
22	Houston	43.5	26.7	45.0	--	43.5	57.7
23	Arizona	43.7	24.3	25.0	43.2	44.0	35.2
24	Army	44.3	38.0	30.0	35.2	51.8	36.1
25	San Diego St	44.5	47.3	77.0	37.2	50.7	54.8
26	Air Force	44.6	35.0	50.0	57.0	35.7	46.0
27	Northwestern	44.9	38.3	25.0	47.8	42.0	42.1
28	Mississippi	45.3	55.7	82.0	34.2	54.5	48.5
29	Boston Col	45.5	38.3	30.0	42.0	49.0	35.8
30	San Jose St	45.6	19.7	15.0	45.4	45.8	51.9
31	Maryland	45.7	33.3	65.0	42.0	50.2	40.3
32	Cincinnati	45.8	38.3	40.0	41.2	49.0	61.3
33	Duke	45.9	31.7	57.0	60.0	36.5	44.2
34	Wisconsin	46.1	58.3	60.0	32.0	56.1	50.5
35	GA Tech	46.2	44.7	68.0	52.2	42.5	47.0
36	Kansas	46.3	49.0	67.0	50.2	43.0	45.1
37	Syracuse	46.5	51.0	48.0	50.9	39.0	36.8
38	Clemson	46.8	41.7	75.0	44.3	49.0	47.1
39	N Illinois	47.3	34.3	33.0	50.8	44.9	41.8
40	Rice	47.8	33.3	10.0	49.8	45.8	42.5
41	LSU	48.7	56.3	64.0	51.6	45.3	49.2
42	VA Tech	48.8	30.0	30.0	47.2	50.1	32.7
43	Bowling Grn	49.3	28.7	35.0	45.0	53.0	53.4
44	Colorado St	49.4	62.0	79.0	44.8	53.2	43.8
45	Tulsa	50.0	38.0	30.0	45.4	53.8	36.4
46	California	50.2	33.7	33.0	43.4	55.0	49.9
47	Miami (OH)	50.4	35.0	30.0	36.6	60.3	41.9
48	Indiana	50.5	28.7	20.0	54.0	47.5	53.7
49	E Michigan	50.8	52.7	25.0	50.0	51.3	49.6
50	Pittsburgh	50.9	37.0	26.0	44.8	57.0	33.8
51	Louisville	51.2	39.3	50.0	57.8	45.7	54.6
52	LA Lafayette	51.4	56.3	90.0	65.8	39.3	57.8
53	Arkansas	51.6	26.3	25.0	51.6	51.6	50.8
54	Central Mich	51.8	52.0	31.0	46.5	54.2	55.2
55	Vanderbilt	52.4	33.3	50.0	46.6	57.2	36.4
56	Minnesota	52.7	21.7	9.0	67.0	38.3	50.7
57	Stanford	52.7	65.7	77.0	47.4	58.8	61.9
58	UNLV	52.8	75.7	124.0	63.5	40.0	43.0
59	Iowa State	53.0	53.0	56.0	57.4	49.9	56.8
60	Virginia	53.1	62.7	66.0	59.0	46.0	34.8
61	Florida	53.2	73.7	90.0	59.5	47.9	62.6
62	S Carolina	53.3	35.0	41.0	53.5	53.2	50.2
63	Missouri	53.4	38.7	0.0	56.6	51.1	36.8
64	Buffalo	53.5	40.0	15.0	73.6	36.7	44.9
65	Hawaii	53.9	59.3	73.0	49.5	58.3	78.6
66	TX Christian	54.4	41.7	53.0	59.2	51.0	71.1
67	UCLA	54.7	66.7	40.0	60.5	49.7	56.6
68	Kent State	54.8	47.0	80.0	52.2	57.0	40.0
69	Akron	55.0	61.7	54.0	55.6	54.5	45.2
70	Wake Forest	55.3	44.3	68.0	51.5	59.8	48.2
71	LA Tech	55.3	62.0	66.0	55.5	55.1	51.5
72	Notre Dame	55.5	42.0	13.0	58.6	51.2	49.9
73	Kansas St	55.6	49.0	69.0	50.2	59.2	42.2
74	Memphis	55.8	56.0	78.0	55.0	56.5	41.5
75	Michigan St	56.2	50.0	55.0	61.2	51.2	45.1
76	Boise State	56.2	52.0	70.0	41.0	69.3	64.2
77	Illinois	56.3	58.0	49.0	49.8	61.7	52.7
78	S Florida	56.3	32.0	28.0	53.0	58.1	71.3
79	E Carolina	56.3	38.3	10.0	62.2	52.6	55.1
80	Miami (FL)	56.4	43.7	20.0	73.4	44.3	47.0
81	Ohio	56.7	48.0	39.0	39.6	67.4	59.3
82	Wash State	56.8	40.0	15.0	51.8	61.7	65.2
83	Middle Tenn	57.3	50.3	63.0	72.7	44.1	50.6
84	N Carolina	57.4	79.0	78.0	65.0	51.0	41.6
85	North Texas	57.9	54.0	20.0	57.7	58.2	54.9
86	LA Monroe	58.0	62.0	35.0	71.5	50.3	57.1
87	Wyoming	58.1	41.3	19.0	45.8	66.9	53.8
88	W Kentucky	58.6	41.7	61.0	--	58.6	49.5
89	Washington	59.1	52.0	10.0	53.0	67.6	39.5
90	New Mexico	60.3	42.7	94.0	48.3	72.3	58.6
91	Texas	60.5	58.0	77.0	63.8	58.0	58.2
92	Arkansas St	60.8	90.7	60.0	71.0	55.0	63.4
93	Nevada	61.0	36.7	61.0	75.8	48.3	56.2
94	USC	61.4	58.0	37.0	67.2	56.4	73.9
95	Oregon St	61.6	89.3	96.0	53.2	67.6	56.8
96	Oregon	61.9	64.3	59.0	53.9	71.3	62.1
97	Florida St	62.2	33.0	54.0	52.2	69.3	75.8
98	Florida Intl	62.8	55.0	95.0	--	62.8	66.6
99	Oklahoma St	63.4	52.0	62.0	66.3	59.4	48.2
100	Idaho	63.8	65.3	79.0	59.5	67.4	59.9
101	Nebraska	63.9	56.0	55.0	62.6	65.1	61.5
102	S Methodist	64.1	34.0	45.0	75.6	55.9	48.9
103	Auburn	66.0	89.3	140.0	62.4	71.0	51.2
104	Georgia	66.0	51.0	39.0	65.2	66.6	72.3
105	BYU	66.9	71.7	80.0	69.2	65.0	70.5
106	Baylor	67.0	72.3	44.0	54.8	77.2	55.5
107	S Mississippi	67.4	67.3	75.0	70.6	65.1	75.2
108	Troy	68.3	62.0	63.0	75.8	63.6	55.5
109	TX El Paso	68.7	64.7	30.0	74.5	62.8	57.3
110	UAB	68.7	39.3	48.0	62.4	73.1	65.2
111	Utah	69.2	61.3	35.0	49.0	86.4	68.4
112	Texas A&M	69.3	82.7	65.0	76.1	61.3	56.8
113	Marshall	70.7	98.7	70.0	84.6	60.7	48.6
114	Fla Atlantic	70.7	92.7	64.0	66.2	73.9	70.4
115	Toledo	71.2	59.0	63.0	71.2	71.1	49.5
116	Utah State	75.3	108.0	187.0	62.2	82.7	67.4
117	Texas Tech	76.3	59.3	60.0	92.8	59.8	49.5
118	Colorado	76.8	74.7	34.0	63.2	90.5	40.5
119	Oklahoma	83.2	78.3	85.0	88.4	79.6	66.4
120	Arizona St	86.3	75.7	83.0	95.2	75.6	68.2
