1	Penn State	23.2	21.3	10.0	26.3	18.8	42.0
2	E Michigan	26.0	32.0	1.0	30.8	21.2	42.7
3	Air Force	33.5	48.0	25.0	37.2	30.3	30.2
4	Vanderbilt	37.3	37.7	18.0	30.0	46.0	46.6
5	Wisconsin	37.9	33.3	25.0	41.7	33.5	50.4
6	Navy	38.0	34.3	78.0	39.8	37.0	31.5
7	Indiana	38.2	45.7	10.0	40.6	36.2	46.4
8	Illinois	38.8	49.7	26.0	27.2	48.5	45.8
9	Michigan	39.8	23.0	10.0	39.4	40.2	40.6
10	Pittsburgh	40.2	23.3	5.0	43.8	37.0	56.0
11	Virginia	42.7	41.3	60.0	48.7	37.6	36.7
12	Wake Forest	43.2	42.0	20.0	45.6	39.8	52.6
13	GA Tech	44.3	43.3	45.0	43.2	45.3	60.8
14	Duke	44.5	25.0	10.0	43.7	45.4	44.3
15	Bowling Grn	44.9	36.0	15.0	42.8	46.4	61.4
16	S Carolina	45.3	34.0	35.0	43.9	48.2	56.4
17	Colorado St	45.3	33.3	35.0	31.2	59.5	35.7
18	Rice	45.3	47.0	53.0	49.0	43.5	44.5
19	Central Mich	45.6	67.7	80.0	34.5	53.0	39.5
20	Northwestern	45.6	43.3	40.0	44.0	47.0	65.2
21	Army	45.8	44.3	25.0	59.7	33.9	59.4
22	S Mississippi	45.8	40.7	92.0	41.0	50.0	60.2
23	Tulane	46.2	48.0	89.0	59.6	35.0	59.6
24	California	46.5	42.3	25.0	48.5	45.0	76.7
25	Ohio	46.6	42.0	30.0	47.8	45.7	42.8
26	Oklahoma	48.1	46.7	70.0	50.0	46.6	45.4
27	N Carolina	48.7	46.3	55.0	46.8	50.5	60.2
28	USC	48.8	43.7	22.0	55.4	41.0	59.8
29	Wyoming	49.0	34.0	35.0	23.2	70.5	36.4
30	Buffalo	49.4	35.0	35.0	54.4	45.2	56.5
31	Iowa	49.5	15.7	15.0	46.6	52.8	66.0
32	Iowa State	49.5	57.7	48.0	57.2	40.4	40.1
33	Kentucky	49.8	56.7	65.0	42.0	59.2	69.7
34	Kansas	49.8	47.7	75.0	55.0	47.2	44.2
35	Connecticut	50.3	33.3	35.0	54.2	47.0	48.4
36	Kansas St	50.4	52.7	51.0	41.2	58.3	64.0
37	Memphis	50.4	39.0	57.0	60.0	40.8	46.5
38	Alabama	50.5	53.0	94.0	45.6	58.2	78.8
39	Minnesota	50.6	54.0	19.0	60.6	39.0	45.2
40	Notre Dame	51.0	31.7	10.0	63.0	39.0	53.5
41	E Carolina	51.2	46.0	17.0	42.2	60.2	37.2
42	Auburn	51.4	59.3	66.0	47.5	55.3	59.0
43	Ball State	51.5	42.7	25.0	46.6	55.7	40.3
44	Mississippi	51.6	22.3	20.0	67.4	33.2	49.9
45	Clemson	52.0	53.3	45.0	42.7	61.3	59.2
46	Syracuse	52.1	38.0	25.0	42.0	64.2	47.0
47	Missouri	52.3	39.7	35.0	66.2	42.4	52.7
48	LA Lafayette	52.4	60.3	84.0	55.4	49.8	47.5
49	Troy	52.4	37.0	31.0	34.5	56.9	39.1
50	UAB	52.4	40.0	39.0	56.0	49.9	65.8
51	Maryland	52.8	61.3	45.0	55.8	50.6	55.3
52	Rutgers	53.4	29.0	15.0	44.3	62.5	69.5
53	Purdue	53.6	39.0	69.0	57.6	49.0	48.2
54	Texas A&M	53.7	60.7	50.0	53.7	53.6	54.5
55	N Illinois	54.3	55.7	45.0	62.8	49.4	51.8
56	VA Tech	54.3	52.7	40.0	49.8	58.8	56.6
57	Nebraska	54.6	39.7	69.0	46.4	59.8	52.4
58	W Michigan	54.8	57.7	22.0	66.0	48.4	52.1
59	Idaho	55.1	39.3	20.0	44.5	62.2	63.1
60	N Mex State	55.5	53.3	103.0	73.7	48.8	56.0
61	Arkansas	55.6	41.3	26.0	58.0	53.6	73.0
62	Cincinnati	56.2	73.0	45.0	44.0	66.3	62.8
63	Marshall	56.4	28.0	33.0	65.2	51.3	81.5
64	Colorado	56.4	62.3	60.0	46.3	66.5	59.0
65	Nevada	56.7	74.7	157.0	28.0	80.7	56.1
66	Florida	57.2	41.3	43.0	55.4	58.4	54.8
67	San Diego St	57.4	55.7	62.0	57.5	57.3	52.0
68	LA Monroe	57.6	54.0	73.0	52.3	59.9	69.5
69	Miami (OH)	57.9	50.5	--	47.4	64.5	49.6
70	S Methodist	58.2	45.0	55.0	50.5	65.8	52.1
71	Toledo	59.0	44.0	31.0	60.4	57.8	63.5
72	New Mexico	59.1	17.5	--	55.0	64.0	62.0
73	Tulsa	59.6	49.3	35.0	61.2	58.4	48.9
74	Louisville	61.2	46.0	--	68.8	53.7	91.7
75	Ohio State	61.5	65.3	63.0	63.6	58.0	40.8
76	Arkansas St	62.0	86.3	86.0	77.5	58.1	58.9
77	LSU	62.3	58.3	65.0	66.3	58.9	59.7
78	Washington	62.3	55.3	65.0	61.6	62.9	52.8
79	Akron	62.4	74.7	98.0	81.5	49.7	66.3
80	Oklahoma St	62.8	53.7	49.0	70.8	54.7	65.2
81	Texas	63.2	50.7	24.0	51.7	76.5	57.8
82	San Jose St	63.4	59.7	75.0	70.8	58.5	64.2
83	Middle Tenn	63.6	60.7	45.0	67.8	60.2	62.1
84	BYU	63.8	47.7	64.0	72.2	57.9	64.9
85	Arizona	64.0	48.0	56.0	63.6	64.6	55.7
86	Florida St	64.2	46.7	85.0	65.0	63.6	68.4
87	Boston Col	64.4	53.7	56.0	62.8	65.7	54.5
88	Utah	64.4	71.7	85.0	47.8	81.0	61.6
89	Temple	64.5	53.3	95.0	61.0	66.8	70.2
90	Baylor	64.7	66.0	95.0	57.8	73.0	75.2
91	Central FL	65.7	61.3	95.0	67.2	64.9	65.1
92	Kent State	66.4	57.7	75.0	64.8	67.7	58.7
93	Hawaii	67.2	44.7	45.0	66.1	68.5	77.8
94	Boise State	67.6	66.0	--	54.6	76.9	75.9
95	Fresno St	67.8	62.0	70.0	88.0	55.1	76.1
96	Tennessee	68.0	72.3	119.0	67.7	68.3	58.5
97	UNLV	68.1	58.3	50.0	66.5	69.7	58.3
98	TX El Paso	68.3	67.3	53.0	66.6	69.7	54.5
99	LA Tech	68.8	106.0	74.0	83.0	61.8	65.2
100	NC State	68.9	64.7	86.0	65.5	72.3	61.8
101	Stanford	69.2	50.7	24.0	77.2	64.6	62.1
102	Oregon	69.7	57.0	40.0	58.0	79.7	71.1
103	Arizona St	71.7	54.3	20.0	66.4	76.2	74.6
104	Miss State	72.4	32.7	44.0	80.2	64.7	56.7
105	Houston	72.5	46.3	105.0	59.2	83.9	56.2
106	W Virginia	73.2	60.3	40.0	80.4	64.8	58.8
107	TX Christian	73.4	55.5	--	76.2	70.7	65.7
108	Georgia	73.7	75.7	90.0	80.5	68.6	59.3
109	Texas Tech	74.1	77.3	127.0	68.4	80.7	51.0
110	Utah State	74.9	51.0	63.0	81.2	71.8	83.0
111	UCLA	75.0	66.0	54.0	72.8	76.9	64.6
112	Miami (FL)	79.0	49.0	40.0	79.0	79.0	84.1
113	Michigan St	81.5	68.7	53.0	71.0	83.4	62.4
114	S Florida	84.6	75.0	65.0	91.2	79.2	92.9
115	North Texas	86.9	96.3	61.0	104.6	75.9	69.6
116	Wash State	94.6	72.0	68.0	89.2	98.0	63.1
117	Oregon St	111.5	93.5	--	109.3	114.2	94.6
