1	Illinois	32.7	41.7	44.0	25.7	43.2	38.8
2	Minnesota	34.0	49.0	84.0	24.4	42.0	50.6
3	Duke	34.8	28.0	25.0	19.2	45.2	44.5
4	Oklahoma St	35.2	35.7	44.0	32.3	38.2	62.8
5	Missouri	35.4	35.3	65.0	27.5	44.8	52.3
6	Colorado St	35.5	48.3	60.0	32.0	39.0	45.3
7	Navy	36.5	42.0	53.0	33.0	40.0	38.0
8	Wisconsin	36.9	32.0	45.0	31.8	42.0	37.9
9	E Carolina	39.7	33.3	30.0	31.6	46.5	51.2
10	Arkansas	41.3	35.0	15.0	40.7	42.2	55.6
11	Arizona	42.3	36.3	53.0	43.2	41.0	64.0
12	LA Lafayette	42.4	48.7	30.0	44.5	40.8	52.4
13	Pittsburgh	43.2	38.3	30.0	33.6	51.2	40.2
14	UCLA	43.4	53.0	84.0	36.2	50.7	75.0
15	Army	44.1	45.7	65.0	47.6	41.2	45.8
16	Vanderbilt	44.4	38.3	30.0	48.2	40.6	37.3
17	S Carolina	44.5	49.0	35.0	48.3	39.8	45.3
18	N Carolina	44.6	55.3	40.0	41.0	47.7	48.7
19	Ball State	44.6	33.3	45.0	29.6	57.2	51.5
20	Ohio State	44.8	53.0	25.0	50.0	39.5	61.5
21	LSU	45.6	55.3	42.0	47.9	42.4	62.3
22	Michigan	45.6	32.3	67.0	42.0	49.2	39.8
23	Notre Dame	45.7	55.0	10.0	64.2	27.2	51.0
24	Penn State	46.1	43.0	30.0	48.5	43.2	23.2
25	USC	46.2	41.7	75.0	34.5	56.1	48.8
26	Kansas St	46.3	42.7	30.0	34.2	64.5	50.4
27	Clemson	46.4	32.0	20.0	58.7	31.6	52.0
28	Akron	47.1	36.0	53.0	47.8	46.5	62.4
29	Air Force	47.1	46.7	45.0	49.8	43.0	33.5
30	Baylor	47.6	29.7	15.0	49.8	45.4	64.7
31	Central FL	48.0	35.7	45.0	63.0	35.5	65.7
32	Alabama	48.2	33.3	35.0	54.2	41.0	50.5
33	Temple	48.5	48.7	61.0	41.0	56.0	64.5
34	Iowa State	48.9	47.3	71.0	--	48.9	49.5
35	Hawaii	48.9	39.7	43.0	60.5	25.8	67.2
36	Buffalo	49.5	47.0	65.0	49.4	49.7	49.4
37	Rice	49.6	54.3	30.0	49.2	50.0	45.3
38	Miss State	49.8	56.0	55.0	49.7	50.0	72.4
39	Maryland	49.8	51.0	29.0	55.5	43.0	52.8
40	Indiana	50.0	58.0	61.0	45.4	53.8	38.2
41	Virginia	50.0	77.7	82.0	34.5	65.5	42.7
42	Cincinnati	50.2	48.3	60.0	58.6	44.1	56.2
43	Toledo	50.5	35.3	35.0	61.8	43.5	59.0
44	Nebraska	50.6	56.3	25.0	44.2	57.0	54.6
45	N Illinois	51.4	63.7	40.0	32.5	62.1	54.3
46	GA Tech	51.5	41.0	38.0	52.2	50.8	44.3
47	Rutgers	51.6	49.3	44.0	47.8	55.4	53.4
48	Stanford	51.6	71.7	126.0	44.5	60.2	69.2
49	UAB	51.8	63.0	105.0	39.8	60.3	52.4
50	Tulane	51.8	40.0	19.0	54.0	49.6	46.2
51	TX El Paso	51.9	59.3	43.0	44.0	58.5	68.3
52	Louisville	51.9	30.3	34.0	59.8	46.3	61.2
53	Miami (OH)	52.0	37.3	48.0	46.5	54.8	57.9
54	Auburn	52.0	27.0	35.0	56.0	46.4	51.4
55	Memphis	52.2	37.7	28.0	61.0	47.1	50.4
56	San Jose St	52.2	46.0	65.0	52.5	52.0	63.4
57	Wyoming	52.5	72.3	114.0	45.2	58.5	49.0
58	Connecticut	52.7	51.3	44.0	49.0	57.2	50.3
59	Bowling Grn	53.5	41.3	14.0	62.5	48.4	44.9
60	Boise State	54.7	38.3	55.0	40.1	75.0	67.6
61	Ohio	55.3	56.3	85.0	60.8	51.7	46.6
62	Purdue	55.7	31.7	55.0	49.7	61.7	53.6
63	California	56.2	86.0	61.0	58.4	54.7	46.5
64	Iowa	56.2	49.7	50.0	63.2	49.3	49.5
65	Tennessee	56.3	81.0	100.0	44.7	69.8	68.0
66	Oklahoma	56.4	43.3	30.0	51.7	61.8	48.1
67	Wake Forest	56.4	38.0	36.0	63.6	49.2	43.2
68	Marshall	56.4	35.0	5.0	77.2	41.6	56.4
69	Washington	56.8	51.3	64.0	56.8	56.8	62.3
70	Mississippi	56.9	45.3	41.0	55.2	59.0	51.6
71	Northwestern	57.4	85.0	116.0	65.3	49.5	45.6
72	Boston Col	57.6	51.3	20.0	71.8	49.6	64.4
73	Central Mich	58.3	39.7	42.0	62.5	55.5	45.6
74	Texas	59.2	62.7	40.0	60.0	58.5	63.2
75	Tulsa	59.4	60.7	78.0	68.8	51.5	59.6
76	S Mississippi	59.4	63.0	60.0	57.8	60.6	45.8
77	Michigan St	60.2	64.7	119.0	35.0	85.3	81.5
78	Troy	60.4	72.7	28.0	80.0	49.1	52.4
79	Houston	60.5	74.3	58.0	68.2	54.2	72.5
80	Colorado	60.7	59.0	83.0	62.2	59.4	56.4
81	S Methodist	61.1	59.0	102.0	63.2	59.3	58.2
82	Miami (FL)	61.3	55.3	30.0	67.5	55.2	79.0
83	New Mexico	61.8	58.3	85.0	50.8	69.6	59.1
84	Kansas	63.5	29.3	55.0	55.3	73.2	49.8
85	Kentucky	63.5	72.3	88.0	64.5	62.2	49.8
86	Syracuse	63.7	39.3	45.0	78.4	53.1	52.1
87	Utah	63.8	59.7	51.0	71.5	56.0	64.4
88	LA Tech	63.8	77.0	95.0	64.0	63.6	68.8
89	BYU	63.8	60.7	52.0	57.8	71.0	63.8
90	Utah State	63.8	68.3	58.0	60.0	64.2	74.9
91	VA Tech	64.7	51.7	57.0	75.0	54.3	54.3
92	North Texas	64.8	70.0	0.0	85.5	53.0	86.9
93	Wash State	65.7	78.7	130.0	76.0	57.2	94.6
94	Kent State	65.9	74.7	62.0	65.0	66.5	66.4
95	Arkansas St	67.5	61.7	88.0	72.5	64.7	62.0
96	Middle Tenn	67.8	71.7	60.0	81.0	59.0	63.6
97	Idaho	68.4	62.7	20.0	71.0	67.1	55.1
98	Arizona St	68.6	74.7	66.0	78.2	59.0	71.7
99	Georgia	69.4	79.3	85.0	79.8	60.7	73.7
100	San Diego St	69.9	74.3	85.0	68.8	70.7	57.4
101	Florida	70.3	81.7	74.0	57.0	83.7	57.2
102	W Michigan	70.4	87.7	63.0	66.2	73.2	54.8
103	NC State	70.5	64.3	56.0	83.8	57.2	68.9
104	Fresno St	70.8	62.0	64.0	84.8	62.9	67.8
105	Texas A&M	71.2	54.0	65.0	70.0	72.5	53.7
106	UNLV	71.7	85.7	50.0	75.6	68.5	68.1
107	Nevada	71.9	75.0	25.0	68.2	75.0	56.7
108	Texas Tech	76.2	49.3	50.0	77.8	75.1	74.1
109	E Michigan	76.9	107.7	45.0	70.4	83.4	26.0
110	Oregon St	78.3	85.0	45.0	84.4	74.0	111.5
111	N Mex State	79.1	100.3	104.0	92.8	68.2	55.5
112	Oregon	79.3	61.7	100.0	77.2	81.8	69.7
113	S Florida	80.2	72.7	104.0	71.2	89.2	84.6
114	LA Monroe	82.1	50.0	37.0	69.0	88.7	57.6
115	TX Christian	82.5	88.3	52.0	84.0	80.6	73.4
116	W Virginia	85.6	81.3	121.0	60.2	106.8	73.2
117	Florida St	86.2	106.7	174.0	89.8	82.5	64.2
