1	Navy	23.5	11.7	20.0	16.8	29.2	25.2
2	Air Force	28.2	27.7	15.0	36.0	21.7	32.1
3	Iowa	28.4	17.7	21.0	31.3	24.8	27.1
4	Michigan	31.8	37.3	38.0	26.6	39.0	34.5
5	N Mex State	34.3	35.3	80.0	31.2	36.8	35.9
6	Army	34.3	14.3	10.0	46.2	26.3	35.0
7	Arizona St	34.6	31.3	15.0	33.4	35.7	33.4
8	Boston Col	34.7	33.7	36.0	33.8	35.8	29.9
9	Tennessee	34.9	45.0	55.0	36.0	33.6	41.4
10	LA Monroe	35.4	24.3	33.0	19.8	46.6	40.7
11	San Jose St	36.3	32.7	35.0	41.2	33.4	49.2
12	LA Tech	36.3	22.0	26.0	37.5	35.8	42.2
13	Ball State	37.1	42.0	25.0	38.5	36.2	30.3
14	Old Dominion	37.3	40.7	77.0	24.8	47.7	60.4
15	Clemson	38.6	35.0	44.0	38.2	39.2	55.1
16	Cincinnati	39.1	18.3	10.0	37.7	40.5	51.8
17	Georgia State	39.3	35.0	40.0	44.6	34.8	50.2
18	Notre Dame	39.3	39.3	35.0	33.2	45.5	46.0
19	Fla Atlantic	39.5	47.7	69.0	49.4	32.4	40.5
20	TX El Paso	39.6	43.7	44.0	49.3	29.8	34.8
21	Alabama	39.7	33.7	10.0	42.7	36.7	41.7
22	NC State	39.9	47.7	81.0	29.2	52.8	39.2
23	GA Tech	40.1	18.0	20.0	46.6	35.4	45.4
24	Fresno St	41.1	44.0	43.0	40.2	41.7	55.4
25	Duke	41.2	38.0	29.0	44.2	37.6	39.5
26	Miss State	41.2	48.3	25.0	44.0	37.8	40.8
27	Kansas St	41.5	60.7	30.0	26.7	59.4	47.9
28	Iowa State	41.7	29.7	19.0	43.3	39.8	48.5
29	LA Lafayette	42.6	38.7	57.0	60.0	28.2	44.7
30	Central Mich	42.9	36.3	30.0	54.0	33.7	43.6
31	New Mexico	43.3	41.3	50.0	52.3	34.3	32.2
32	Purdue	43.4	35.0	49.0	36.2	52.0	42.1
33	Georgia	43.5	34.7	20.0	40.0	47.6	47.1
34	Rutgers	43.5	42.0	60.0	53.2	35.5	50.8
35	Northwestern	44.3	48.3	48.0	36.8	53.2	33.8
36	S Carolina	44.7	43.3	6.0	54.8	32.6	41.9
37	Penn State	45.0	38.0	35.0	42.6	48.4	33.6
38	Wisconsin	45.1	50.7	23.0	47.8	42.3	37.3
39	Arkansas	45.2	60.0	93.0	30.8	57.2	36.0
40	Mississippi	45.4	31.0	25.0	49.0	41.0	43.8
41	Wake Forest	45.7	33.0	35.0	37.2	52.8	51.0
42	Minnesota	46.4	47.0	72.0	48.0	44.4	38.2
43	Wyoming	46.9	48.3	30.0	47.6	46.3	48.7
44	Texas A&M	46.9	38.7	25.0	41.4	51.5	54.6
45	Oklahoma	47.3	40.0	28.0	34.3	60.3	55.6
46	LSU	48.0	41.7	85.0	43.7	53.2	54.8
47	GA Southern	48.6	68.0	65.0	53.2	46.0	41.0
48	W Michigan	49.5	35.7	30.0	26.5	62.7	57.9
49	Vanderbilt	49.5	52.0	50.0	58.3	34.2	41.2
50	Illinois	49.6	46.3	50.0	38.8	62.6	44.8
51	Kentucky	49.7	35.0	45.0	47.3	52.6	51.3
52	Rice	50.2	56.3	55.0	62.2	41.6	45.3
53	Hawaii	50.4	57.0	76.0	59.8	41.0	67.2
54	Ohio State	50.5	51.0	44.0	51.1	49.8	47.5
55	Florida St	51.2	49.3	45.0	53.7	48.8	51.5
56	U Mass	51.4	48.0	50.0	48.7	54.2	39.3
57	E Michigan	51.6	43.3	14.0	43.8	56.1	44.5
58	UNLV	52.2	47.7	35.0	45.4	57.0	33.8
59	Kent State	52.2	62.0	50.0	57.7	45.6	51.1
60	Texas	52.5	42.0	17.0	47.3	57.7	45.9
61	Louisville	52.5	53.0	15.0	41.6	61.7	66.3
62	S Methodist	52.7	61.0	50.0	61.7	43.7	62.3
63	Utah	52.7	42.0	45.0	55.6	50.3	46.1
64	Stanford	53.0	48.7	65.0	51.6	54.2	44.3
65	Temple	53.1	54.0	67.0	41.4	62.8	55.2
66	W Kentucky	53.2	52.7	38.0	50.0	56.3	48.5
67	Toledo	53.2	47.3	63.0	56.4	50.5	47.9
68	Nebraska	53.2	43.0	49.0	48.2	59.2	53.6
69	Ohio	53.5	19.7	24.0	74.4	36.0	53.5
70	Kansas	53.5	34.3	28.0	53.8	53.3	58.4
71	North Texas	53.6	36.0	53.0	75.2	35.7	59.0
72	Maryland	54.8	44.0	72.0	49.2	59.5	38.1
73	Oklahoma St	55.0	56.7	55.0	62.8	48.5	62.7
74	Pittsburgh	55.1	51.7	50.0	56.5	53.4	41.1
75	Central FL	55.1	49.3	40.0	48.0	61.0	41.6
76	Colorado St	55.2	45.3	14.0	79.8	34.7	44.3
77	Florida Intl	55.6	54.7	80.0	53.7	58.5	40.4
78	S Alabama	55.8	42.3	51.0	53.2	58.3	44.5
79	Buffalo	55.8	50.3	55.0	58.0	54.0	63.6
80	UAB	55.8	84.0	97.0	49.0	61.5	48.6
81	Boise State	56.1	42.3	47.0	57.9	54.0	38.2
82	Texas State	56.2	55.0	38.0	51.6	60.0	60.5
83	Nevada	56.5	73.0	87.0	58.2	55.2	45.6
84	Troy	57.1	51.7	40.0	51.2	62.0	74.5
85	San Diego St	57.4	39.7	5.0	41.0	71.0	58.6
86	Washington	58.0	77.0	60.0	61.0	55.0	66.8
87	N Illinois	58.2	49.0	40.0	48.0	63.2	40.4
88	Middle Tenn	58.2	41.7	35.0	46.6	67.8	40.0
89	Houston	58.3	37.3	37.0	76.0	37.0	62.9
90	Bowling Grn	59.2	34.0	5.0	54.2	62.9	42.0
91	TX Christian	59.3	45.0	50.0	61.5	56.6	54.5
92	Virginia	59.5	51.3	75.0	53.8	66.2	55.4
93	VA Tech	59.6	57.0	71.0	60.5	58.6	54.3
94	App State	59.7	62.3	70.0	61.2	58.7	65.0
95	Michigan St	60.5	46.7	30.0	71.8	47.0	52.8
96	Syracuse	60.8	63.0	67.0	64.8	57.5	61.6
97	Memphis	61.1	49.7	40.0	42.8	76.3	67.2
98	W Virginia	61.5	61.3	50.0	71.0	53.7	48.9
99	Miami (OH)	61.6	41.0	46.0	70.0	54.7	34.2
100	Utah State	62.3	39.0	52.0	46.6	73.6	58.3
101	Florida	62.5	87.3	105.0	65.2	59.8	62.8
102	N Carolina	62.7	58.0	49.0	44.8	77.7	65.5
103	S Florida	62.7	66.7	75.0	50.5	77.4	75.3
104	S Mississippi	62.8	50.0	20.0	65.8	60.3	42.3
105	Indiana	63.5	51.0	61.0	55.6	70.0	40.8
106	Arizona	63.5	82.3	67.0	60.3	67.3	37.3
107	Connecticut	63.8	59.7	44.0	59.3	69.2	42.5
108	Tulsa	64.0	51.3	55.0	65.8	62.2	25.4
109	Missouri	64.4	72.3	60.0	62.8	66.0	40.2
110	Idaho	64.7	71.7	145.0	65.6	64.0	52.3
111	TX-San Ant	65.8	69.0	25.0	45.2	86.3	55.5
112	Tulane	66.0	48.0	35.0	49.8	79.5	65.7
113	Wash State	67.5	56.7	70.0	75.8	57.4	49.1
114	Auburn	67.7	66.0	55.0	60.8	76.0	42.2
115	Miami (FL)	67.9	55.7	57.0	82.3	50.6	42.2
116	Colorado	68.6	58.0	35.0	58.2	79.0	37.2
117	UCLA	70.9	46.0	38.0	69.0	72.8	73.1
118	Akron	72.7	65.7	59.0	77.4	68.8	52.0
119	Oregon	74.9	88.0	74.0	71.8	78.0	72.5
120	Oregon St	76.3	68.7	75.0	78.0	74.2	53.4
121	Arkansas St	76.3	80.3	107.0	82.0	71.5	64.0
122	USC	77.2	84.3	45.0	91.5	62.8	57.7
123	California	80.5	102.7	78.0	78.8	81.8	68.2
124	E Carolina	81.5	69.7	127.0	79.8	83.0	42.0
125	BYU	82.5	70.0	90.0	83.2	81.8	66.3
126	Marshall	83.3	74.7	75.0	70.8	95.8	44.2
127	Baylor	86.6	72.7	70.0	81.0	91.3	84.8
128	Texas Tech	86.9	94.3	125.0	70.4	100.7	72.7
