1	Navy	25.7	21.3	29.0	36.5	20.2	30.8
2	Penn State	31.8	43.7	29.0	37.8	25.8	32.2
3	Wisconsin	32.0	30.3	41.0	30.0	34.0	46.1
4	Tulane	32.6	34.3	35.0	36.5	28.0	39.6
5	NC State	38.2	36.7	39.0	40.6	36.4	39.4
6	Duke	38.5	34.0	10.0	30.2	48.6	45.9
7	TX Christian	38.9	46.0	20.0	39.8	38.3	54.4
8	Alabama	39.2	29.7	25.0	39.3	39.2	41.3
9	Air Force	39.7	31.7	5.0	50.4	32.0	44.6
10	Iowa	40.1	21.7	19.0	40.2	40.0	36.0
11	Miss State	40.3	25.7	23.0	40.3	40.3	39.8
12	Notre Dame	40.7	28.3	20.0	48.1	32.0	55.5
13	Tulsa	40.8	30.0	45.0	30.0	48.4	50.0
14	Colorado St	40.8	50.0	55.0	46.2	37.0	49.4
15	LA Lafayette	40.9	63.7	46.0	43.0	39.4	51.4
16	Connecticut	41.0	51.3	25.0	49.8	34.7	30.4
17	Indiana	41.0	36.7	30.0	50.2	33.3	50.5
18	VA Tech	41.1	32.0	28.0	32.5	48.4	48.8
19	Georgia	41.2	44.7	35.0	36.4	44.7	66.0
20	N Illinois	41.3	40.0	65.0	34.8	44.2	47.3
21	Army	41.4	33.0	0.0	44.8	39.8	44.3
22	Houston	41.5	24.0	20.0	48.4	35.7	43.5
23	Central FL	41.5	39.0	30.0	33.5	48.4	36.2
24	LA Tech	41.5	31.7	50.0	50.0	31.4	55.3
25	W Virginia	41.9	33.0	29.0	42.8	41.0	42.0
26	S Carolina	42.2	49.7	58.0	37.5	46.3	53.3
27	Oklahoma	42.3	27.7	3.0	42.2	42.4	83.2
28	Kansas St	43.0	57.0	99.0	32.4	50.6	55.6
29	San Jose St	43.5	53.7	57.0	39.0	46.1	45.6
30	Wake Forest	43.5	40.0	20.0	51.4	37.0	55.3
31	Stanford	43.6	41.3	49.0	48.6	40.0	52.7
32	Minnesota	43.6	43.3	45.0	45.5	41.4	52.7
33	Rice	44.1	48.7	45.0	36.0	52.2	47.8
34	Ohio State	44.6	56.3	15.0	50.0	36.0	43.1
35	Vanderbilt	44.7	43.7	35.0	42.4	47.8	52.4
36	BYU	44.8	71.7	54.0	55.2	36.0	66.9
37	Fresno St	45.2	50.3	43.0	42.0	48.5	39.2
38	Tennessee	45.7	62.3	75.0	44.0	47.3	39.7
39	S Florida	45.8	51.0	40.0	47.7	43.8	56.3
40	Miami (OH)	45.8	24.3	53.0	33.8	52.4	50.4
41	Wyoming	46.4	58.7	77.0	43.6	48.7	58.1
42	Akron	46.5	37.0	30.0	52.0	41.8	55.0
43	Ball State	46.6	62.7	59.0	36.0	53.7	43.0
44	Kentucky	46.8	59.7	55.0	41.8	51.8	40.2
45	W Kentucky	47.2	34.7	35.0	54.6	41.9	58.6
46	Ohio	47.3	37.3	57.0	41.0	51.9	56.7
47	Nevada	47.9	47.7	75.0	49.7	46.4	61.0
48	LSU	48.2	48.0	25.0	56.2	40.2	48.7
49	Michigan	48.4	28.3	40.0	37.0	59.8	38.5
50	Memphis	48.7	56.7	35.0	37.7	59.7	55.8
51	Rutgers	49.4	41.3	35.0	58.6	41.7	43.0
52	Iowa State	50.5	48.7	36.0	51.0	50.0	53.0
53	Temple	50.7	58.3	22.0	64.6	39.2	41.7
54	UAB	50.8	61.7	95.0	45.0	56.7	68.7
55	S Methodist	51.0	39.7	35.0	44.0	58.0	64.1
56	Utah	51.2	66.0	83.0	47.7	54.1	69.2
57	North Texas	51.5	36.0	18.0	57.5	45.5	57.9
58	San Diego St	51.5	44.0	18.0	44.5	58.5	44.5
59	Boston Col	51.6	31.7	51.0	58.5	44.7	45.5
60	Colorado	51.9	51.3	55.0	40.0	63.8	76.8
61	Auburn	52.2	40.3	47.0	57.0	46.5	66.0
62	TX El Paso	52.2	51.7	52.0	43.4	58.4	68.7
63	Central Mich	52.2	51.0	63.0	40.0	59.1	51.8
64	Middle Tenn	52.6	55.0	58.0	47.6	56.1	57.3
65	Michigan St	52.8	39.7	45.0	60.5	45.0	56.2
66	E Michigan	53.2	52.7	50.0	55.0	52.0	50.8
67	Bowling Grn	53.2	30.0	30.0	36.2	65.4	49.3
68	W Michigan	53.3	33.0	10.0	66.8	42.0	41.5
69	GA Tech	53.6	40.7	22.0	52.6	54.3	46.2
70	Pittsburgh	53.8	42.0	30.0	39.2	64.3	50.9
71	Arizona	54.3	59.7	65.0	58.2	50.5	43.7
72	Utah State	54.5	32.7	47.0	57.2	52.3	75.3
73	Boise State	54.7	43.0	29.0	45.8	62.3	56.2
74	Marshall	54.8	32.7	26.0	50.2	59.3	70.7
75	Illinois	54.8	44.3	51.0	62.6	49.3	56.3
76	Clemson	54.9	48.7	46.0	56.3	53.5	46.8
77	Missouri	55.2	63.3	48.0	55.0	55.3	53.4
78	Texas	55.3	28.3	25.0	50.0	62.8	60.5
79	Purdue	55.4	61.3	106.0	62.5	46.8	41.2
80	Kent State	55.5	54.7	19.0	58.4	53.0	54.8
81	Florida	55.5	56.3	35.0	59.3	51.7	53.2
82	Kansas	55.5	38.3	15.0	79.0	27.4	46.3
83	Mississippi	55.7	67.3	45.0	36.7	78.6	45.3
84	N Carolina	55.9	63.3	80.0	46.4	62.7	57.4
85	Washington	56.2	53.3	30.0	48.5	62.9	59.1
86	Oregon St	56.3	63.3	53.0	62.0	50.7	61.6
87	Syracuse	57.1	59.7	45.0	59.0	56.0	46.5
88	Northwestern	57.2	34.7	52.0	73.5	49.0	44.9
89	Hawaii	58.1	56.3	42.0	62.0	53.5	53.9
90	New Mexico	58.5	39.7	49.0	65.5	51.5	60.3
91	UNLV	59.0	32.0	32.0	70.3	49.3	52.8
92	Buffalo	59.0	93.0	156.0	39.8	75.0	53.5
93	Florida St	59.1	33.7	50.0	62.7	56.0	62.2
94	Arkansas St	59.5	71.7	60.0	59.8	59.3	60.8
95	California	59.5	64.7	74.0	56.5	63.2	50.2
96	Wash State	59.5	71.3	55.0	38.2	77.3	56.8
97	Texas Tech	60.2	59.3	34.0	54.8	64.1	76.3
98	UCLA	60.4	62.7	53.0	59.7	61.2	54.7
99	Louisville	60.8	66.3	54.0	55.3	66.2	51.2
100	LA Monroe	60.8	59.3	78.0	59.6	61.8	58.0
101	USC	60.9	49.3	55.0	61.3	60.6	61.4
102	Arizona St	61.1	78.7	55.0	76.5	50.8	86.3
103	Fla Atlantic	61.5	54.0	86.0	71.0	56.8	70.7
104	N Mex State	61.8	44.7	45.0	62.7	60.8	41.7
105	Oregon	62.3	43.0	37.0	60.6	63.6	61.9
106	Arkansas	63.9	38.0	48.0	56.2	69.4	51.6
107	Toledo	64.2	54.0	57.0	63.8	64.4	71.2
108	Oklahoma St	64.9	69.3	66.0	64.3	65.7	63.4
109	Maryland	65.0	78.3	98.0	61.0	67.9	45.7
110	Idaho	65.1	51.0	60.0	71.8	60.3	63.8
111	Cincinnati	65.5	49.0	43.0	71.7	58.2	45.8
112	Texas A&M	66.7	41.3	40.0	53.3	80.0	69.3
113	E Carolina	67.6	56.3	120.0	61.5	72.9	56.3
114	S Mississippi	71.2	38.0	45.0	86.6	60.3	67.4
115	Miami (FL)	72.0	66.3	106.0	60.0	80.6	56.4
116	Troy	72.7	65.0	35.0	80.4	67.9	68.3
117	Nebraska	72.8	65.3	102.0	79.7	66.9	63.9
118	Florida Intl	73.3	72.0	44.0	93.2	60.9	62.8
119	Baylor	75.3	83.7	74.0	92.6	63.0	67.0
120	Virginia	77.8	83.0	45.0	83.8	71.8	53.1
