1	Air Force	24.5	26.0	45.0	24.0	24.9	40.7
2	Navy	27.2	37.3	43.0	15.0	33.2	21.8
3	Army	28.3	17.3	15.0	29.0	27.0	37.8
4	Kansas	28.6	35.0	70.0	24.8	31.8	46.9
5	Kansas St	32.3	50.7	57.0	20.8	43.8	35.0
6	Boston Col	32.5	34.3	23.0	37.0	28.7	36.9
7	Alabama	34.3	27.0	15.0	28.0	40.7	31.2
8	Arizona St	35.8	47.0	25.0	26.4	42.4	85.6
9	S Methodist	36.0	32.7	15.0	38.3	33.7	51.0
10	Central FL	36.2	50.0	71.0	32.3	39.1	50.7
11	Miami (OH)	37.1	40.3	17.0	32.0	40.0	45.9
12	N Mex State	37.4	38.0	45.0	36.8	37.8	52.4
13	Wisconsin	37.4	45.3	40.0	37.3	37.4	36.2
14	Maryland	37.6	30.3	30.0	49.8	27.5	38.5
15	Mississippi	38.5	45.0	66.0	39.8	37.2	55.2
16	Missouri	38.6	52.7	80.0	42.5	34.0	43.8
17	Connecticut	38.8	50.0	79.0	34.0	43.7	44.0
18	Wake Forest	39.2	38.3	42.0	43.8	33.6	43.0
19	Miss State	39.5	51.3	47.0	38.3	40.7	42.2
20	Central Mich	39.8	36.0	50.0	40.2	39.3	43.1
21	Iowa State	39.8	59.0	84.0	30.0	49.5	49.9
22	GA Tech	40.0	47.7	88.0	44.0	36.6	35.6
23	Kentucky	40.1	55.0	25.0	46.5	32.4	41.5
24	S Mississippi	40.5	44.3	40.0	50.3	30.7	62.5
25	Iowa	41.0	14.7	5.0	47.3	33.4	37.3
26	Tulsa	41.8	40.7	73.0	20.5	60.1	35.8
27	North Texas	42.3	33.0	20.0	41.5	42.7	41.4
28	S Carolina	42.6	71.7	44.0	40.8	44.3	48.9
29	Boise State	42.8	39.3	23.0	48.0	38.3	47.2
30	Notre Dame	42.9	48.7	50.0	49.8	36.0	59.1
31	Oklahoma	43.2	29.0	47.0	28.4	53.7	44.8
32	New Mexico	43.3	52.3	74.0	42.8	43.7	46.8
33	LA Monroe	43.6	33.3	28.0	51.6	38.6	51.5
34	Clemson	43.8	48.7	47.0	36.8	50.8	39.8
35	TX El Paso	43.8	20.0	20.0	45.3	42.3	42.1
36	Arkansas St	44.4	29.7	35.0	35.8	50.6	61.2
37	Arkansas	44.5	57.7	45.0	37.8	52.6	43.1
38	Wyoming	44.9	43.3	25.0	40.2	48.8	46.5
39	Vanderbilt	44.9	53.3	10.0	54.6	38.0	51.8
40	E Carolina	45.2	34.3	0.0	53.0	39.6	45.8
41	Texas	45.3	58.7	78.0	31.8	56.9	55.5
42	Middle Tenn	45.4	40.3	30.0	47.0	44.4	42.6
43	Kent State	45.6	26.0	68.0	44.8	46.0	65.2
44	San Diego St	46.1	41.7	45.0	37.8	54.3	41.2
45	San Jose St	46.5	53.3	30.0	45.4	47.3	31.5
46	Ball State	47.2	34.7	53.0	57.6	40.8	35.5
47	Auburn	47.5	60.7	77.0	45.3	50.0	53.2
48	Indiana	47.8	28.3	44.0	58.6	38.8	57.5
49	LA Lafayette	48.6	59.0	50.0	48.0	49.0	64.5
50	Penn State	48.7	36.7	25.0	48.0	49.6	43.3
51	Illinois	49.0	57.7	88.0	50.0	47.8	42.7
52	Ohio	49.2	53.3	78.0	51.4	47.6	60.5
53	Michigan	49.3	48.0	55.0	41.0	56.4	35.2
54	Temple	49.5	39.3	58.0	59.8	39.2	43.8
55	UNLV	50.0	48.3	67.0	59.2	40.8	58.1
56	Northwestern	50.9	21.7	20.0	46.8	55.0	37.7
57	VA Tech	51.0	55.7	95.0	45.6	54.9	54.9
58	Louisville	51.3	42.3	25.0	61.8	40.8	55.8
59	NC State	51.6	47.7	90.0	37.8	61.4	34.0
60	Minnesota	51.7	43.7	84.0	55.0	48.3	48.7
61	Rice	51.9	28.7	35.0	40.6	59.0	38.4
62	Tennessee	52.1	67.7	59.0	56.8	46.4	47.4
63	Stanford	52.1	52.7	48.0	46.0	58.3	55.2
64	Duke	52.2	39.3	48.0	49.7	54.8	41.2
65	E Michigan	52.3	38.7	30.0	60.0	45.8	54.4
66	W Virginia	52.5	81.0	106.0	44.9	63.2	51.0
67	BYU	52.8	27.0	13.0	62.4	46.0	46.9
68	Fla Atlantic	53.7	71.0	83.0	48.2	56.9	68.5
69	Purdue	53.9	55.0	45.0	46.3	61.5	61.4
70	Tulane	53.9	60.0	47.0	58.7	47.2	47.5
71	W Michigan	54.1	61.0	46.0	39.4	66.3	58.2
72	Houston	54.3	51.0	75.0	57.3	50.2	48.0
73	Cincinnati	54.5	55.0	59.0	63.2	47.3	48.7
74	Georgia	55.7	65.0	76.0	39.5	69.6	47.0
75	N Illinois	55.9	42.3	40.0	64.8	50.4	55.2
76	Miami (FL)	56.0	70.7	84.0	48.0	62.7	42.5
77	Hawaii	56.2	46.7	80.0	51.4	60.2	43.4
78	W Kentucky	56.3	55.0	60.0	57.8	55.3	64.6
79	Michigan St	56.5	46.0	72.0	55.4	57.8	55.4
80	S Florida	56.5	34.0	38.0	50.2	61.8	59.0
81	U Mass	56.6	39.3	63.0	60.8	53.6	58.0
82	Arizona	56.8	22.7	23.0	57.3	56.0	64.3
83	LSU	57.0	54.3	66.0	44.6	74.4	50.1
84	Nebraska	57.2	44.7	69.0	56.7	57.6	54.6
85	Baylor	57.2	46.7	5.0	70.2	47.9	67.9
86	Rutgers	57.3	41.3	35.0	55.0	59.0	43.8
87	Buffalo	57.5	78.7	33.0	46.8	66.5	53.0
88	Colorado	58.0	61.3	35.0	46.2	67.8	66.6
89	Pittsburgh	58.1	58.0	26.0	76.0	47.9	41.1
90	Oregon St	58.2	30.3	10.0	64.2	52.3	68.1
91	Nevada	58.4	37.3	77.0	51.8	63.1	56.5
92	Marshall	58.7	43.0	41.0	42.2	72.5	41.8
93	Texas A&M	60.4	39.0	60.0	51.0	65.7	65.8
94	Fresno St	60.7	24.3	15.0	61.4	60.1	63.2
95	Bowling Grn	61.2	36.0	55.0	57.6	63.9	38.7
96	Colorado St	61.3	45.3	47.0	57.4	64.5	58.0
97	Oklahoma St	61.4	50.7	62.0	54.8	68.0	50.5
98	USC	61.7	25.3	10.0	49.8	71.9	50.0
99	Virginia	61.8	39.3	23.0	70.0	52.0	41.2
100	UAB	62.8	38.3	31.0	60.2	65.0	43.6
101	Florida St	62.8	51.7	96.0	61.6	63.7	65.9
102	Wash State	63.1	66.7	69.0	66.2	61.3	64.0
103	Florida Intl	64.1	36.7	20.0	66.0	62.2	65.8
104	Ohio State	64.5	59.3	74.0	64.8	64.0	44.0
105	Akron	64.6	71.3	63.0	60.8	67.8	43.5
106	Idaho	65.0	79.3	86.0	69.8	62.3	58.5
107	Texas State	65.5	51.7	100.0	94.8	41.0	73.0
108	Utah	65.5	35.3	43.0	80.4	53.0	50.6
109	S Alabama	66.0	48.0	40.0	67.2	65.1	50.5
110	Troy	66.9	45.0	5.0	70.0	63.8	52.6
111	TX Christian	67.0	54.7	39.0	63.0	69.9	52.4
112	Syracuse	68.2	72.3	68.0	61.2	71.6	61.4
113	Oregon	68.2	57.7	33.0	71.2	65.3	62.6
114	Toledo	68.3	66.3	54.0	72.4	65.4	64.9
115	N Carolina	68.4	55.3	86.0	69.2	67.4	48.2
116	Utah State	69.3	78.0	89.0	71.0	68.1	59.4
117	Memphis	69.5	74.7	83.0	67.0	71.5	39.8
118	Florida	71.7	92.7	98.0	64.5	78.8	59.8
119	Washington	74.1	76.0	10.0	55.4	87.4	59.4
120	Texas Tech	78.0	91.0	135.0	65.2	90.8	68.0
121	TX-San Ant	79.6	111.3	142.0	88.7	74.2	--
122	LA Tech	79.8	59.0	60.0	94.3	65.3	56.8
123	California	81.4	107.0	172.0	81.0	81.8	70.5
124	UCLA	90.9	86.3	59.0	95.9	86.0	59.0
