1	Navy	25.2	14.3	18.0	26.8	24.5	27.2
2	Tulsa	25.4	17.0	5.0	20.0	30.8	41.8
3	Iowa	27.1	20.3	10.0	33.3	20.8	41.0
4	Boston Col	29.9	36.7	55.0	24.2	34.0	32.5
5	Ball State	30.3	30.0	25.0	31.8	29.3	47.2
6	Air Force	32.1	28.3	20.0	42.5	19.6	24.5
7	New Mexico	32.2	37.7	20.0	32.3	32.2	43.3
8	Arizona St	33.4	39.0	59.0	30.1	37.2	35.8
9	Penn State	33.6	28.3	45.0	42.6	21.0	48.7
10	Northwestern	33.8	13.3	5.0	36.2	31.0	50.9
11	UNLV	33.8	29.7	20.0	42.2	25.5	50.0
12	Miami (OH)	34.2	25.0	10.0	50.0	22.9	37.1
13	Michigan	34.5	31.3	39.0	32.6	36.7	49.3
14	TX El Paso	34.8	35.0	25.0	35.8	34.0	43.8
15	Army	35.0	36.3	50.0	32.8	36.3	28.3
16	N Mex State	35.9	39.7	5.0	35.8	36.0	37.4
17	Arkansas	36.0	29.0	15.0	33.2	38.3	44.5
18	Colorado	37.2	27.0	13.0	27.0	44.0	58.0
19	Arizona	37.3	19.3	23.0	28.0	44.0	56.8
20	Wisconsin	37.3	25.0	15.0	21.7	53.0	37.4
21	Maryland	38.1	41.0	45.0	33.2	41.6	37.6
22	Boise State	38.2	34.7	52.0	41.4	35.9	42.8
23	Minnesota	38.2	35.0	65.0	32.7	43.8	51.7
24	NC State	39.2	28.0	40.0	39.1	39.2	51.6
25	U Mass	39.3	27.7	30.0	29.6	47.3	56.6
26	Duke	39.5	39.0	30.0	35.5	42.9	52.2
27	Middle Tenn	40.0	44.7	74.0	38.8	40.9	45.4
28	Missouri	40.2	38.0	42.0	39.7	40.7	38.6
29	Florida Intl	40.4	38.0	35.0	48.4	33.7	64.1
30	N Illinois	40.4	29.3	46.0	25.8	46.9	55.9
31	Fla Atlantic	40.5	65.7	80.0	41.4	39.9	53.7
32	LA Monroe	40.7	43.0	33.0	46.0	37.7	43.6
33	Indiana	40.8	22.7	5.0	43.0	37.0	47.8
34	Miss State	40.8	29.7	30.0	44.7	37.0	39.5
35	Pittsburgh	41.1	40.0	50.0	36.5	45.7	58.1
36	Vanderbilt	41.2	31.3	10.0	52.2	30.2	44.9
37	Tennessee	41.4	42.0	35.0	43.0	39.4	52.1
38	Central FL	41.6	42.3	40.0	32.7	49.3	36.2
39	Alabama	41.7	43.7	45.0	29.2	54.2	34.8
40	S Carolina	41.9	29.3	23.0	34.7	49.2	42.6
41	Bowling Grn	42.0	46.3	36.0	39.4	43.6	61.2
42	E Carolina	42.0	44.3	75.0	35.4	46.7	45.2
43	Purdue	42.1	50.7	46.0	42.7	41.4	53.9
44	LA Tech	42.2	50.0	44.0	40.8	43.0	79.8
45	Miami (FL)	42.2	40.0	20.0	50.8	33.7	56.0
46	S Mississippi	42.3	37.7	50.0	26.4	53.7	40.5
47	Connecticut	42.5	41.7	16.0	38.2	47.6	38.8
48	Auburn	42.6	49.7	63.0	41.4	44.2	47.5
49	Central Mich	43.6	47.3	62.0	35.2	48.4	39.8
50	Mississippi	43.8	33.3	15.0	45.8	41.8	38.5
51	Marshall	44.2	38.3	55.0	32.0	51.9	58.7
52	Stanford	44.3	59.0	55.0	39.6	49.0	52.1
53	E Michigan	44.5	49.3	64.0	55.5	38.1	52.3
54	S Alabama	44.5	45.3	56.0	40.0	48.2	66.0
55	LA Lafayette	44.7	52.7	73.0	43.0	45.5	48.6
56	Illinois	44.8	28.0	21.0	39.0	51.8	49.0
57	Rice	45.3	43.3	18.0	52.7	39.8	51.9
58	GA Tech	45.4	41.3	40.0	34.0	54.8	40.0
59	Nevada	45.6	25.3	25.0	53.0	39.5	58.4
60	Texas	45.9	50.3	35.0	50.7	41.9	45.3
61	Notre Dame	46.0	36.3	69.0	57.3	36.3	42.3
62	Utah	46.1	36.0	43.0	50.3	41.0	65.5
63	Georgia	47.1	52.3	42.0	38.6	53.1	55.7
64	Colorado St	47.3	40.0	48.0	39.8	52.0	61.3
65	Ohio State	47.5	49.0	60.0	51.3	44.3	64.5
66	Toledo	47.9	35.0	55.0	38.6	55.7	68.3
67	Kansas St	47.9	56.0	64.0	30.3	72.6	32.3
68	W Kentucky	48.5	57.3	65.0	51.0	47.0	56.3
69	Wyoming	48.5	46.0	71.0	44.4	52.0	44.9
70	Iowa State	48.5	48.7	54.0	59.2	39.7	39.8
71	UAB	48.6	74.0	98.0	37.5	55.0	62.8
72	W Virginia	48.9	41.7	45.0	43.0	53.8	52.5
73	Wash State	49.1	55.0	70.0	40.2	55.4	63.1
74	San Jose St	49.2	40.3	45.0	50.2	48.3	46.5
75	Georgia State	50.2	42.7	25.0	54.8	46.6	31.0
76	Rutgers	50.8	48.7	33.0	56.7	44.8	57.3
77	Florida St	50.8	61.7	65.0	38.5	63.0	62.8
78	Wake Forest	51.0	52.7	25.0	53.6	48.8	39.2
79	Kent State	51.1	63.3	85.0	30.0	63.1	45.6
80	Kentucky	51.3	58.3	75.0	57.7	43.6	40.1
81	Cincinnati	51.8	35.3	35.0	45.4	56.3	54.5
82	Akron	52.0	43.0	74.0	62.8	43.0	64.6
83	Idaho	52.3	39.7	35.0	40.2	59.1	65.0
84	Michigan St	52.8	23.3	35.0	53.8	52.0	56.5
85	Oregon St	53.4	38.7	70.0	38.2	64.3	58.2
86	Ohio	53.5	77.3	60.0	69.2	37.8	49.2
87	Nebraska	53.6	48.7	50.0	58.9	46.2	57.2
88	VA Tech	54.3	66.0	109.0	43.2	62.3	51.0
89	TX Christian	54.5	32.0	10.0	46.6	61.0	67.0
90	Texas A&M	54.6	39.0	40.0	61.1	45.4	60.4
91	LSU	54.8	65.7	53.0	67.0	42.5	57.0
92	Clemson	55.1	87.0	144.0	54.8	55.3	43.8
93	Temple	55.2	57.7	59.0	52.4	57.5	49.5
94	Virginia	55.4	63.0	83.0	59.4	48.2	61.8
95	Fresno St	55.4	73.7	65.0	51.2	59.7	60.7
96	TX-San Ant	55.5	77.7	83.0	61.5	49.5	79.6
97	Oklahoma	55.6	68.7	95.0	46.0	63.9	43.2
98	USC	57.7	51.0	98.0	46.0	69.4	61.7
99	W Michigan	57.9	53.3	32.0	69.0	51.6	54.1
100	Utah State	58.3	53.3	20.0	45.6	66.2	69.3
101	Kansas	58.4	53.3	25.0	68.2	46.6	28.6
102	San Diego St	58.6	67.0	122.0	53.0	62.6	46.1
103	North Texas	59.0	45.3	60.0	67.5	51.7	42.3
104	Texas State	60.5	50.7	80.0	72.6	50.3	65.5
105	Syracuse	61.6	55.0	53.0	53.2	67.6	68.2
106	S Methodist	62.3	52.7	63.0	66.0	59.2	36.0
107	Oklahoma St	62.7	74.7	100.0	44.4	75.7	61.4
108	Florida	62.8	64.7	45.0	65.4	60.7	71.7
109	Houston	62.9	54.0	72.0	60.3	63.8	54.3
110	Buffalo	63.6	51.3	54.0	72.0	59.4	57.5
111	Arkansas St	64.0	71.0	86.0	56.6	69.3	44.4
112	N Carolina	65.5	58.3	25.0	70.8	60.2	68.4
113	Tulane	65.7	53.3	85.0	57.6	71.4	53.9
114	BYU	66.3	79.7	50.0	63.6	68.3	52.8
115	Louisville	66.3	70.3	79.0	56.5	76.2	51.3
116	Washington	66.8	46.3	24.0	62.5	71.2	74.1
117	Hawaii	67.2	71.7	127.0	67.8	66.5	56.2
118	Memphis	67.2	39.3	40.0	60.3	75.4	69.5
119	California	68.2	48.7	49.0	74.2	61.0	81.4
120	Oregon	72.5	64.3	87.0	65.0	80.0	68.2
121	Texas Tech	72.7	85.0	60.0	67.8	76.1	78.0
122	UCLA	73.1	53.3	70.0	93.0	56.0	90.9
123	Troy	74.5	68.0	81.0	79.0	72.0	66.9
124	S Florida	75.3	98.3	99.0	59.5	94.2	56.5
125	Baylor	84.8	114.7	135.0	88.8	80.7	57.2
