1	Navy	21.8	13.3	10.0	33.8	15.0	25.7
2	San Jose St	31.5	13.3	20.0	25.0	36.1	43.5
3	Alabama	33.5	44.3	20.0	35.0	31.8	39.2
4	NC State	34.0	32.3	47.0	29.6	37.7	38.2
5	Kansas St	35.0	22.7	38.0	29.7	40.3	43.0
6	Michigan	35.2	33.3	26.0	34.8	36.0	48.4
7	Ball State	35.5	26.7	10.0	34.8	36.0	46.6
8	GA Tech	35.6	41.7	30.0	36.7	34.5	53.6
9	Tulsa	35.8	24.7	5.0	36.8	35.0	40.8
10	Wisconsin	36.2	28.3	20.0	40.8	32.3	32.0
11	Boston Col	36.9	36.7	23.0	43.0	31.8	51.6
12	Iowa	37.3	42.0	36.0	43.3	31.3	40.1
13	Northwestern	37.7	45.7	67.0	34.2	40.1	57.2
14	Army	37.8	41.7	45.0	28.7	41.2	41.4
15	Rice	38.4	13.3	20.0	32.4	42.7	44.1
16	Maryland	38.5	40.3	65.0	39.7	37.0	65.0
17	Bowling Grn	38.7	36.0	35.0	35.0	41.8	53.2
18	Memphis	39.8	43.3	25.0	57.0	25.5	48.7
19	Clemson	39.8	41.7	65.0	36.7	42.6	54.9
20	Air Force	40.7	21.7	15.0	43.6	38.3	39.7
21	Pittsburgh	41.1	34.7	24.0	45.4	35.0	53.8
22	Virginia	41.2	43.0	25.0	42.0	40.3	77.8
23	San Diego St	41.2	30.3	30.0	45.0	37.3	51.5
24	Duke	41.2	51.7	79.0	35.0	48.6	38.5
25	North Texas	41.4	22.0	25.0	31.8	51.0	51.5
26	Kentucky	41.5	66.7	85.0	39.0	44.6	46.8
27	Marshall	41.8	45.3	60.0	43.0	41.1	54.8
28	TX El Paso	42.1	36.7	10.0	48.2	37.0	52.2
29	Miss State	42.2	52.0	48.0	45.4	40.0	40.3
30	Miami (FL)	42.5	48.7	46.0	33.2	53.6	72.0
31	Middle Tenn	42.6	55.7	44.0	43.0	42.2	52.6
32	Illinois	42.7	54.7	51.0	41.0	45.0	54.8
33	Wake Forest	43.0	42.0	39.0	47.7	38.3	43.5
34	Arkansas	43.1	36.3	43.0	43.2	43.0	63.9
35	Central Mich	43.1	49.0	53.0	63.0	31.7	52.2
36	Penn State	43.3	51.0	55.0	33.3	53.3	31.8
37	Hawaii	43.4	38.3	65.0	41.2	45.7	58.1
38	Akron	43.5	34.3	34.0	46.4	41.2	46.5
39	UAB	43.6	36.7	28.0	50.2	38.9	50.8
40	Temple	43.8	38.3	55.0	31.5	56.0	50.7
41	Rutgers	43.8	46.0	35.0	45.0	42.7	49.4
42	Missouri	43.8	34.7	49.0	28.4	54.9	55.2
43	Connecticut	44.0	47.7	65.0	43.0	45.2	41.0
44	Ohio State	44.0	34.7	25.0	40.4	48.2	44.6
45	Oklahoma	44.8	44.7	45.0	34.2	53.9	42.3
46	E Carolina	45.8	46.0	55.0	40.5	51.2	67.6
47	Miami (OH)	45.9	45.3	41.0	53.7	38.2	45.8
48	Wyoming	46.5	61.3	56.0	25.8	58.4	46.4
49	New Mexico	46.8	39.0	43.0	42.4	50.5	58.5
50	Kansas	46.9	48.0	49.0	68.0	29.3	55.5
51	BYU	46.9	58.7	60.0	44.2	49.7	44.8
52	Georgia	47.0	49.0	15.0	39.6	51.6	41.2
53	Boise State	47.2	41.7	55.0	52.5	42.7	54.7
54	Tennessee	47.4	42.7	32.0	47.7	46.8	45.7
55	Tulane	47.5	44.0	41.0	42.4	51.1	32.6
56	Houston	48.0	50.0	55.0	30.7	62.9	41.5
57	N Carolina	48.2	51.3	20.0	55.2	41.2	55.9
58	Cincinnati	48.7	69.0	55.0	50.8	47.1	65.5
59	Minnesota	48.7	31.0	30.0	38.0	61.6	43.6
60	S Carolina	48.9	57.0	66.0	50.8	47.0	42.2
61	Iowa State	49.9	29.7	25.0	64.8	39.3	50.5
62	USC	50.0	51.7	52.0	55.7	42.0	60.9
63	Oklahoma St	50.5	44.0	5.0	60.0	42.3	64.9
64	Utah	50.6	58.3	20.0	47.4	52.9	51.2
65	Central FL	50.7	61.7	5.0	42.0	58.0	41.5
66	S Methodist	51.0	34.0	24.0	57.4	46.4	51.0
67	W Virginia	51.0	46.3	40.0	38.0	64.0	41.9
68	LSU	51.3	41.0	54.0	47.0	54.4	48.2
69	LA Monroe	51.5	59.7	79.0	50.2	52.1	60.8
70	Vanderbilt	51.8	30.0	39.0	50.2	53.5	44.7
71	N Mex State	52.4	39.3	20.0	44.5	59.1	61.8
72	TX Christian	52.4	28.7	66.0	44.8	60.0	38.9
73	Troy	52.6	55.0	33.0	39.4	62.0	72.7
74	Buffalo	53.0	62.7	80.0	57.8	49.0	59.0
75	Auburn	53.2	39.7	65.0	51.5	55.0	52.2
76	E Michigan	54.4	38.7	10.0	67.8	45.5	53.2
77	Nebraska	54.6	68.3	58.0	51.3	57.8	72.8
78	VA Tech	54.9	73.0	68.0	36.8	66.2	41.1
79	Stanford	55.2	71.3	35.0	64.6	44.2	43.6
80	Mississippi	55.2	44.3	45.0	47.0	65.0	55.7
81	N Illinois	55.2	43.3	50.0	64.4	49.5	41.3
82	Michigan St	55.4	55.3	50.0	41.5	67.3	52.8
83	Texas	55.5	75.0	50.0	50.0	60.3	55.3
84	Louisville	55.8	42.3	52.0	62.6	51.0	60.8
85	Nevada	56.5	47.3	33.0	57.3	55.9	47.9
86	LA Tech	56.8	42.7	31.0	61.0	54.6	41.5
87	Indiana	57.5	55.7	30.0	46.4	66.7	41.0
88	Colorado St	58.0	84.0	71.0	51.0	63.8	40.8
89	UNLV	58.1	40.3	64.0	47.2	64.3	59.0
90	W Michigan	58.2	49.0	29.0	67.8	53.4	53.3
91	Idaho	58.5	90.0	78.0	63.6	54.3	65.1
92	UCLA	59.0	36.7	15.0	62.5	56.4	60.4
93	S Florida	59.0	41.0	65.0	56.2	62.4	45.8
94	Notre Dame	59.1	57.3	39.0	54.1	64.8	40.7
95	Washington	59.4	42.0	15.0	58.8	60.0	56.2
96	Utah State	59.4	33.3	40.0	48.8	67.0	54.5
97	Florida	59.8	43.0	74.0	55.3	64.2	55.5
98	Ohio	60.5	43.3	45.0	49.2	67.5	47.3
99	Arkansas St	61.2	49.0	58.0	69.0	55.7	59.5
100	Syracuse	61.4	78.7	95.0	56.8	66.8	57.1
101	Purdue	61.4	50.3	54.0	59.8	63.0	55.4
102	S Mississippi	62.5	61.7	35.0	67.2	59.5	71.2
103	Oregon	62.6	78.7	56.0	65.4	59.3	62.3
104	Fresno St	63.2	82.3	75.0	62.2	64.0	45.2
105	Wash State	64.0	62.3	42.0	60.5	66.0	59.5
106	Arizona	64.3	62.0	20.0	61.0	67.0	54.3
107	LA Lafayette	64.5	83.0	76.0	51.5	71.0	40.9
108	W Kentucky	64.6	63.3	45.0	51.8	75.3	47.2
109	Toledo	64.9	75.3	46.0	63.6	65.9	64.2
110	Kent State	65.2	46.0	55.0	70.8	60.5	55.5
111	Florida Intl	65.8	65.0	25.0	61.7	69.3	73.3
112	Texas A&M	65.8	66.3	67.0	56.4	76.7	66.7
113	Florida St	65.9	74.3	44.0	59.2	72.7	59.1
114	Colorado	66.6	52.3	65.0	79.0	58.9	51.9
115	Baylor	67.9	71.0	58.0	65.7	70.2	75.3
116	Texas Tech	68.0	69.0	85.0	53.8	79.8	60.2
117	Oregon St	68.1	63.0	60.0	57.0	77.3	56.3
118	Fla Atlantic	68.5	60.7	37.0	60.4	74.3	61.5
119	California	70.5	61.0	50.0	86.2	59.3	59.5
120	Arizona St	85.6	101.7	92.0	96.8	74.3	61.1
