1	Auburn	12.0	18.0	13.0	11.4	12.8	17.4
2	USC	13.0	17.7	19.0	7.2	18.0	18.4
3	VA Tech	13.9	12.0	16.0	10.5	17.3	24.9
4	Florida St	14.1	16.0	18.0	12.5	15.7	16.7
5	Penn State	15.3	15.0	13.0	12.7	18.4	21.2
6	Wisconsin	15.4	34.3	24.0	7.5	23.3	23.5
7	Georgia	15.5	19.3	21.0	10.8	19.3	14.5
8	California	16.0	22.3	45.0	15.0	16.7	24.4
9	Oklahoma	16.8	19.3	55.0	10.0	24.8	15.3
10	Miami (FL)	17.0	11.0	10.0	15.8	18.2	15.1
11	LSU	17.1	22.7	30.0	12.1	24.0	11.3
12	Purdue	17.2	22.7	27.0	14.0	20.3	17.4
13	Alabama	17.2	22.3	20.0	13.7	21.4	25.6
14	Iowa	17.6	19.7	25.0	11.3	23.8	16.2
15	Troy	17.6	20.3	34.0	14.8	19.3	26.2
16	Virginia	17.7	23.7	37.0	12.5	22.8	20.4
17	Boston Col	17.8	28.0	24.0	16.8	18.4	25.5
18	Texas	17.9	24.3	37.0	15.8	20.0	21.5
19	Ohio State	18.2	17.3	7.0	14.8	21.7	17.6
20	New Mexico	18.7	19.0	34.0	18.2	19.0	20.6
21	Navy	19.4	17.7	19.0	19.8	19.0	22.9
22	Utah	19.5	18.7	7.0	25.3	13.7	19.1
23	Missouri	19.5	26.7	14.0	19.2	20.0	23.9
24	Louisville	19.7	18.0	40.0	10.2	26.4	26.0
25	GA Tech	20.0	21.0	14.0	21.6	18.7	20.5
26	Maryland	20.0	26.0	7.0	16.5	24.2	17.2
27	S Carolina	20.8	36.3	29.0	22.7	18.6	26.2
28	Clemson	20.8	13.3	7.0	16.3	26.2	19.4
29	Florida	21.1	18.0	27.0	16.2	26.0	22.3
30	Stanford	21.2	33.0	41.0	16.2	27.2	29.5
31	Kansas	21.4	23.7	14.0	22.2	20.4	32.5
32	Fresno St	21.5	26.3	34.0	13.8	25.9	23.2
33	W Virginia	21.5	27.3	30.0	20.4	22.3	22.8
34	NC State	21.8	18.3	14.0	25.8	17.8	30.4
35	Marshall	22.2	36.3	32.0	16.0	26.6	23.4
36	Connecticut	22.4	15.0	10.0	17.0	28.8	25.7
37	Tennessee	22.7	25.3	7.0	22.4	23.0	18.4
38	Pittsburgh	22.7	20.7	35.0	14.8	29.3	23.9
39	Minnesota	22.9	27.7	16.0	14.8	29.7	21.9
40	Michigan	23.2	31.7	38.0	21.5	25.0	16.8
41	Iowa State	23.5	17.7	13.0	--	23.5	38.8
42	Notre Dame	24.1	40.0	38.0	24.0	24.2	26.2
43	Texas A&M	24.3	29.7	38.0	21.5	27.2	38.8
44	Arizona St	24.5	28.3	23.0	21.8	27.2	28.5
45	Oregon St	24.5	20.3	21.0	24.8	24.3	25.5
46	Arkansas	24.5	22.3	43.0	18.7	34.8	23.5
47	Bowling Grn	24.7	39.7	35.0	17.0	29.1	24.0
48	S Mississippi	24.8	19.0	10.0	27.6	22.9	17.4
49	Miami (OH)	24.8	26.3	17.0	17.5	28.5	18.8
50	Wake Forest	25.0	32.0	13.0	20.8	29.2	28.9
51	Oklahoma St	25.1	28.3	33.0	21.7	28.5	26.9
52	Mississippi	25.3	21.7	3.0	20.5	31.0	21.9
53	Kent State	25.4	16.0	24.0	21.0	28.3	34.8
54	Colorado	25.5	30.0	28.0	27.2	24.1	33.2
55	Oregon	25.6	37.3	50.0	20.3	32.0	26.8
56	N Illinois	25.6	22.7	21.0	19.2	29.3	21.9
57	LA Lafayette	25.7	17.7	13.0	20.2	30.0	36.8
58	Boise State	25.7	26.3	44.0	17.3	37.4	17.3
59	Ohio	25.7	29.7	31.0	22.0	28.2	33.5
60	UCLA	25.8	26.3	24.0	19.7	31.8	23.5
61	San Diego St	26.1	27.7	3.0	21.2	29.3	18.1
62	Texas Tech	26.2	26.0	31.0	25.6	26.6	34.0
63	Wyoming	26.4	27.3	21.0	24.6	27.8	31.8
64	Middle Tenn	26.6	35.0	37.0	13.8	35.2	32.3
65	Cincinnati	26.7	35.7	14.0	19.8	31.6	26.8
66	BYU	26.8	29.7	52.0	22.2	32.4	25.8
67	Miss State	27.1	24.7	20.0	23.2	33.0	39.2
68	Michigan St	27.2	30.7	41.0	21.0	33.3	22.5
69	Arizona	27.2	29.7	27.0	24.2	31.8	35.8
70	TX El Paso	27.4	32.3	33.0	24.4	29.8	40.9
71	Vanderbilt	27.9	28.7	38.0	30.6	25.2	32.0
72	Wash State	27.9	33.0	25.0	30.2	26.0	19.8
73	Nebraska	28.1	30.0	26.0	17.0	39.2	14.5
74	Northwestern	28.5	37.3	49.0	21.5	35.5	25.1
75	Syracuse	28.7	34.0	51.0	23.2	32.6	25.8
76	UAB	29.2	33.0	59.0	23.8	33.1	23.9
77	LA Monroe	30.0	24.0	10.0	21.0	34.5	43.0
78	Utah State	30.3	24.3	25.0	48.0	28.5	26.2
79	Washington	30.4	31.0	28.0	28.7	32.4	26.3
80	North Texas	30.7	22.3	31.0	26.5	33.1	21.9
81	Rutgers	30.8	38.7	41.0	23.4	38.2	29.5
82	Illinois	31.0	24.3	28.0	29.2	33.8	34.2
83	Kentucky	31.0	37.3	37.0	32.0	29.8	28.6
84	Toledo	31.1	35.7	39.0	21.4	37.1	25.6
85	Colorado St	31.1	40.0	47.0	21.6	40.6	25.9
86	Indiana	31.2	37.0	63.0	23.6	37.5	35.0
87	Duke	31.2	27.3	40.0	36.2	27.8	30.9
88	N Carolina	31.3	26.0	37.0	25.2	36.3	38.2
89	Akron	31.5	28.0	37.0	28.0	34.5	33.2
90	LA Tech	31.8	30.0	14.0	25.4	36.4	32.8
91	Buffalo	31.9	22.7	29.0	24.2	38.3	37.0
92	Houston	32.2	36.3	65.0	30.2	33.8	36.0
93	Memphis	32.2	34.0	52.0	30.0	33.4	20.0
94	Air Force	32.2	25.3	17.0	33.0	31.0	22.0
95	Kansas St	32.4	33.0	37.0	31.5	33.8	17.2
96	UNLV	32.5	39.7	21.0	29.6	34.8	22.7
97	Central FL	32.9	26.3	41.0	31.8	33.8	31.3
98	Arkansas St	33.2	27.7	31.0	23.5	38.7	39.2
99	TX Christian	33.9	35.7	35.0	28.2	40.8	20.2
100	Tulane	34.2	39.0	55.0	36.6	31.8	36.4
101	Rice	34.3	46.0	51.0	29.8	38.0	31.5
102	S Florida	34.4	39.7	43.0	32.0	36.8	22.2
103	Central Mich	35.1	45.7	40.0	30.0	38.5	35.4
104	N Mex State	35.2	26.7	34.0	24.5	43.8	30.7
105	Army	35.3	35.7	42.0	30.6	39.2	36.6
106	Tulsa	35.5	32.3	35.0	31.0	39.3	28.8
107	Ball State	36.8	32.0	41.0	23.8	47.7	34.5
108	Nevada	36.9	50.0	58.0	30.6	42.2	28.6
109	S Methodist	38.2	37.3	57.0	27.2	47.3	32.2
110	Hawaii	38.7	39.7	40.0	29.1	57.8	31.5
111	Baylor	38.9	42.0	35.0	27.8	50.0	40.8
112	Temple	39.2	33.3	34.0	39.8	38.6	32.9
113	Idaho	39.4	44.7	52.0	30.2	44.0	26.5
114	E Carolina	39.9	43.7	52.0	29.2	48.8	35.7
115	E Michigan	42.7	53.7	34.0	42.6	42.8	31.6
116	W Michigan	43.6	41.7	31.0	48.8	40.2	31.5
117	San Jose St	44.1	50.7	62.0	54.8	37.0	38.6
