1	Alabama	10.7	18.0	10.0	9.4	12.4	17.2
2	VA Tech	12.9	18.0	24.0	10.2	15.3	13.9
3	Miami (FL)	14.2	23.7	40.0	10.7	17.8	17.0
4	Ohio State	15.2	16.0	20.0	12.0	19.8	18.2
5	LSU	15.4	18.0	3.0	16.8	14.4	17.1
6	Auburn	15.6	24.0	24.0	9.0	23.6	12.0
7	Boston Col	15.9	15.7	21.0	15.3	16.5	17.8
8	Georgia	16.4	19.7	38.0	16.5	16.3	15.5
9	Texas	16.4	23.3	38.0	12.2	20.0	17.9
10	Penn State	17.0	19.7	23.0	13.3	22.2	15.3
11	Clemson	17.6	11.0	10.0	19.5	15.7	20.8
12	NC State	18.4	5.7	0.0	19.3	17.2	21.8
13	TX Christian	18.6	11.0	24.0	14.8	21.3	33.9
14	Tennessee	18.6	17.3	8.0	17.8	19.6	22.7
15	Middle Tenn	18.7	22.0	35.0	17.0	20.2	26.6
16	W Virginia	18.8	20.3	35.0	23.8	14.7	21.5
17	Florida	18.8	20.3	24.0	13.1	26.8	21.1
18	Iowa State	19.0	22.3	27.0	--	19.0	23.5
19	S Florida	19.4	19.0	14.0	18.0	20.1	34.4
20	Texas Tech	19.8	19.3	13.0	14.5	23.3	26.2
21	Iowa	19.9	23.0	31.0	15.8	23.3	17.6
22	GA Tech	20.1	20.7	38.0	15.2	25.0	20.0
23	Michigan	20.3	23.7	32.0	17.3	24.6	23.2
24	Connecticut	21.1	21.3	30.0	14.6	27.6	22.4
25	Nebraska	22.3	18.7	28.0	19.8	25.2	28.1
26	Toledo	22.5	29.7	13.0	19.0	24.4	31.1
27	California	22.8	22.0	28.0	23.2	22.5	16.0
28	USC	22.8	34.0	41.0	22.2	23.4	13.0
29	S Mississippi	22.9	16.7	19.0	24.0	22.3	24.8
30	Fresno St	22.9	36.3	31.0	17.8	26.6	21.5
31	Florida St	23.0	27.3	26.0	18.4	26.3	14.1
32	Oklahoma	23.1	17.0	14.0	21.2	25.0	16.8
33	Virginia	23.2	36.0	31.0	19.8	26.7	17.7
34	S Carolina	23.2	24.3	38.0	21.6	25.6	20.8
35	Kansas	23.3	33.3	13.0	15.2	33.0	21.4
36	Miami (OH)	23.5	20.7	7.0	26.4	21.0	24.8
37	Tulsa	23.5	21.7	24.0	25.6	22.1	35.5
38	UAB	23.6	27.0	31.0	29.5	19.7	29.2
39	Colorado	23.6	39.7	19.0	17.2	29.1	25.5
40	Central Mich	23.6	28.7	24.0	20.2	26.5	35.1
41	Louisville	23.8	24.0	35.0	15.5	32.0	19.7
42	Wisconsin	23.8	18.0	10.0	21.0	26.1	15.4
43	Mississippi	23.8	34.3	35.0	22.4	25.2	25.3
44	Memphis	23.8	18.7	31.0	18.8	28.0	32.2
45	Oregon	24.0	20.7	17.0	26.8	21.7	25.6
46	Utah	24.1	25.0	10.0	23.0	25.2	19.5
47	Pittsburgh	24.3	29.0	45.0	19.2	29.4	22.7
48	Akron	24.5	23.7	38.0	19.8	27.4	31.5
49	Troy	24.5	13.3	17.0	17.8	29.0	17.6
50	Notre Dame	24.5	25.0	34.0	25.5	23.5	24.1
51	N Illinois	24.6	18.3	31.0	18.2	28.3	25.6
52	Maryland	25.0	27.0	20.0	30.2	20.7	20.0
53	Boise State	25.2	25.0	27.0	20.5	30.0	25.7
54	Miss State	25.3	25.0	14.0	23.8	26.8	27.1
55	Arkansas	25.4	15.3	19.0	20.2	30.6	24.5
56	S Methodist	25.5	19.3	27.0	21.2	30.6	38.2
57	LA Tech	25.5	32.0	28.0	17.2	32.5	31.8
58	Navy	26.1	23.3	30.0	26.8	25.6	19.4
59	Marshall	26.1	29.0	26.0	22.8	29.4	22.2
60	N Carolina	26.2	28.0	30.0	17.3	36.8	31.3
61	Army	26.7	25.3	42.0	23.8	29.6	35.3
62	E Michigan	26.8	28.0	14.0	24.8	28.5	42.7
63	Syracuse	26.8	34.0	41.0	20.3	34.6	28.7
64	Arkansas St	26.9	31.0	31.0	15.8	33.3	33.2
65	Wyoming	27.0	37.3	34.0	21.4	31.7	26.4
66	San Diego St	27.1	26.7	49.0	27.7	26.5	26.1
67	Rutgers	27.4	36.7	45.0	26.2	28.3	30.8
68	LA Lafayette	27.6	18.7	21.0	21.8	31.5	25.7
69	Bowling Grn	27.6	24.0	44.0	26.8	28.3	24.7
70	Baylor	27.7	42.3	34.0	36.8	21.7	38.9
71	Kansas St	27.7	33.3	28.0	18.7	38.6	32.4
72	Arizona	27.8	25.0	23.0	26.2	29.4	27.2
73	Purdue	28.1	12.7	14.0	27.5	28.8	17.2
74	TX El Paso	28.3	40.0	45.0	26.0	30.2	27.4
75	Houston	28.5	29.7	42.0	28.8	28.3	32.2
76	Central FL	28.7	40.3	49.0	25.4	30.8	32.9
77	Wake Forest	28.7	27.7	47.0	28.8	28.6	25.0
78	Michigan St	28.7	33.3	31.0	26.2	31.8	27.2
79	E Carolina	28.8	32.3	23.0	27.0	30.3	39.9
80	Minnesota	29.0	34.7	34.0	27.8	30.2	22.9
81	Missouri	29.2	27.7	31.0	30.2	28.2	19.5
82	New Mexico	29.7	34.7	42.0	29.4	30.0	18.7
83	Buffalo	29.7	32.7	38.0	25.8	33.0	31.9
84	Arizona St	29.9	35.0	40.0	25.9	35.6	24.5
85	Ohio	30.5	31.7	38.0	26.2	34.2	25.7
86	Washington	30.6	19.3	26.0	32.2	28.8	30.4
87	Colorado St	30.8	36.0	51.0	24.4	35.3	31.1
88	Vanderbilt	30.8	40.3	24.0	31.2	30.4	27.9
89	Fla Atlantic	30.8	34.3	52.0	27.2	32.9	22.8
90	BYU	31.0	32.3	35.0	33.4	29.0	26.8
91	LA Monroe	31.2	34.7	54.0	28.8	32.8	30.0
92	Texas A&M	31.2	44.0	40.0	25.2	37.2	24.3
93	Florida Intl	31.3	21.7	31.0	16.7	38.7	42.3
94	W Michigan	31.4	34.0	42.0	29.8	32.5	43.6
95	North Texas	31.5	27.0	31.0	30.6	32.2	30.7
96	Stanford	31.7	27.3	38.0	34.8	28.6	21.2
97	Air Force	31.7	37.7	24.0	28.0	34.8	32.2
98	Kent State	31.9	23.0	35.0	23.8	37.3	25.4
99	Nevada	31.9	35.7	48.0	28.8	35.0	36.9
100	Tulane	32.7	35.3	26.0	31.3	33.3	34.2
101	Utah State	32.7	33.7	21.0	29.8	34.4	30.3
102	Indiana	33.0	41.3	41.0	30.2	35.8	31.2
103	San Jose St	33.3	24.3	18.0	25.8	38.3	44.1
104	Oklahoma St	33.4	34.3	42.0	29.2	37.6	25.1
105	Wash State	33.9	27.7	22.0	31.0	36.8	27.9
106	Northwestern	33.9	39.7	50.0	32.2	35.7	28.5
107	UCLA	34.2	46.3	38.0	27.5	40.8	25.8
108	Cincinnati	34.2	37.7	44.0	31.8	35.8	26.7
109	Kentucky	34.6	38.3	27.0	32.6	36.6	31.0
110	UNLV	34.6	45.7	31.0	33.8	35.3	32.5
111	Oregon St	35.1	28.7	56.0	30.2	40.0	24.5
112	Hawaii	35.7	34.0	38.0	37.7	32.8	38.7
113	Ball State	37.8	24.3	31.0	30.5	42.0	36.8
114	Idaho	38.1	45.7	26.0	29.5	43.0	39.4
115	N Mex State	38.8	33.0	24.0	37.0	40.5	35.2
116	Duke	39.4	39.0	24.0	41.4	37.4	31.2
117	Illinois	39.5	38.3	38.0	42.0	36.6	31.0
118	Rice	40.6	33.3	35.0	37.0	43.7	34.3
119	Temple	45.3	43.3	38.0	34.8	54.0	39.2
