1	Ohio State	13.3	23.0	38.0	12.3	14.3	12.8
2	USC	16.0	16.0	17.0	11.8	19.6	15.2
3	Utah	16.8	19.7	32.0	10.2	22.6	20.9
4	VA Tech	17.1	20.3	24.0	12.2	21.3	11.9
5	Penn State	17.5	17.3	17.0	14.9	20.7	15.3
6	Kansas	17.8	21.3	21.0	13.2	22.3	26.2
7	W Virginia	18.1	20.7	28.0	18.2	18.0	23.2
8	Auburn	18.1	25.0	20.0	14.0	23.8	13.9
9	TX Christian	18.7	18.7	13.0	9.3	26.7	12.2
10	Iowa	18.8	20.3	28.0	19.2	18.3	21.8
11	Clemson	19.4	21.3	23.0	21.5	17.3	16.2
12	BYU	19.5	17.7	16.0	7.0	20.6	14.7
13	Virginia	19.7	21.3	31.0	19.2	20.1	17.8
14	LSU	19.9	29.3	24.0	18.7	21.1	12.6
15	Cincinnati	20.1	26.7	21.0	15.2	23.6	21.2
16	Oklahoma	20.3	27.3	48.0	15.6	25.0	17.3
17	Michigan	20.3	28.7	35.0	16.4	25.8	15.9
18	Georgia	20.5	13.3	10.0	19.0	22.0	18.1
19	New Mexico	20.6	11.3	0.0	20.8	20.3	24.6
20	Connecticut	20.6	32.3	24.0	14.2	27.0	28.8
21	Boston Col	20.8	21.7	21.0	21.2	20.6	17.0
22	GA Tech	21.4	32.0	40.0	20.0	22.8	19.3
23	Maryland	22.2	15.0	21.0	28.0	18.0	22.5
24	Wake Forest	22.2	15.0	10.0	17.2	26.6	15.5
25	UCLA	22.3	13.7	17.0	18.8	25.3	19.9
26	Wisconsin	22.5	25.3	21.0	15.8	29.2	12.2
27	Arizona St	22.5	37.7	52.0	20.4	26.0	26.0
28	Air Force	22.6	29.7	42.0	15.2	27.9	25.2
29	Boise State	22.8	31.3	41.0	19.7	26.0	19.1
30	Florida St	22.9	32.0	35.0	18.6	25.6	19.8
31	Vanderbilt	23.1	27.7	31.0	19.9	28.8	25.0
32	Alabama	23.3	20.7	24.0	27.8	18.8	19.2
33	Illinois	23.6	30.7	49.0	22.4	24.4	27.6
34	Oregon	23.6	25.0	21.0	23.4	23.8	27.8
35	Oregon St	23.7	20.7	14.0	18.4	27.4	22.6
36	Missouri	23.8	24.3	7.0	18.8	26.9	20.6
37	Miss State	23.8	20.7	3.0	23.4	24.1	27.8
38	S Florida	24.2	36.7	56.0	18.0	28.7	17.5
39	Rutgers	24.3	29.0	30.0	23.3	25.8	14.9
40	Troy	24.6	20.7	38.0	16.4	30.4	24.1
41	S Mississippi	25.1	23.7	31.0	22.2	27.1	20.0
42	Texas	25.3	38.3	34.0	24.8	25.7	19.6
43	S Carolina	25.4	40.7	23.0	24.8	26.0	18.6
44	N Carolina	25.5	24.0	14.0	19.4	30.5	29.5
45	Florida	25.5	24.3	41.0	18.3	33.8	14.5
46	Pittsburgh	25.5	25.7	9.0	27.8	22.8	24.4
47	Miami (OH)	25.6	24.3	35.0	23.0	27.9	25.3
48	Wyoming	25.9	40.3	36.0	20.2	31.7	22.0
49	Miami (FL)	26.0	40.0	28.0	18.1	37.0	15.9
50	Temple	26.2	20.3	16.0	24.8	27.7	41.3
51	Central FL	26.6	18.3	10.0	22.1	31.0	29.9
52	Michigan St	26.6	28.7	24.0	27.3	26.0	28.4
53	California	26.8	31.0	36.0	23.7	29.4	19.6
54	Arizona	27.1	23.7	20.0	24.2	29.5	20.5
55	Tennessee	27.3	29.3	17.0	18.3	36.3	19.5
56	Texas Tech	27.5	38.0	28.0	22.6	31.0	27.2
57	Texas A&M	27.5	31.3	24.0	23.5	31.5	22.0
58	Arkansas	27.5	39.0	38.0	21.7	33.3	19.2
59	Arkansas St	27.6	25.7	16.0	26.3	28.8	24.1
60	Buffalo	27.6	28.3	23.0	23.6	30.4	35.9
61	Middle Tenn	28.2	39.7	45.0	18.0	35.6	25.2
62	Purdue	28.2	41.0	48.0	22.5	34.0	26.1
63	Stanford	28.2	22.3	13.0	30.0	24.8	31.4
64	Mississippi	28.3	25.0	17.0	30.0	26.2	24.4
65	Ball State	28.3	31.0	52.0	23.6	31.2	25.5
66	UNLV	28.6	33.0	27.0	29.8	27.3	33.8
67	Hawaii	28.6	32.0	41.0	27.0	30.0	25.2
68	Notre Dame	28.8	20.7	14.0	31.9	24.4	23.8
69	LA Monroe	28.9	22.7	11.0	26.2	30.4	23.7
70	Fresno St	29.0	26.7	28.0	19.2	36.0	28.2
71	Akron	29.2	26.3	35.0	29.0	29.2	22.6
72	NC State	29.3	34.0	37.0	30.7	27.6	22.9
73	Colorado	29.5	37.3	30.0	27.5	31.1	22.5
74	Indiana	30.2	34.7	49.0	25.2	35.3	32.6
75	W Michigan	30.3	18.7	3.0	28.0	32.2	19.9
76	E Carolina	30.4	25.3	38.0	24.8	35.1	20.8
77	Colorado St	30.5	29.7	28.0	34.0	30.1	23.4
78	N Illinois	30.5	27.3	27.0	21.2	35.9	21.8
79	San Jose St	30.7	22.7	24.0	25.8	33.6	21.9
80	Houston	31.1	34.7	20.0	27.0	31.5	23.6
81	Kent State	31.2	27.0	30.0	30.5	31.6	20.1
82	Kentucky	31.2	34.7	28.0	33.7	27.8	30.2
83	Ohio	31.4	28.0	29.0	28.0	33.3	19.2
84	Washington	31.6	33.3	35.0	34.0	28.8	25.9
85	Tulane	31.6	28.3	35.0	33.7	29.2	33.3
86	W Kentucky	31.7	27.7	27.0	21.0	33.8	48.0
87	Oklahoma St	31.8	32.0	33.0	34.2	30.0	26.9
88	Bowling Grn	32.1	30.0	63.0	24.8	36.6	28.3
89	Wash State	32.4	34.7	35.0	25.4	37.4	23.1
90	Iowa State	32.5	31.0	45.0	26.2	40.0	31.1
91	Army	32.5	42.7	38.0	32.0	32.7	29.8
92	E Michigan	32.6	45.3	45.0	26.2	36.3	26.8
93	Kansas St	32.7	55.7	45.0	25.2	39.0	23.8
94	LA Tech	32.8	43.3	49.0	33.5	32.4	43.4
95	Marshall	33.0	27.0	39.0	29.6	35.8	29.1
96	Duke	33.2	29.7	20.0	43.4	25.9	35.7
97	Fla Atlantic	33.2	27.3	27.0	30.4	35.0	26.5
98	Tulsa	33.4	31.3	7.0	33.3	33.4	21.2
99	Louisville	33.4	43.7	38.0	35.8	31.3	16.3
100	Nevada	33.4	20.0	23.0	25.6	39.0	19.2
101	Memphis	33.8	35.0	44.0	30.3	37.2	31.9
102	Northwestern	33.8	32.3	41.0	30.5	37.8	25.5
103	Utah State	33.8	29.3	19.0	32.0	35.1	38.5
104	Navy	34.5	20.7	35.0	33.0	35.6	20.1
105	Syracuse	34.8	41.0	52.0	40.1	27.4	24.6
106	LA Lafayette	35.6	23.0	17.0	32.8	38.0	26.3
107	San Diego St	36.0	49.3	48.0	37.8	34.5	28.1
108	Central Mich	36.4	31.0	51.0	28.0	40.1	22.3
109	Minnesota	37.5	35.3	41.0	37.8	37.2	27.4
110	Baylor	37.9	45.0	45.0	34.8	40.5	34.6
111	Nebraska	37.9	57.3	65.0	32.6	45.4	19.2
112	UAB	38.3	38.7	46.0	38.0	38.4	24.8
113	Florida Intl	39.1	37.3	19.0	34.4	42.4	26.1
114	Idaho	39.1	36.7	24.0	35.8	41.8	35.7
115	TX El Paso	39.4	42.0	36.0	37.6	40.8	31.2
116	Toledo	39.6	35.3	37.0	36.3	43.6	29.5
117	S Methodist	39.8	49.0	55.0	43.5	36.0	25.5
118	N Mex State	40.0	38.7	30.0	32.0	46.7	34.0
119	North Texas	45.1	31.7	38.0	39.8	48.9	25.3
120	Rice	45.4	45.0	48.0	47.6	43.5	33.2
