1	LSU	11.3	17.0	14.0	12.8	10.0	19.0
2	Nebraska	14.5	21.0	3.0	12.0	16.0	24.7
3	Georgia	14.5	26.0	27.0	11.7	16.6	15.8
4	Miami (FL)	15.1	12.7	14.0	14.2	16.4	19.2
5	Oklahoma	15.3	27.0	21.0	9.3	19.8	16.9
6	Iowa	16.2	20.0	17.0	12.1	20.8	19.7
7	Florida St	16.7	31.3	16.0	20.0	13.9	21.5
8	Michigan	16.8	19.7	28.0	9.3	25.7	20.4
9	Kansas St	17.2	18.7	35.0	13.7	20.1	12.5
10	Maryland	17.2	19.7	7.0	14.4	19.1	16.9
11	Boise State	17.3	15.5	--	15.0	19.0	19.8
12	S Mississippi	17.4	22.0	17.0	15.8	18.7	19.2
13	Purdue	17.4	22.0	34.0	13.7	21.7	23.2
14	Auburn	17.4	21.0	14.0	18.5	16.3	19.2
15	Ohio State	17.6	25.3	28.0	15.4	21.2	13.1
16	San Diego St	18.1	8.0	3.0	24.2	14.0	31.6
17	USC	18.4	21.3	14.0	21.6	14.7	18.5
18	Tennessee	18.4	11.3	27.0	16.9	20.2	17.5
19	Miami (OH)	18.8	24.0	--	15.2	21.0	27.1
20	Utah	19.1	5.7	0.0	21.2	17.0	20.5
21	Clemson	19.4	12.7	14.0	19.3	19.5	26.8
22	Wash State	19.8	22.0	20.0	16.4	21.9	20.7
23	Memphis	20.0	18.0	17.0	22.5	17.5	29.2
24	TX Christian	20.2	26.5	--	13.2	27.2	18.5
25	Virginia	20.4	18.0	16.0	13.5	26.3	24.9
26	GA Tech	20.5	24.3	10.0	20.7	20.3	20.5
27	New Mexico	20.6	7.5	--	19.5	22.0	25.7
28	Penn State	21.2	21.7	41.0	17.9	26.0	17.5
29	Texas	21.5	27.7	28.0	22.6	20.3	16.3
30	N Illinois	21.9	27.3	24.0	18.2	24.0	24.5
31	Minnesota	21.9	34.7	30.0	22.0	21.8	26.6
32	Mississippi	21.9	15.0	28.0	22.1	21.7	25.5
33	North Texas	21.9	17.0	27.0	15.6	25.9	16.0
34	Air Force	22.0	17.0	24.0	21.0	22.8	23.3
35	S Florida	22.2	25.0	16.0	20.0	24.0	20.9
36	Florida	22.3	32.3	37.0	20.4	23.7	21.5
37	Michigan St	22.5	27.7	17.0	18.5	23.3	33.2
38	UNLV	22.7	18.3	24.0	21.0	24.3	30.5
39	W Virginia	22.8	30.7	41.0	20.3	25.8	24.6
40	Navy	22.9	26.0	38.0	20.8	24.1	36.3
41	Fresno St	23.2	20.0	9.0	17.2	26.9	27.1
42	Marshall	23.4	17.3	0.0	20.2	25.1	24.8
43	Arkansas	23.5	25.0	14.0	14.8	30.9	19.8
44	UCLA	23.5	31.7	17.0	15.5	30.3	25.1
45	Wisconsin	23.5	25.3	28.0	23.6	23.5	23.0
46	Missouri	23.9	19.3	27.0	24.8	23.3	29.3
47	UAB	23.9	37.7	56.0	19.6	27.0	30.8
48	Pittsburgh	23.9	22.3	23.0	19.0	28.1	17.8
49	Bowling Grn	24.0	32.0	24.0	25.2	23.1	27.0
50	California	24.4	24.0	49.0	18.7	28.6	26.3
51	VA Tech	24.9	40.3	52.0	18.0	31.8	18.8
52	Northwestern	25.1	29.7	28.0	27.2	23.3	41.1
53	Oregon St	25.5	43.0	--	20.2	31.8	21.4
54	Boston Col	25.5	24.3	21.0	29.7	21.9	19.5
55	Alabama	25.6	30.7	37.0	23.5	29.0	15.4
56	Toledo	25.6	26.0	31.0	24.2	26.8	27.8
57	Connecticut	25.7	25.0	17.0	25.8	25.7	23.3
58	Syracuse	25.8	23.3	12.0	18.5	34.6	35.4
59	BYU	25.8	28.7	3.0	21.6	28.9	27.8
60	Colorado St	25.9	21.3	35.0	23.3	28.5	23.7
61	Louisville	26.0	42.5	--	24.3	27.7	24.5
62	S Carolina	26.2	38.3	63.0	23.6	31.2	21.8
63	Troy	26.2	21.7	24.0	24.0	26.8	27.6
64	Utah State	26.2	23.0	20.0	22.8	28.0	39.9
65	Notre Dame	26.2	19.7	38.0	28.0	24.5	16.7
66	Washington	26.3	33.3	19.0	20.6	30.4	26.3
67	Idaho	26.5	19.0	13.0	22.2	29.3	35.5
68	Oregon	26.8	21.3	31.0	23.7	29.4	28.4
69	Cincinnati	26.8	35.7	43.0	24.2	29.0	23.5
70	Oklahoma St	26.9	24.3	31.0	31.0	22.8	28.8
71	Arizona St	28.5	26.3	7.0	25.0	31.5	31.2
72	Kentucky	28.6	26.0	20.0	31.0	25.8	25.1
73	Nevada	28.6	32.3	56.0	21.6	34.5	30.9
74	Tulsa	28.8	34.0	52.0	17.0	37.3	34.8
75	Wake Forest	28.9	44.7	41.0	27.0	31.6	26.8
76	Stanford	29.5	42.7	57.0	23.2	33.0	34.3
77	Rutgers	29.5	25.3	7.0	28.2	30.8	32.7
78	NC State	30.4	34.0	26.0	26.2	34.7	17.8
79	N Mex State	30.7	27.3	13.0	25.3	32.8	27.3
80	Duke	30.9	26.3	22.0	32.5	29.0	29.4
81	Central FL	31.3	32.0	56.0	25.0	34.9	27.1
82	W Michigan	31.5	25.0	34.0	33.0	30.6	28.5
83	Rice	31.5	16.0	14.0	33.8	30.4	26.9
84	Hawaii	31.5	40.7	48.0	30.6	32.7	27.2
85	E Michigan	31.6	21.7	38.0	25.6	37.6	48.9
86	Wyoming	31.8	36.0	35.0	28.2	34.8	36.5
87	Vanderbilt	32.0	33.3	48.0	29.0	35.6	31.8
88	S Methodist	32.2	34.0	20.0	33.2	31.2	31.5
89	Middle Tenn	32.3	30.3	14.0	34.4	30.5	28.0
90	Kansas	32.5	35.7	56.0	16.5	40.5	43.9
91	LA Tech	32.8	34.3	49.0	35.5	31.5	35.5
92	Temple	32.9	33.0	45.0	30.5	34.5	31.3
93	Colorado	33.2	19.0	31.0	31.5	34.8	23.2
94	Akron	33.2	32.7	28.0	27.5	37.0	32.5
95	Ohio	33.5	37.3	28.0	33.4	33.7	31.2
96	Texas Tech	34.0	37.7	14.0	25.4	44.0	31.4
97	Illinois	34.2	31.7	37.0	38.2	30.8	25.6
98	Ball State	34.5	35.7	41.0	30.6	37.7	28.4
99	Kent State	34.8	33.0	24.0	29.2	39.5	38.3
100	Indiana	35.0	30.0	24.0	28.8	40.2	38.9
101	Central Mich	35.4	49.0	63.0	30.2	38.8	34.0
102	E Carolina	35.7	34.7	38.0	35.8	35.5	33.2
103	Arizona	35.8	31.7	28.0	31.1	42.2	27.9
104	Houston	36.0	49.3	54.0	35.8	36.1	32.8
105	Tulane	36.4	23.3	18.0	34.0	38.3	21.9
106	Army	36.6	42.3	34.0	39.0	34.6	41.9
107	LA Lafayette	36.8	39.7	51.0	28.8	43.5	27.7
108	Buffalo	37.0	43.3	34.0	31.8	41.3	34.5
109	N Carolina	38.2	35.0	30.0	36.8	39.7	35.1
110	San Jose St	38.6	38.7	34.0	25.8	47.2	35.9
111	Texas A&M	38.8	56.0	46.0	28.7	52.8	23.3
112	Iowa State	38.8	41.7	45.0	40.3	37.0	28.6
113	Arkansas St	39.2	35.0	24.0	23.5	43.1	30.5
114	Miss State	39.2	47.3	31.0	33.3	45.2	29.6
115	Baylor	40.8	47.0	38.0	36.2	46.4	44.0
116	TX El Paso	40.9	39.7	23.0	44.0	38.3	45.4
117	LA Monroe	43.0	38.0	28.0	35.7	46.1	38.8
