1	VA Tech	11.9	12.3	31.0	9.1	15.8	12.9
2	Wisconsin	12.2	12.7	14.0	8.5	16.0	23.8
3	TX Christian	12.2	11.7	7.0	10.2	13.7	18.6
4	LSU	12.6	20.0	14.0	8.8	18.8	15.4
5	Ohio State	12.8	30.0	41.0	10.6	15.3	15.2
6	Auburn	13.9	22.0	14.0	14.8	12.6	15.6
7	Florida	14.5	18.7	14.0	8.8	19.4	18.8
8	BYU	14.7	18.7	8.0	12.0	17.0	31.0
9	Rutgers	14.9	19.3	10.0	10.4	18.1	27.4
10	USC	15.2	18.3	18.0	15.7	14.7	22.8
11	Penn State	15.3	7.7	10.0	10.8	19.8	17.0
12	Wake Forest	15.5	18.0	24.0	18.2	13.8	28.7
13	Miami (FL)	15.9	17.0	20.0	10.7	21.2	14.2
14	Michigan	15.9	25.7	32.0	12.1	20.3	20.3
15	Clemson	16.2	24.3	28.0	11.1	22.0	17.6
16	Louisville	16.3	18.0	13.0	18.5	14.4	23.8
17	Boston Col	17.0	19.0	24.0	13.7	20.3	15.9
18	Oklahoma	17.3	23.7	43.0	12.2	21.1	23.1
19	S Florida	17.5	19.0	7.0	16.0	18.6	19.4
20	Virginia	17.8	19.0	17.0	11.8	23.8	23.2
21	Georgia	18.1	17.0	24.0	20.7	15.5	16.4
22	S Carolina	18.6	23.7	36.0	18.7	18.5	23.2
23	Boise State	19.1	19.7	42.0	18.6	19.4	25.2
24	Nevada	19.2	19.7	21.0	16.2	21.7	31.9
25	Nebraska	19.2	17.3	17.0	16.3	21.6	22.3
26	Arkansas	19.2	28.7	17.0	18.0	19.9	25.4
27	Alabama	19.2	28.0	34.0	15.0	26.0	10.7
28	Ohio	19.2	27.7	28.0	13.8	21.7	30.5
29	GA Tech	19.3	20.7	38.0	18.0	20.4	20.1
30	Tennessee	19.5	14.0	20.0	18.4	20.8	18.6
31	Texas	19.6	27.0	24.0	16.3	22.8	16.4
32	California	19.6	16.7	10.0	21.2	18.0	22.8
33	Florida St	19.8	22.7	27.0	18.2	22.4	23.0
34	W Michigan	19.9	18.3	27.0	14.0	23.6	31.4
35	UCLA	19.9	21.7	44.0	12.3	28.8	34.2
36	S Mississippi	20.0	16.0	7.0	18.2	21.1	22.9
37	Kent State	20.1	19.7	30.0	19.2	20.7	31.9
38	Navy	20.1	15.0	25.0	21.8	19.2	26.1
39	Arizona	20.5	19.3	28.0	19.8	21.2	27.8
40	Missouri	20.6	25.7	39.0	15.0	26.2	29.2
41	E Carolina	20.8	19.3	24.0	23.3	18.6	28.8
42	Utah	20.9	20.0	13.0	24.2	18.6	24.1
43	Tulsa	21.2	20.7	25.0	14.6	26.0	23.5
44	Cincinnati	21.2	19.3	24.0	12.8	29.7	34.2
45	N Illinois	21.8	15.7	37.0	19.2	23.6	24.6
46	Iowa	21.8	28.0	26.0	21.8	21.8	19.9
47	San Jose St	21.9	13.0	12.0	17.5	26.3	33.3
48	Texas A&M	22.0	26.7	45.0	19.3	24.7	31.2
49	Wyoming	22.0	35.0	26.0	15.7	28.3	27.0
50	Central Mich	22.3	17.3	14.0	16.0	25.8	23.6
51	Maryland	22.5	27.7	7.0	19.2	25.8	25.0
52	Colorado	22.5	29.0	37.0	22.2	22.8	23.6
53	Akron	22.6	16.7	17.0	17.4	26.3	24.5
54	Oregon St	22.6	32.7	38.0	20.5	24.4	35.1
55	NC State	22.9	21.3	21.0	22.0	24.0	18.4
56	Wash State	23.1	36.3	35.0	24.0	22.2	33.9
57	W Virginia	23.2	32.7	35.0	23.0	23.5	18.8
58	Colorado St	23.4	32.3	17.0	24.0	23.0	30.8
59	Houston	23.6	28.0	44.0	20.1	27.7	28.5
60	LA Monroe	23.7	21.7	20.0	19.7	25.2	31.2
61	Kansas St	23.8	39.3	37.0	18.7	31.0	27.7
62	Notre Dame	23.8	31.3	41.0	21.0	27.2	24.5
63	Troy	24.1	16.7	17.0	21.5	25.4	24.5
64	Arkansas St	24.1	30.7	28.0	15.0	28.6	26.9
65	Mississippi	24.4	21.0	17.0	19.3	30.4	23.8
66	Pittsburgh	24.4	46.3	48.0	27.8	20.2	24.3
67	Syracuse	24.6	26.3	38.0	21.8	27.3	26.8
68	New Mexico	24.6	25.3	20.0	20.9	29.8	29.7
69	UAB	24.8	30.7	31.0	21.2	28.3	23.6
70	Vanderbilt	25.0	34.0	39.0	26.0	24.2	30.8
71	Air Force	25.2	32.3	38.0	23.5	26.8	31.7
72	Middle Tenn	25.2	34.7	31.0	21.2	27.1	18.7
73	Hawaii	25.2	31.3	24.0	23.1	28.6	35.7
74	Miami (OH)	25.3	22.7	34.0	23.8	26.4	23.5
75	North Texas	25.3	15.7	23.0	22.8	27.1	31.5
76	Ball State	25.5	19.0	6.0	26.2	24.8	37.8
77	Northwestern	25.5	25.7	16.0	33.0	21.1	33.9
78	S Methodist	25.5	30.7	31.0	20.0	30.0	25.5
79	Washington	25.9	28.7	32.0	23.5	28.3	30.6
80	Arizona St	26.0	26.3	41.0	22.0	28.9	29.9
81	Purdue	26.1	28.3	24.0	22.5	29.1	28.1
82	Florida Intl	26.1	24.7	26.0	28.4	24.4	31.3
83	Kansas	26.2	24.0	42.0	20.7	32.8	23.3
84	LA Lafayette	26.3	19.7	39.0	23.2	28.8	27.6
85	Fla Atlantic	26.5	13.3	0.0	10.0	32.8	30.8
86	E Michigan	26.8	30.0	27.0	20.0	30.2	26.8
87	Oklahoma St	26.9	29.3	31.0	24.4	28.7	33.4
88	Texas Tech	27.2	33.0	41.0	24.2	29.3	19.8
89	Minnesota	27.4	28.7	44.0	21.2	31.9	29.0
90	Illinois	27.6	28.7	27.0	28.0	27.2	39.5
91	Oregon	27.8	35.0	38.0	22.8	31.3	24.0
92	Miss State	27.8	21.3	20.0	30.8	24.2	25.3
93	San Diego St	28.1	33.0	6.0	19.4	35.3	27.1
94	Fresno St	28.2	17.0	24.0	28.5	28.0	22.9
95	Bowling Grn	28.3	25.0	31.0	28.6	28.1	27.6
96	Michigan St	28.4	21.7	17.0	26.6	31.0	28.7
97	Connecticut	28.8	31.3	48.0	30.0	27.4	21.1
98	Marshall	29.1	32.0	42.0	23.0	32.6	26.1
99	N Carolina	29.5	20.0	44.0	22.2	38.2	26.2
100	Toledo	29.5	18.0	21.0	26.8	31.8	22.5
101	Army	29.8	36.7	26.0	34.0	27.4	26.7
102	Central FL	29.9	18.7	22.0	30.0	29.8	28.7
103	Kentucky	30.2	25.7	20.0	26.7	33.7	34.6
104	Iowa State	31.1	30.0	16.0	--	31.1	19.0
105	TX El Paso	31.2	34.7	38.0	32.0	30.5	28.3
106	Stanford	31.4	19.7	26.0	33.0	30.3	31.7
107	Memphis	31.9	22.7	19.0	32.2	31.6	23.8
108	Indiana	32.6	41.7	28.0	28.2	38.0	33.0
109	Rice	33.2	28.3	41.0	27.0	36.0	40.6
110	Tulane	33.3	26.0	38.0	25.0	39.3	32.7
111	UNLV	33.8	31.3	39.0	33.6	34.0	34.6
112	N Mex State	34.0	22.0	23.0	35.4	32.6	38.8
113	Baylor	34.6	52.3	36.0	24.8	46.4	27.7
114	Idaho	35.7	35.7	28.0	33.8	36.9	38.1
115	Duke	35.7	40.7	45.0	39.3	31.4	39.4
116	Buffalo	35.9	40.3	55.0	33.0	38.0	29.7
117	Utah State	38.5	44.3	42.0	41.2	36.6	32.7
118	Temple	41.3	43.7	42.0	36.5	43.8	45.3
119	LA Tech	43.4	42.0	50.0	33.8	48.2	25.5
