1	USC	9.0	11.3	24.0	3.2	14.0	16.0
2	TX Christian	11.7	13.0	16.0	9.0	13.6	18.7
3	Florida	12.5	16.3	14.0	12.7	12.3	25.5
4	Boise State	13.1	20.3	17.0	8.2	16.6	22.8
5	Iowa	13.8	9.0	10.0	13.8	13.8	18.8
6	Alabama	14.3	20.7	31.0	7.7	20.9	23.3
7	Penn State	14.8	21.0	38.0	13.8	15.7	17.5
8	Ohio State	15.1	17.0	24.0	11.3	18.8	13.3
9	W Virginia	16.7	18.7	30.0	12.7	20.7	18.1
10	Tennessee	16.8	11.0	10.0	13.9	20.8	27.3
11	Utah	16.9	18.3	17.0	19.8	14.9	16.8
12	VA Tech	17.5	11.0	7.0	12.0	20.9	17.1
13	Auburn	17.8	23.3	36.0	15.5	20.6	18.1
14	Wake Forest	18.3	17.7	19.0	20.0	16.3	22.2
15	Texas	18.8	12.3	21.0	16.4	21.5	25.3
16	Clemson	18.9	14.3	26.0	14.2	22.8	19.4
17	N Illinois	19.2	15.7	17.0	16.4	21.3	30.5
18	Vanderbilt	19.6	19.0	14.0	20.5	18.9	23.1
19	Mississippi	19.8	15.7	34.0	14.2	25.3	28.3
20	Boston Col	19.8	22.3	16.0	16.2	22.9	20.8
21	California	19.9	13.3	17.0	15.9	24.7	26.8
22	Rutgers	20.4	13.3	23.0	18.7	22.2	24.3
23	N Carolina	20.7	30.7	31.0	21.3	20.0	25.5
24	Ball State	21.0	36.3	45.0	19.0	22.2	28.3
25	E Carolina	21.1	23.3	25.0	18.2	22.7	30.4
26	S Florida	21.1	13.3	14.0	27.0	16.9	24.2
27	Cincinnati	21.2	18.0	20.0	14.2	25.5	20.1
28	Connecticut	21.2	23.7	20.0	24.6	18.7	20.6
29	Northwestern	21.2	18.0	30.0	22.7	19.8	33.8
30	Arizona	21.3	16.7	21.0	14.7	29.0	27.1
31	Pittsburgh	21.5	9.3	3.0	23.2	20.0	25.5
32	S Carolina	21.8	39.3	31.0	13.0	30.5	25.4
33	Michigan St	22.1	26.7	24.0	15.1	30.2	26.6
34	GA Tech	22.1	34.3	38.0	16.4	26.8	21.4
35	Notre Dame	22.2	27.7	21.0	22.0	22.3	28.8
36	BYU	22.3	34.3	31.0	--	22.3	19.5
37	San Jose St	22.6	28.7	24.0	19.0	25.7	30.7
38	New Mexico	22.8	20.0	20.0	17.0	28.5	20.6
39	Navy	22.8	9.7	29.0	24.2	22.0	34.5
40	Kentucky	23.0	26.0	19.0	22.3	23.7	31.2
41	Oregon St	23.1	27.3	0.0	25.3	21.1	23.7
42	Troy	23.1	14.0	30.0	10.5	29.4	24.6
43	Temple	23.1	33.0	6.0	17.4	27.1	26.2
44	Bowling Grn	23.2	17.7	10.0	32.6	16.4	32.1
45	Florida St	23.2	20.3	13.0	26.2	20.7	22.9
46	Army	23.3	34.0	34.0	18.6	27.2	32.5
47	LA Tech	23.5	25.3	10.0	27.2	20.9	32.8
48	Air Force	23.5	38.7	34.0	25.6	22.0	22.6
49	Arizona St	23.5	13.3	31.0	21.7	25.8	22.5
50	Virginia	23.6	19.3	17.0	20.3	27.6	19.7
51	Maryland	23.8	33.3	35.0	21.2	26.3	22.2
52	S Mississippi	24.1	14.0	27.0	22.7	25.3	25.1
53	Georgia	24.8	23.3	12.0	26.2	23.9	20.5
54	Duke	24.9	24.3	28.0	27.0	22.4	33.2
55	Middle Tenn	24.9	21.7	42.0	18.4	29.6	28.2
56	Minnesota	24.9	44.0	42.0	24.2	25.7	37.5
57	Arkansas St	25.0	25.7	35.0	21.0	27.3	27.6
58	LSU	25.1	21.7	3.0	25.4	24.6	19.9
59	Miami (FL)	25.6	34.3	24.0	21.4	28.6	26.0
60	Wisconsin	25.8	31.3	42.0	24.7	27.0	22.5
61	Miss State	26.0	35.0	45.0	16.2	34.2	23.8
62	Oklahoma	26.2	28.7	24.0	23.2	28.1	20.3
63	Central FL	26.3	16.7	15.0	18.6	32.7	26.6
64	W Michigan	26.4	33.3	38.0	18.2	30.5	30.3
65	Purdue	26.5	17.7	10.0	24.3	29.0	28.2
66	NC State	26.5	22.3	29.0	29.0	24.0	29.3
67	Ohio	26.9	32.0	26.0	33.2	23.3	31.4
68	Illinois	27.1	26.7	27.0	22.2	31.2	23.6
69	Stanford	27.4	39.0	37.0	21.2	31.9	28.2
70	Tulsa	27.5	25.0	13.0	21.7	32.4	33.4
71	Buffalo	28.2	28.7	38.0	24.0	31.4	27.6
72	Oregon	28.2	38.0	31.0	28.0	28.4	23.6
73	Florida Intl	28.3	30.3	3.0	18.6	35.3	39.1
74	Nebraska	28.5	26.7	21.0	27.0	31.0	37.9
75	Memphis	28.6	25.0	41.0	26.3	30.8	33.8
76	Fla Atlantic	28.7	33.0	21.0	26.5	29.7	33.2
77	Michigan	28.9	23.0	42.0	24.3	35.4	20.3
78	UCLA	29.0	23.0	28.0	25.1	34.4	22.3
79	Missouri	29.1	41.7	23.0	18.0	36.0	23.8
80	Wyoming	29.1	20.0	31.0	28.2	30.2	25.9
81	Marshall	29.3	34.3	38.0	28.0	30.3	33.0
82	Oklahoma St	29.3	40.0	42.0	28.8	29.8	31.8
83	Texas Tech	29.5	46.7	47.0	23.8	34.2	27.5
84	Colorado	29.7	31.3	40.0	23.8	34.7	29.5
85	Hawaii	29.8	29.3	49.0	20.2	38.0	28.6
86	Kansas	30.1	31.0	21.0	23.8	36.3	17.8
87	W Kentucky	30.4	21.7	27.0	30.0	30.7	31.7
88	Fresno St	31.1	37.0	40.0	27.0	33.6	29.0
89	Colorado St	31.1	20.3	35.0	23.4	36.6	30.5
90	Akron	31.2	39.7	27.0	33.6	29.6	29.2
91	Toledo	31.4	26.3	38.0	32.8	30.0	39.6
92	Baylor	31.5	33.7	35.0	28.2	35.4	37.9
93	Louisville	31.6	42.0	63.0	26.9	40.0	33.4
94	Central Mich	31.8	37.0	24.0	24.5	35.4	36.4
95	Arkansas	31.8	31.7	30.0	32.6	31.2	27.5
96	UNLV	32.6	25.3	42.0	29.1	37.4	28.6
97	LA Monroe	32.6	36.7	27.0	31.5	33.3	28.9
98	Miami (OH)	33.2	38.0	41.0	37.6	29.5	25.6
99	UAB	33.2	13.7	0.0	29.0	35.6	38.3
100	Houston	33.2	40.3	28.0	--	33.2	31.1
101	Rice	33.3	22.0	14.0	28.3	37.6	45.4
102	LA Lafayette	33.7	38.7	28.0	27.0	38.4	35.6
103	Syracuse	33.7	30.7	30.0	38.2	30.0	34.8
104	Nevada	33.9	38.0	42.0	31.6	35.6	33.4
105	Kent State	34.3	33.7	21.0	34.0	34.4	31.2
106	Tulane	34.5	47.3	45.0	32.0	37.0	31.6
107	Utah State	34.7	32.0	2.0	25.8	43.5	33.8
108	N Mex State	36.3	35.3	47.0	38.4	34.5	40.0
109	TX El Paso	37.0	35.0	53.0	28.2	45.8	39.4
110	Texas A&M	37.4	52.0	49.0	35.1	40.6	27.5
111	Iowa State	37.5	39.3	38.0	39.8	35.7	32.5
112	San Diego St	37.9	41.7	21.0	34.8	40.5	36.0
113	Indiana	38.2	50.3	62.0	36.1	41.8	30.2
114	Kansas St	38.2	42.3	30.0	40.8	35.0	32.7
115	S Methodist	38.4	31.7	28.0	37.6	39.0	39.8
116	Washington	38.6	30.3	48.0	35.9	42.4	31.6
117	E Michigan	38.8	46.0	52.0	43.0	36.4	32.6
118	Idaho	44.2	41.3	49.0	37.8	49.5	39.1
119	Wash State	46.8	22.7	24.0	54.0	41.6	32.4
120	North Texas	47.5	43.7	33.0	46.8	48.0	45.1
