1	Nebraska	10.4	11.0	0.0	8.3	12.6	28.5
2	TX Christian	12.1	12.3	17.0	11.6	12.4	11.7
3	Ohio State	12.5	17.0	17.0	12.7	12.3	15.1
4	Alabama	12.6	18.3	21.0	9.8	15.0	14.3
5	Penn State	13.0	17.0	17.0	12.1	14.2	14.8
6	Florida	13.2	22.0	24.0	9.2	16.6	12.5
7	Iowa	15.3	13.7	14.0	17.8	12.8	13.8
8	VA Tech	15.6	12.3	14.0	12.7	18.1	17.5
9	Oklahoma	15.8	22.7	27.0	9.4	20.3	26.2
10	LSU	16.2	24.7	19.0	11.6	21.7	25.1
11	Texas	16.7	29.3	37.0	14.7	18.2	18.8
12	Air Force	17.0	25.0	20.0	11.6	20.9	23.5
13	Boise State	17.2	16.7	10.0	13.3	20.6	13.1
14	N Carolina	18.5	20.0	19.0	18.6	18.5	20.7
15	Mississippi	19.1	23.7	7.0	18.4	19.7	19.8
16	Navy	19.5	13.3	13.0	17.2	21.0	22.8
17	USC	19.8	13.7	13.0	21.3	18.6	9.0
18	Utah	20.2	20.0	27.0	13.0	26.4	16.9
19	Central Mich	20.4	27.3	41.0	22.0	19.7	31.8
20	Rutgers	20.5	20.7	24.0	22.0	19.3	20.4
21	S Carolina	20.9	20.3	20.0	17.2	24.7	21.8
22	Pittsburgh	21.2	27.0	17.0	21.0	21.3	21.5
23	UCLA	21.2	20.7	21.0	21.3	21.1	29.0
24	Boston Col	21.4	24.0	24.0	18.8	24.0	19.8
25	BYU	21.5	21.3	20.0	29.3	14.9	22.3
26	Clemson	21.8	28.7	13.0	13.8	28.6	18.9
27	E Carolina	21.8	24.0	20.0	16.8	24.9	21.1
28	W Virginia	21.8	23.3	33.0	16.7	27.0	16.7
29	Temple	21.9	26.0	30.0	18.0	24.7	23.1
30	Ohio	22.2	19.3	21.0	19.6	23.8	26.9
31	Tennessee	22.2	25.7	37.0	18.9	27.6	16.8
32	Iowa State	22.2	19.0	13.0	19.8	24.0	37.5
33	Army	22.4	21.7	17.0	21.8	22.8	23.3
34	Central FL	22.4	24.0	45.0	18.3	26.5	26.3
35	Wisconsin	22.4	19.0	14.0	18.8	25.0	25.8
36	Miami (FL)	22.7	15.3	20.0	22.0	23.1	25.6
37	S Florida	22.7	21.0	3.0	26.5	20.6	21.1
38	Arizona St	22.7	29.0	20.0	19.3	26.8	23.5
39	N Illinois	22.8	36.7	27.0	14.6	28.7	19.2
40	Oklahoma St	23.0	25.3	21.0	26.0	18.8	29.3
41	Texas Tech	23.2	19.0	31.0	23.0	23.5	29.5
42	Kentucky	23.6	26.0	21.0	30.0	17.2	23.0
43	Middle Tenn	23.7	21.7	32.0	19.5	27.3	24.9
44	Oregon	23.8	33.3	26.0	20.4	27.7	28.2
45	Marshall	24.0	33.3	17.0	19.2	27.4	29.3
46	Kent State	24.5	28.0	9.0	22.4	26.2	34.3
47	Arizona	24.5	22.3	33.0	21.6	26.6	21.3
48	Minnesota	24.7	20.3	14.0	28.0	21.3	24.9
49	Connecticut	24.8	21.7	7.0	24.6	24.9	21.2
50	Cincinnati	24.8	43.7	51.0	26.4	23.6	21.2
51	Northwestern	25.3	28.3	38.0	26.3	24.3	21.2
52	Arkansas St	25.4	28.0	20.0	21.8	27.4	25.0
53	GA Tech	25.4	29.3	24.0	22.8	27.0	22.1
54	Vanderbilt	25.5	27.3	31.0	30.4	21.3	19.6
55	Kansas St	25.6	21.7	17.0	17.0	31.3	38.2
56	Buffalo	25.6	16.7	6.0	29.6	22.3	28.2
57	Notre Dame	25.9	35.0	45.0	23.7	29.0	22.2
58	Arkansas	26.3	23.7	17.0	27.6	25.4	31.8
59	Virginia	26.4	30.0	42.0	25.8	27.0	23.6
60	Missouri	26.5	32.7	35.0	30.4	23.7	29.1
61	Oregon St	26.5	30.3	44.0	26.6	26.4	23.1
62	Stanford	26.5	34.3	31.0	25.0	28.3	27.4
63	Washington	26.7	19.3	10.0	21.9	33.4	38.6
64	LA Tech	26.9	24.7	20.0	19.5	31.1	23.5
65	California	27.0	35.7	37.0	21.4	31.0	19.9
66	Auburn	27.2	30.7	35.0	23.4	32.6	17.8
67	Bowling Grn	27.5	29.0	43.0	29.2	26.0	23.2
68	Louisville	27.7	25.7	34.0	22.8	31.8	31.6
69	Wyoming	27.8	29.7	28.0	35.6	22.1	29.1
70	S Methodist	28.0	21.7	10.0	27.8	28.1	38.4
71	S Mississippi	28.0	33.7	42.0	21.8	32.4	24.1
72	Wake Forest	28.0	35.0	34.0	27.7	28.4	18.3
73	Georgia	28.1	26.0	20.0	26.4	29.3	24.8
74	Michigan St	28.2	40.0	41.0	22.3	34.2	22.1
75	Syracuse	28.3	26.3	56.0	25.7	32.8	33.7
76	Nevada	28.5	36.3	45.0	25.5	31.1	33.9
77	Baylor	28.5	35.0	20.0	29.2	28.0	31.5
78	Miss State	28.5	33.3	27.0	31.7	24.8	26.0
79	Ball State	28.6	26.0	17.0	28.6	28.7	21.0
80	Colorado	28.8	25.3	28.0	25.2	32.5	29.7
81	Purdue	29.1	32.3	21.0	26.0	33.4	26.5
82	W Michigan	29.1	28.3	22.0	28.2	29.6	26.4
83	Michigan	29.5	34.7	21.0	26.4	34.8	28.9
84	Tulsa	29.5	39.3	30.0	35.0	25.0	27.5
85	Troy	29.8	32.0	44.0	17.8	37.2	23.1
86	LA Monroe	29.8	25.7	38.0	25.2	32.4	32.6
87	Duke	30.2	42.7	45.0	35.2	26.8	24.9
88	Hawaii	30.2	26.0	51.0	34.3	26.2	29.8
89	Colorado St	30.5	27.0	17.0	27.4	33.0	31.1
90	Kansas	30.7	41.0	41.0	29.2	32.0	30.1
91	Fresno St	30.8	38.3	35.0	31.8	30.2	31.1
92	Maryland	30.9	28.0	19.0	27.0	35.6	23.8
93	Indiana	31.0	33.3	38.0	27.0	34.3	38.2
94	LA Lafayette	31.4	33.0	48.0	33.0	30.0	33.7
95	Akron	31.4	37.7	21.0	30.8	31.8	31.2
96	Illinois	31.4	41.0	53.0	29.2	33.2	27.1
97	San Diego St	31.5	32.0	28.0	32.0	31.2	37.9
98	Florida St	31.8	28.0	21.0	34.4	29.9	23.2
99	Houston	31.8	33.0	47.0	--	31.8	33.2
100	UAB	32.3	30.7	34.0	27.8	35.6	33.2
101	N Mex State	32.8	39.3	42.0	34.6	31.4	36.3
102	TX El Paso	33.5	28.7	21.0	30.2	36.8	37.0
103	Texas A&M	33.5	32.0	44.0	21.9	47.2	37.4
104	Fla Atlantic	33.8	30.3	21.0	25.0	40.0	28.7
105	Utah State	34.0	36.7	49.0	29.2	36.7	34.7
106	Miami (OH)	34.2	37.0	42.0	33.0	35.0	33.2
107	UNLV	35.1	28.3	24.0	31.7	39.2	32.6
108	NC State	35.3	36.0	27.0	31.3	41.2	26.5
109	Florida Intl	35.3	39.3	28.0	--	35.3	28.3
110	North Texas	35.6	27.3	30.0	35.2	36.0	47.5
111	New Mexico	35.9	34.0	51.0	31.0	40.8	22.8
112	Idaho	36.0	52.3	42.0	31.5	39.9	44.2
113	Memphis	36.7	39.7	33.0	32.2	40.5	28.6
114	San Jose St	36.8	27.3	55.0	28.4	43.8	22.6
115	Tulane	37.1	34.3	26.0	40.8	34.0	34.5
116	Toledo	37.7	38.3	38.0	35.2	39.4	31.4
117	E Michigan	38.2	36.7	28.0	28.6	45.1	38.8
118	Wash State	38.5	38.3	30.0	36.0	41.0	46.8
119	W Kentucky	40.6	24.7	24.0	--	40.6	30.4
120	Rice	43.1	40.7	73.0	37.3	48.8	33.3
