1	Mississippi	15.1	27.3	17.0	15.0	15.2	24.6
2	Alabama	16.8	25.7	13.0	16.2	17.5	15.1
3	Stanford	17.5	15.7	10.0	12.8	21.3	19.0
4	Penn State	17.7	21.0	34.0	19.6	15.0	26.2
5	LSU	17.9	18.0	17.0	11.8	25.2	22.5
6	Clemson	18.5	15.0	17.0	12.5	25.8	24.5
7	Memphis	18.6	12.3	10.0	19.0	18.3	26.3
8	Central FL	18.9	12.3	30.0	13.0	23.8	21.3
9	Temple	19.1	15.7	3.0	19.0	19.2	29.8
10	Miss State	19.7	18.7	31.0	16.3	23.8	24.3
11	Louisville	20.5	29.0	40.0	24.6	17.0	12.6
12	Utah State	20.8	26.0	50.0	17.6	23.1	17.9
13	TX Christian	20.9	14.3	3.0	16.5	26.2	26.0
14	Michigan St	21.1	9.3	10.0	18.8	23.8	12.9
15	Ohio State	21.2	18.3	0.0	21.3	21.0	24.4
16	San Diego St	21.3	19.7	7.0	13.8	27.5	31.0
17	Houston	21.3	25.0	38.0	21.2	21.4	22.5
18	Duke	21.3	27.7	21.0	18.7	24.4	28.7
19	Wisconsin	21.4	35.7	59.0	18.3	24.5	17.7
20	VA Tech	21.5	14.0	20.0	25.8	16.2	20.7
21	Arkansas	21.5	7.0	21.0	9.0	31.8	31.6
22	Boston Col	21.5	21.7	7.0	24.5	17.8	30.2
23	Missouri	21.7	25.7	42.0	18.8	24.5	23.8
24	Marshall	22.0	36.0	23.0	26.3	17.7	24.7
25	Washington	22.1	17.7	13.0	22.3	21.8	24.8
26	Kansas St	22.3	23.7	38.0	14.7	31.4	22.8
27	Georgia	22.4	22.7	30.0	17.8	27.8	30.9
28	Michigan	22.4	24.7	42.0	18.0	28.6	26.8
29	Florida	23.0	19.0	24.0	25.0	21.0	20.6
30	Oregon	23.2	14.0	13.0	19.7	26.8	21.9
31	Texas	23.2	23.7	48.0	30.8	15.7	25.8
32	Colorado St	23.6	23.0	27.0	20.6	26.2	30.8
33	Minnesota	23.7	29.7	34.0	21.8	26.0	23.1
34	USC	23.8	27.3	14.0	22.2	25.3	21.2
35	Central Mich	23.8	22.0	32.0	28.2	20.2	29.3
36	Florida St	23.9	23.7	35.0	17.2	30.7	12.6
37	Iowa	24.1	25.7	37.0	22.0	26.6	19.3
38	Syracuse	24.2	28.3	28.0	30.2	19.2	27.5
39	W Michigan	24.7	19.3	31.0	19.8	27.6	36.2
40	GA Southern	24.7	31.0	16.0	16.0	29.7	20.0
41	Oklahoma	24.8	25.0	38.0	25.0	24.5	22.1
42	LA Tech	24.8	29.0	26.0	16.0	29.2	27.4
43	Nebraska	24.9	40.3	34.0	19.7	31.2	25.2
44	Air Force	24.9	30.7	24.0	25.6	24.3	42.5
45	Virginia	25.1	23.7	24.0	20.3	30.8	36.3
46	Akron	25.2	29.3	27.0	21.2	28.5	28.2
47	Tennessee	25.2	20.7	17.0	19.2	32.4	31.6
48	N Illinois	25.3	17.3	17.0	28.2	23.9	24.0
49	Ohio	25.4	18.7	21.0	22.0	28.2	29.8
50	GA Tech	25.6	22.3	37.0	20.4	29.3	26.4
51	Baylor	25.8	33.7	27.0	25.4	26.2	25.2
52	S Alabama	25.8	33.0	42.0	27.5	24.2	25.5
53	Miami (FL)	25.9	31.7	35.0	24.8	27.2	28.4
54	TX-San Ant	25.9	27.3	27.0	21.8	30.0	26.3
55	LA Monroe	26.2	24.3	22.0	23.4	28.3	32.0
56	Boise State	26.5	15.7	14.0	21.7	32.2	25.8
57	S Florida	26.6	20.0	16.0	26.3	27.0	26.4
58	Cincinnati	26.8	12.3	31.0	32.2	21.3	22.0
59	Northwestern	26.8	33.7	47.0	27.2	26.4	27.6
60	Hawaii	27.1	21.0	28.0	29.8	24.3	38.8
61	Utah	27.3	31.0	34.0	33.8	21.8	29.9
62	App State	27.3	25.3	28.0	26.0	28.2	45.0
63	E Carolina	27.4	23.3	32.0	24.8	29.5	23.7
64	Arizona	27.5	32.0	51.0	27.9	27.0	26.2
65	UCLA	27.5	27.0	31.0	27.5	27.5	23.2
66	BYU	27.5	21.7	35.0	31.6	24.2	22.8
67	Auburn	27.8	43.3	55.0	22.3	34.4	26.4
68	Pittsburgh	27.9	23.3	23.0	29.2	26.4	27.4
69	Florida Intl	28.1	27.7	17.0	31.7	22.8	37.3
70	Wake Forest	28.2	28.7	41.0	22.2	33.2	25.6
71	W Virginia	28.5	27.7	24.0	28.6	28.5	34.8
72	TX El Paso	28.7	23.0	21.0	23.5	33.8	39.3
73	Ball State	28.9	26.0	24.0	32.0	26.8	24.4
74	Arizona St	28.9	36.0	42.0	30.0	28.0	28.7
75	Kent State	29.0	28.0	24.0	25.2	33.6	28.5
76	Nevada	29.0	37.3	27.0	29.8	28.3	36.9
77	Tulane	29.2	27.3	10.0	25.4	32.3	22.6
78	Notre Dame	29.2	41.0	49.0	24.7	33.8	22.4
79	Arkansas St	29.4	39.0	35.0	22.0	35.5	27.4
80	NC State	29.5	25.3	7.0	35.3	22.4	31.0
81	Navy	29.5	23.0	10.0	33.2	26.5	25.8
82	Texas A&M	29.5	31.7	23.0	23.6	34.5	32.6
83	LA Lafayette	29.9	28.3	23.0	32.6	27.7	28.1
84	Texas State	30.2	27.3	31.0	30.8	29.7	29.5
85	Toledo	30.2	21.0	16.0	31.0	29.5	29.3
86	Rice	30.3	43.3	76.0	20.0	37.7	24.4
87	Maryland	30.9	31.3	41.0	40.2	23.2	26.6
88	Connecticut	31.1	36.3	27.0	34.3	27.2	30.0
89	San Jose St	31.2	30.7	38.0	20.5	37.3	38.3
90	UAB	31.4	29.0	24.0	25.6	36.2	45.2
91	Rutgers	31.5	35.3	38.0	20.6	40.5	32.2
92	Army	31.5	30.0	17.0	31.8	31.3	33.4
93	North Texas	32.3	27.7	34.0	20.4	42.2	17.8
94	Oklahoma St	32.8	37.3	35.0	26.0	38.5	23.2
95	Kentucky	32.8	52.3	44.0	28.3	38.2	32.7
96	U Mass	33.0	27.0	41.0	30.5	35.5	33.8
97	S Carolina	33.1	22.3	35.0	31.3	35.2	21.2
98	Miami (OH)	33.2	33.0	24.0	30.2	35.7	35.7
99	Oregon St	33.2	37.0	47.0	32.3	34.2	29.9
100	Purdue	33.4	31.7	23.0	35.5	30.8	40.2
101	Middle Tenn	33.7	32.0	24.0	32.2	35.0	26.4
102	Kansas	33.7	43.0	51.0	21.6	43.8	33.5
103	Fresno St	34.0	23.0	28.0	31.6	35.7	30.8
104	Fla Atlantic	34.4	32.3	31.0	31.6	36.4	22.2
105	Vanderbilt	34.5	36.3	24.0	34.7	34.0	26.4
106	Buffalo	34.7	27.3	21.0	33.5	35.6	24.5
107	Wyoming	34.7	39.7	36.0	28.4	40.0	39.4
108	Indiana	34.9	34.3	16.0	29.2	39.7	39.2
109	Illinois	35.5	25.7	33.0	29.2	43.0	35.5
110	New Mexico	35.9	38.7	30.0	39.7	32.2	42.8
111	Troy	36.0	26.7	42.0	34.8	37.0	38.9
112	Bowling Grn	36.2	39.7	51.0	32.8	38.6	16.5
113	S Mississippi	36.8	40.0	45.0	40.0	34.2	41.9
114	Idaho	37.3	38.0	45.0	34.8	39.3	45.6
115	Old Dominion	38.9	30.0	28.0	32.4	44.3	50.4
116	Colorado	39.0	40.0	38.0	33.7	44.3	42.5
117	W Kentucky	39.2	32.3	66.0	30.3	48.2	25.3
118	Tulsa	39.2	39.3	49.0	39.2	39.3	33.9
119	Iowa State	39.3	42.0	55.0	40.2	38.2	36.7
120	N Carolina	39.8	30.0	35.0	34.8	44.0	24.8
121	Wash State	40.2	38.3	31.0	45.5	33.8	34.4
122	UNLV	40.7	42.7	49.0	40.6	40.7	33.9
123	S Methodist	41.3	36.0	20.0	42.0	40.7	33.6
124	N Mex State	41.7	47.3	68.0	37.0	45.7	46.0
125	Texas Tech	41.8	40.3	48.0	36.6	46.2	32.0
126	California	42.1	39.3	42.0	40.6	43.3	47.4
127	E Michigan	42.1	49.3	52.0	36.2	45.4	47.1
128	Georgia State	43.9	42.3	54.0	51.4	37.7	37.2
