1	Alabama	7.7	10.0	14.0	6.0	9.8	14.1
2	LSU	11.2	10.0	10.0	10.8	11.4	18.9
3	Temple	14.5	15.0	15.0	16.8	12.2	18.6
4	Florida St	15.5	11.7	14.0	12.0	19.0	20.7
5	Michigan	17.4	23.7	20.0	14.5	22.0	35.1
6	Penn State	17.6	29.7	30.0	13.0	22.2	24.5
7	VA Tech	18.0	20.3	23.0	20.0	16.8	20.5
8	S Carolina	18.2	12.7	13.0	11.3	25.2	23.5
9	Boise State	18.7	12.7	24.0	17.8	19.4	12.8
10	Michigan St	19.3	29.7	30.0	13.2	24.6	23.6
11	Florida	19.3	18.3	17.0	17.7	21.0	22.2
12	Florida Intl	19.5	18.3	20.0	20.0	19.0	27.3
13	Wisconsin	19.7	30.3	45.0	10.8	27.3	22.0
14	Rutgers	19.8	18.7	13.0	19.5	20.2	28.9
15	Miss State	19.9	21.3	17.0	16.0	22.7	20.2
16	Central FL	20.0	27.3	14.0	9.4	28.8	17.9
17	Arkansas St	20.5	23.7	38.0	13.6	25.4	30.8
18	Miami (FL)	20.6	16.7	24.0	17.8	24.0	22.4
19	Notre Dame	20.7	20.0	18.0	21.3	20.0	20.2
20	Louisville	21.0	25.0	31.0	17.2	23.7	19.9
21	Illinois	21.0	23.0	14.0	22.9	18.4	25.2
22	Ohio State	21.0	28.0	24.0	16.9	25.8	14.3
23	Utah	21.1	23.7	27.0	19.4	22.3	20.3
24	Cincinnati	21.2	21.3	24.0	19.0	22.7	29.9
25	LA Tech	21.6	17.0	31.0	26.8	19.0	32.9
26	BYU	21.8	16.0	21.0	20.8	22.8	21.6
27	Stanford	21.9	27.7	41.0	20.7	23.3	17.4
28	S Mississippi	21.9	17.3	17.0	16.0	25.6	31.4
29	Oklahoma	22.1	21.3	14.0	20.0	23.9	21.8
30	Georgia	22.2	30.7	33.0	17.6	25.0	23.3
31	TX Christian	22.2	14.3	24.0	17.3	27.0	12.4
32	Texas	22.2	27.7	10.0	16.7	27.0	23.7
33	Vanderbilt	22.2	21.7	31.0	20.2	24.3	31.2
34	Pittsburgh	22.3	23.0	28.0	20.0	25.6	19.2
35	Miami (OH)	22.9	23.0	21.0	22.0	23.8	23.2
36	W Kentucky	23.1	27.0	18.0	23.2	23.0	33.2
37	Tennessee	23.2	26.7	10.0	18.0	32.2	27.2
38	S Florida	23.2	23.3	30.0	23.0	23.4	20.5
39	Arkansas	23.5	24.7	16.0	16.0	28.9	25.1
40	USC	23.6	17.3	0.0	23.1	24.2	26.7
41	Ohio	23.6	20.0	23.0	17.0	27.8	24.9
42	Boston Col	24.1	14.3	17.0	23.8	24.3	19.5
43	Houston	24.2	26.3	14.0	25.8	22.7	32.5
44	Kent State	24.2	19.7	34.0	17.4	29.8	24.1
45	S Methodist	24.4	22.3	6.0	21.2	26.7	25.6
46	Nebraska	24.8	27.3	30.0	22.0	27.5	18.5
47	Nevada	25.2	16.0	24.0	16.7	32.4	21.2
48	California	25.2	30.0	21.0	14.8	32.6	24.4
49	Iowa	25.2	24.0	31.0	25.3	25.2	17.8
50	San Diego St	25.3	24.7	32.0	28.0	22.7	23.9
51	Missouri	25.5	20.3	24.0	20.0	29.4	16.9
52	Virginia	25.6	31.3	43.0	26.3	24.8	31.9
53	Kentucky	25.6	21.3	7.0	22.2	29.8	29.0
54	Oregon	26.0	30.0	38.0	25.7	26.3	20.2
55	N Carolina	26.1	28.7	41.0	20.2	32.0	23.8
56	NC State	26.1	26.0	24.0	24.6	27.3	22.5
57	Connecticut	26.3	30.3	35.0	24.8	28.0	23.6
58	GA Tech	26.5	30.7	30.0	25.5	27.5	26.5
59	Oklahoma St	26.8	28.3	38.0	25.8	27.6	26.4
60	LA Monroe	27.1	14.0	0.0	24.2	28.7	33.5
61	Tulsa	27.3	33.3	24.0	29.2	25.7	31.7
62	E Michigan	27.6	21.0	18.0	20.8	32.2	43.9
63	W Virginia	28.0	26.7	33.0	24.0	32.0	14.7
64	Texas A&M	28.2	18.7	22.0	21.6	35.8	23.2
65	Northwestern	28.2	25.7	33.0	25.2	30.4	31.2
66	Marshall	28.6	19.7	10.0	22.2	32.6	28.8
67	Utah State	28.8	20.7	24.0	25.6	31.1	35.3
68	Wyoming	29.0	30.7	37.0	23.2	32.3	31.3
69	Purdue	29.1	29.3	32.0	24.5	33.7	29.5
70	Wake Forest	29.2	24.7	23.0	28.3	30.2	37.9
71	Clemson	29.5	38.0	70.0	25.5	32.9	18.6
72	Air Force	29.5	26.7	42.0	26.4	32.2	21.1
73	Kansas St	29.7	21.7	29.0	30.5	28.8	29.5
74	Syracuse	29.8	33.3	33.0	28.0	32.0	20.9
75	Arizona St	29.8	44.7	56.0	27.3	32.3	27.1
76	Auburn	30.0	37.0	24.0	26.2	33.8	24.1
77	Navy	30.0	21.7	21.0	37.5	25.7	24.7
78	Iowa State	30.2	27.7	27.0	30.4	30.1	31.5
79	Bowling Grn	30.3	34.0	28.0	28.0	32.2	33.6
80	N Illinois	30.3	17.3	20.0	21.6	35.8	19.1
81	San Jose St	30.3	27.3	24.0	24.8	34.3	38.7
82	Hawaii	30.3	29.3	41.0	29.0	31.7	26.9
83	W Michigan	30.5	25.7	37.0	22.2	34.6	24.7
84	LA Lafayette	30.6	35.0	30.0	24.0	33.9	37.0
85	North Texas	30.7	23.7	7.0	24.2	37.2	29.7
86	Army	30.8	32.0	27.0	14.3	37.0	25.8
87	TX El Paso	30.9	35.0	31.0	34.2	28.2	28.9
88	Oregon St	31.0	31.0	49.0	30.2	31.7	26.8
89	Minnesota	31.2	25.7	7.0	27.0	36.2	32.3
90	UCLA	31.4	39.7	20.0	23.2	37.5	30.3
91	Buffalo	31.5	27.3	42.0	27.4	34.8	30.4
92	Duke	31.9	35.3	37.0	31.3	32.6	36.2
93	E Carolina	32.2	29.0	34.0	27.8	36.7	44.0
94	Toledo	32.5	28.7	41.0	42.0	25.7	28.5
95	Wash State	32.7	31.7	38.0	27.0	36.0	37.1
96	Mississippi	32.8	36.7	31.0	33.5	32.0	33.9
97	Colorado St	32.8	33.7	22.0	37.2	29.2	34.7
98	Rice	33.3	20.7	27.0	22.0	41.4	38.5
99	Troy	33.7	31.0	45.0	28.2	37.6	30.2
100	Ball State	34.7	39.0	45.0	32.0	36.6	32.8
101	Fla Atlantic	34.7	31.7	26.0	31.6	36.9	29.2
102	Idaho	35.0	49.0	56.0	33.8	36.0	30.7
103	Central Mich	35.8	37.0	44.0	40.8	33.0	28.4
104	Fresno St	36.2	27.7	35.0	36.8	35.9	31.1
105	Colorado	36.5	29.3	14.0	36.6	36.5	30.8
106	Washington	36.7	42.0	67.0	27.5	45.8	29.3
107	Middle Tenn	36.8	45.0	59.0	39.5	34.0	27.7
108	UAB	36.8	34.7	38.0	36.2	37.1	31.6
109	N Mex State	36.8	36.7	24.0	33.5	39.6	39.5
110	Maryland	37.1	44.0	56.0	35.7	38.8	23.8
111	Arizona	37.7	37.3	37.0	35.2	39.8	24.1
112	Memphis	37.7	36.0	44.0	40.0	35.8	39.8
113	Tulane	37.8	42.3	35.0	43.6	33.7	38.6
114	Indiana	38.8	40.7	33.0	36.6	40.7	35.5
115	Baylor	40.3	40.7	56.0	34.3	46.3	32.8
116	UNLV	40.4	44.0	56.0	33.5	44.3	39.7
117	Akron	40.8	51.3	68.0	32.6	47.7	34.8
118	New Mexico	41.1	30.0	45.0	34.2	46.8	44.3
119	Texas Tech	41.9	54.3	66.0	45.4	39.0	31.8
120	Kansas	45.5	38.7	24.0	44.8	46.2	37.0
