1	Florida St	11.1	9.3	7.0	9.2	13.0	16.9
2	Louisville	12.6	16.7	9.0	14.2	11.0	25.2
3	Michigan St	12.9	15.7	20.0	9.3	16.0	16.3
4	Alabama	15.1	28.7	45.0	6.0	24.2	11.8
5	Bowling Grn	16.5	21.3	30.0	11.2	19.9	17.5
6	Wisconsin	17.7	24.0	34.0	11.2	24.2	19.0
7	North Texas	17.8	15.0	14.0	14.0	21.0	29.7
8	Utah State	17.9	15.0	14.0	16.4	18.9	16.4
9	Stanford	19.0	19.3	24.0	18.9	19.1	17.2
10	Iowa	19.3	19.7	21.0	19.7	19.0	23.5
11	Florida	20.6	30.0	37.0	20.8	20.5	15.7
12	VA Tech	20.7	25.0	42.0	17.4	23.0	24.2
13	S Carolina	21.2	18.3	24.0	18.3	24.0	19.2
14	USC	21.2	28.0	20.0	16.7	25.7	24.3
15	Central FL	21.3	25.0	42.0	17.2	24.9	22.1
16	Oregon	21.9	28.0	7.0	23.0	20.8	22.2
17	Cincinnati	22.0	29.0	39.0	19.8	23.6	19.6
18	Oklahoma	22.1	28.7	31.0	14.0	29.0	26.5
19	Fla Atlantic	22.2	7.7	6.0	19.8	24.0	33.4
20	Notre Dame	22.4	18.7	16.0	18.5	25.7	12.8
21	Houston	22.5	21.7	41.0	23.3	22.2	36.0
22	LSU	22.5	17.0	14.0	15.7	29.3	17.2
23	Tulane	22.6	14.7	24.0	21.0	23.7	38.4
24	BYU	22.8	25.7	31.0	18.2	26.1	14.1
25	Kansas St	22.8	21.7	14.0	22.9	22.8	23.2
26	Minnesota	23.1	18.3	21.0	20.5	25.7	26.2
27	UCLA	23.2	21.3	12.0	22.5	23.7	27.6
28	Oklahoma St	23.2	30.3	41.0	19.0	26.1	30.6
29	E Carolina	23.7	35.7	20.0	16.0	29.1	33.2
30	Missouri	23.8	37.0	31.0	18.3	28.4	30.1
31	N Illinois	24.0	27.3	21.0	20.2	25.7	20.8
32	Miss State	24.3	11.3	7.0	23.0	25.7	24.5
33	Ohio State	24.4	38.3	40.0	17.2	30.6	22.8
34	Ball State	24.4	28.3	23.0	20.0	27.6	32.0
35	Rice	24.4	27.0	44.0	14.3	32.0	30.0
36	Clemson	24.5	32.3	35.0	27.6	21.8	26.3
37	Buffalo	24.5	26.7	49.0	8.0	32.8	28.0
38	Mississippi	24.6	19.3	17.0	24.7	24.5	27.7
39	Marshall	24.7	29.7	20.0	15.8	30.2	44.8
40	Washington	24.8	20.0	16.0	17.5	32.0	25.1
41	N Carolina	24.8	23.7	17.0	25.5	24.2	28.0
42	Baylor	25.2	33.3	52.0	15.2	35.3	38.4
43	Nebraska	25.2	25.7	19.0	30.0	18.6	29.2
44	W Kentucky	25.3	18.3	31.0	26.8	24.4	26.8
45	S Alabama	25.5	13.0	8.0	16.8	32.7	31.7
46	Wake Forest	25.6	36.7	23.0	26.2	25.2	33.2
47	Auburn	25.8	36.0	42.0	21.6	31.6	30.3
48	Boise State	25.8	29.7	38.0	13.6	34.4	15.8
49	Navy	25.8	21.7	6.0	18.2	29.6	27.6
50	Texas	25.8	25.3	30.0	23.2	28.1	29.2
51	TX Christian	26.0	30.3	41.0	27.0	25.2	24.5
52	Penn State	26.2	22.7	24.0	20.3	34.4	19.1
53	Arizona	26.2	31.0	19.0	21.6	29.6	38.2
54	Memphis	26.3	36.7	45.0	28.0	24.2	31.2
55	TX-San Ant	26.3	10.0	10.0	31.7	21.0	36.0
56	S Florida	26.4	23.3	31.0	28.3	24.0	28.7
57	GA Tech	26.4	40.3	25.0	17.6	33.7	30.2
58	Middle Tenn	26.4	20.7	24.0	21.0	30.3	28.1
59	Vanderbilt	26.4	18.3	24.0	28.0	24.8	20.2
60	Maryland	26.6	27.0	31.0	25.0	27.7	29.1
61	Michigan	26.8	32.3	31.0	26.0	27.8	19.8
62	LA Tech	27.4	35.3	30.0	22.2	30.3	38.5
63	Pittsburgh	27.4	28.0	27.0	27.8	27.0	21.2
64	Arkansas St	27.4	29.0	20.0	27.0	27.7	26.5
65	Syracuse	27.5	21.7	17.0	22.8	30.9	25.4
66	Northwestern	27.6	30.3	34.0	26.8	28.6	23.8
67	LA Lafayette	28.1	27.3	21.0	31.5	26.4	30.4
68	Akron	28.2	16.3	29.0	31.2	25.7	38.4
69	Miami (FL)	28.4	31.0	36.0	23.5	33.3	32.4
70	Kent State	28.5	11.7	13.0	31.5	26.7	24.8
71	Arizona St	28.7	32.0	37.0	26.3	31.5	25.8
72	Duke	28.7	40.7	52.0	30.7	27.0	37.6
73	Toledo	29.3	35.7	31.0	31.2	27.7	28.4
74	Central Mich	29.3	10.7	10.0	21.5	33.7	32.8
75	Texas State	29.5	39.3	42.0	25.6	32.8	33.2
76	Ohio	29.8	34.7	37.0	26.8	32.7	26.0
77	Temple	29.8	29.3	21.0	26.6	32.5	33.3
78	Utah	29.9	36.7	17.0	28.2	32.0	27.4
79	Oregon St	29.9	42.7	23.0	30.2	29.7	22.1
80	Connecticut	30.0	16.0	10.0	21.2	40.6	19.8
81	Boston Col	30.2	34.0	42.0	26.6	32.7	32.1
82	Fresno St	30.8	41.3	45.0	28.8	32.7	25.0
83	Colorado St	30.8	23.7	45.0	29.6	31.5	31.0
84	Georgia	30.9	25.0	24.0	30.0	31.6	20.1
85	NC State	31.0	40.3	41.0	26.9	38.2	26.6
86	San Diego St	31.0	33.3	24.0	34.8	28.3	23.0
87	Tennessee	31.6	27.7	14.0	28.0	36.0	37.7
88	Arkansas	31.6	29.7	31.0	29.8	33.2	31.0
89	Texas Tech	32.0	42.3	23.0	30.6	33.0	33.9
90	LA Monroe	32.0	35.3	28.0	28.5	34.0	29.2
91	Rutgers	32.2	21.0	29.0	26.8	37.7	15.3
92	Texas A&M	32.6	36.7	48.0	30.0	36.2	21.9
93	Kentucky	32.7	36.0	27.0	30.2	35.8	33.5
94	Army	33.4	34.7	34.0	26.2	37.4	36.5
95	Kansas	33.5	28.0	31.0	34.5	32.2	37.8
96	S Methodist	33.6	19.0	17.0	36.6	31.2	27.8
97	U Mass	33.8	34.0	51.0	28.4	38.3	40.2
98	Tulsa	33.9	33.7	42.0	36.0	31.8	24.2
99	UNLV	33.9	25.3	36.0	32.8	35.0	33.9
100	Wash State	34.4	37.3	48.0	39.8	30.6	34.9
101	W Virginia	34.8	43.3	52.0	32.8	36.5	40.2
102	Illinois	35.5	37.7	37.0	37.7	33.0	35.0
103	Miami (OH)	35.7	41.0	55.0	29.6	40.0	36.8
104	W Michigan	36.2	31.7	33.0	32.5	38.3	30.5
105	Virginia	36.3	35.3	16.0	38.3	32.8	29.8
106	Iowa State	36.7	30.7	44.0	27.4	44.5	25.7
107	Nevada	36.9	27.3	28.0	24.4	47.3	33.8
108	Georgia State	37.2	36.0	38.0	38.0	36.6	44.5
109	Florida Intl	37.3	34.0	21.0	34.0	40.0	31.7
110	San Jose St	38.3	49.3	52.0	45.6	32.2	22.0
111	Hawaii	38.8	43.0	42.0	35.7	41.8	38.7
112	Troy	38.9	40.0	28.0	35.2	41.0	30.5
113	Indiana	39.2	43.0	36.0	33.3	49.5	36.9
114	TX El Paso	39.3	34.3	48.0	31.2	45.1	29.8
115	Wyoming	39.4	46.3	35.0	39.4	39.3	34.3
116	Purdue	40.2	40.3	56.0	40.7	39.6	33.3
117	S Mississippi	41.9	36.7	27.0	36.8	45.6	37.8
118	Air Force	42.5	48.0	58.0	41.5	43.6	29.7
119	Colorado	42.5	31.7	24.0	43.0	42.2	47.5
120	New Mexico	42.8	60.0	45.0	40.3	45.2	31.0
121	UAB	45.2	54.0	62.0	40.0	48.1	40.6
122	Idaho	45.6	47.0	24.0	41.8	47.9	44.5
123	N Mex State	46.0	39.7	16.0	36.8	57.0	41.3
124	E Michigan	47.1	44.0	42.0	49.2	45.9	38.2
125	California	47.4	55.3	63.0	47.3	47.4	33.3
