1	TX Christian	12.4	23.7	19.0	11.0	13.4	12.1
2	Boise State	12.8	17.0	3.0	13.2	12.4	17.2
3	Alabama	14.1	15.0	7.0	10.0	18.2	12.6
4	Ohio State	14.3	16.7	26.0	11.1	19.4	12.5
5	W Virginia	14.7	15.7	23.0	12.7	16.7	21.8
6	Missouri	16.9	11.3	27.0	18.4	15.9	26.5
7	Stanford	17.4	8.7	12.0	20.8	15.0	26.5
8	Iowa	17.8	23.7	24.0	11.2	24.5	15.3
9	Central FL	17.9	10.0	6.0	20.3	15.9	22.4
10	Nebraska	18.5	19.7	19.0	14.0	22.3	10.4
11	Clemson	18.6	23.3	31.0	17.0	20.2	21.8
12	Temple	18.6	21.3	23.0	16.8	20.2	21.9
13	LSU	18.9	30.3	24.0	15.3	22.5	16.2
14	N Illinois	19.1	15.3	17.0	17.0	20.0	22.8
15	Pittsburgh	19.2	18.3	10.0	21.4	17.7	21.2
16	Boston Col	19.5	13.3	20.0	18.3	20.7	21.4
17	Louisville	19.9	19.3	28.0	16.5	23.3	27.7
18	Miss State	20.2	25.0	14.0	19.2	21.2	28.5
19	Notre Dame	20.2	12.0	17.0	20.7	19.7	25.9
20	Oregon	20.2	23.7	22.0	17.8	22.0	23.8
21	Utah	20.3	25.3	26.0	17.7	22.6	20.2
22	S Florida	20.5	21.7	26.0	15.2	25.8	22.7
23	VA Tech	20.5	26.7	40.0	17.3	23.3	15.6
24	Florida St	20.7	22.7	17.0	14.3	26.1	31.8
25	Syracuse	20.9	24.3	34.0	28.0	16.9	28.3
26	Air Force	21.1	16.7	7.0	19.6	22.1	17.0
27	Nevada	21.2	20.3	13.0	21.5	21.0	28.5
28	BYU	21.6	16.0	24.0	16.5	26.0	21.5
29	Oklahoma	21.8	27.0	20.0	13.7	27.9	15.8
30	Wisconsin	22.0	24.0	21.0	19.5	24.5	22.4
31	Florida	22.2	30.3	24.0	19.8	24.7	13.2
32	Miami (FL)	22.4	29.0	33.0	25.8	20.0	22.7
33	NC State	22.5	23.3	7.0	20.8	23.7	35.3
34	Texas A&M	23.2	21.3	41.0	19.7	26.7	33.5
35	Miami (OH)	23.2	15.0	21.0	17.8	26.2	34.2
36	Georgia	23.3	31.0	10.0	17.2	27.7	28.1
37	S Carolina	23.5	29.7	26.0	21.5	25.1	20.9
38	Connecticut	23.6	27.0	48.0	20.0	26.1	24.8
39	Michigan St	23.6	34.0	49.0	19.0	28.2	28.2
40	Texas	23.7	24.7	24.0	24.7	22.2	16.7
41	Maryland	23.8	27.0	20.0	23.8	23.7	30.9
42	N Carolina	23.8	25.0	27.0	23.6	23.9	18.5
43	San Diego St	23.9	22.0	14.0	19.5	28.3	31.5
44	Auburn	24.1	21.0	19.0	24.4	23.7	27.2
45	Arizona	24.1	38.0	36.0	22.2	26.0	24.5
46	Kent State	24.1	29.7	6.0	22.0	25.8	24.5
47	California	24.4	26.3	16.0	18.3	31.6	27.0
48	Penn State	24.5	29.7	37.0	21.0	28.0	13.0
49	Navy	24.7	23.7	35.0	27.8	23.1	19.5
50	W Michigan	24.7	13.3	7.0	26.2	23.5	29.1
51	Ohio	24.9	33.0	48.0	20.6	28.0	22.2
52	Arkansas	25.1	28.3	31.0	21.2	27.9	26.3
53	Illinois	25.2	22.0	14.0	21.4	27.9	31.4
54	S Methodist	25.6	23.7	16.0	23.6	27.7	28.0
55	Army	25.8	24.0	14.0	28.8	24.2	22.4
56	Oklahoma St	26.4	23.7	10.0	34.9	16.5	23.0
57	GA Tech	26.5	25.3	14.0	27.0	26.1	25.4
58	USC	26.7	23.3	14.0	27.7	25.9	19.8
59	Oregon St	26.8	27.3	37.0	23.0	30.7	26.5
60	Hawaii	26.9	35.7	62.0	27.3	26.5	30.2
61	Arizona St	27.1	26.7	29.0	23.2	29.7	22.7
62	Tennessee	27.2	18.0	30.0	29.5	24.8	22.2
63	Florida Intl	27.3	28.0	32.0	25.4	28.5	35.3
64	Middle Tenn	27.7	25.3	35.0	22.6	31.3	23.7
65	Central Mich	28.4	34.0	42.0	24.2	30.7	20.4
66	Toledo	28.5	26.3	34.0	25.2	31.4	37.7
67	Marshall	28.8	22.3	23.0	21.7	35.8	24.0
68	Rutgers	28.9	48.0	35.0	22.2	34.5	20.5
69	TX El Paso	28.9	47.0	52.0	19.0	36.0	33.5
70	Kentucky	29.0	23.7	27.0	27.8	30.2	23.6
71	Fla Atlantic	29.2	44.3	44.0	24.2	31.8	33.8
72	Washington	29.3	16.0	7.0	30.3	28.4	26.7
73	Purdue	29.5	32.0	34.0	26.0	33.6	29.1
74	Kansas St	29.5	40.3	36.0	24.2	33.3	25.6
75	North Texas	29.7	38.3	49.0	34.7	24.7	35.6
76	Cincinnati	29.9	34.7	28.0	28.2	32.0	24.8
77	Troy	30.2	14.0	21.0	29.0	31.0	29.8
78	UCLA	30.3	35.7	28.0	24.5	36.2	21.2
79	Buffalo	30.4	21.0	22.0	25.6	34.3	25.6
80	Idaho	30.7	17.3	23.0	31.8	29.9	36.0
81	Arkansas St	30.8	34.0	31.0	26.0	34.1	25.4
82	Colorado	30.8	31.7	45.0	24.7	36.8	28.8
83	Fresno St	31.1	27.7	40.0	25.2	37.0	30.8
84	Northwestern	31.2	54.3	45.0	24.2	34.6	25.3
85	Vanderbilt	31.2	32.0	34.0	27.1	36.8	25.5
86	Wyoming	31.3	25.3	0.0	29.8	32.5	27.8
87	S Mississippi	31.4	42.7	31.0	33.4	30.0	28.0
88	Iowa State	31.5	26.3	14.0	29.5	33.8	22.2
89	UAB	31.6	32.3	28.0	28.5	34.7	32.3
90	Tulsa	31.7	37.7	35.0	29.8	33.0	29.5
91	Texas Tech	31.8	34.3	38.0	24.4	37.0	23.2
92	Virginia	31.9	32.0	37.0	32.0	31.8	26.4
93	Minnesota	32.3	29.7	24.0	34.0	30.2	24.7
94	Houston	32.5	40.7	35.0	32.4	32.7	31.8
95	Baylor	32.8	44.3	38.0	30.0	34.7	28.5
96	Ball State	32.8	30.7	59.0	43.8	25.5	28.6
97	LA Tech	32.9	31.0	35.0	27.7	39.2	26.9
98	W Kentucky	33.2	30.0	28.0	30.0	35.4	40.6
99	LA Monroe	33.5	37.0	23.0	24.4	41.2	29.8
100	Bowling Grn	33.6	32.7	41.0	30.2	36.0	27.5
101	Mississippi	33.9	42.0	31.0	34.0	33.8	19.1
102	Colorado St	34.7	39.0	44.0	26.8	40.3	30.5
103	Akron	34.8	23.3	14.0	33.6	35.8	31.4
104	Michigan	35.1	45.7	52.0	36.0	34.2	29.5
105	Utah State	35.3	37.3	50.0	30.4	39.3	34.0
106	Indiana	35.5	51.7	31.0	26.8	42.8	31.0
107	Duke	36.2	25.0	24.0	36.3	36.0	30.2
108	LA Lafayette	37.0	28.0	22.0	40.8	34.3	31.4
109	Kansas	37.0	34.3	35.0	39.7	33.8	30.7
110	Wash State	37.1	23.0	35.0	34.4	39.3	38.5
111	Wake Forest	37.9	27.0	13.0	30.6	44.0	28.0
112	Rice	38.5	38.3	23.0	32.3	44.7	43.1
113	Tulane	38.6	49.3	38.0	42.5	34.0	37.1
114	San Jose St	38.7	37.3	26.0	41.0	37.4	36.8
115	N Mex State	39.5	50.7	59.0	40.2	38.8	32.8
116	UNLV	39.7	47.3	59.0	32.3	46.0	35.1
117	Memphis	39.8	32.0	37.0	41.5	38.2	36.7
118	E Michigan	43.9	44.3	71.0	45.2	43.0	38.2
119	E Carolina	44.0	52.7	51.0	39.0	48.3	21.8
120	New Mexico	44.3	51.3	66.0	45.5	43.2	35.9
