1	Notre Dame	10.3	6.3	13.0	12.7	8.0	20.7
2	Alabama	11.6	19.0	28.0	9.5	13.7	7.1
3	BYU	14.1	13.3	6.0	12.8	15.0	21.8
4	Rutgers	15.3	20.0	13.0	16.0	14.9	19.8
5	Florida	15.7	26.3	33.0	9.7	21.7	19.3
6	Boise State	15.8	20.3	26.0	11.7	19.3	18.7
7	Michigan St	16.3	16.3	16.0	18.1	14.2	19.3
8	Utah State	16.4	21.7	15.0	11.2	20.1	28.8
9	Florida St	16.9	20.7	10.0	17.6	16.4	15.5
10	LSU	17.2	24.3	25.0	17.9	16.2	11.9
11	Stanford	17.2	18.3	14.0	22.3	12.1	21.9
12	Bowling Grn	17.5	22.3	29.0	13.2	20.6	30.3
13	Wisconsin	19.0	25.0	20.0	17.3	20.4	19.7
14	Penn State	19.1	25.0	21.0	21.4	15.8	17.6
15	S Carolina	19.2	21.7	28.0	14.7	23.7	18.2
16	Cincinnati	19.6	20.3	34.0	13.6	24.7	21.2
17	Connecticut	19.8	23.7	34.0	15.8	23.8	26.3
18	Michigan	19.8	25.3	33.0	16.0	23.1	17.4
19	Georgia	20.1	24.3	31.0	18.3	21.6	22.2
20	Vanderbilt	20.2	21.0	24.0	17.2	22.4	22.2
21	N Illinois	20.8	25.0	31.0	14.8	24.6	30.3
22	Pittsburgh	21.2	15.7	38.0	21.2	21.1	22.3
23	Texas A&M	21.9	22.0	13.0	20.8	22.6	28.2
24	San Jose St	22.0	25.7	20.0	29.2	16.9	30.3
25	Central FL	22.1	24.7	17.0	22.2	22.0	20.0
26	Oregon St	22.1	31.0	31.0	18.0	26.2	31.0
27	Oregon	22.2	19.3	17.0	18.5	26.0	26.0
28	Ohio State	22.8	19.0	21.0	21.5	25.5	21.0
29	San Diego St	23.0	20.0	23.0	15.8	30.2	25.3
30	Kansas St	23.2	37.0	35.0	21.3	25.2	29.7
31	Iowa	23.5	27.3	13.0	22.0	25.4	25.2
32	Northwestern	23.8	18.0	20.0	19.2	28.5	28.2
33	VA Tech	24.2	15.7	10.0	15.8	30.1	18.0
34	Tulsa	24.2	26.3	17.0	19.8	28.0	27.3
35	USC	24.3	27.0	21.0	21.0	27.1	23.6
36	Miss State	24.5	29.7	34.0	17.7	31.3	19.9
37	TX Christian	24.5	18.0	17.0	29.4	21.0	22.2
38	Kent State	24.8	22.3	17.0	24.2	25.0	24.2
39	Fresno St	25.0	31.3	43.0	18.6	29.6	36.2
40	Washington	25.1	20.7	28.0	16.2	31.4	36.7
41	Louisville	25.2	21.0	23.0	24.0	26.3	21.0
42	Syracuse	25.4	20.3	14.0	22.8	26.8	29.8
43	Iowa State	25.7	28.3	31.0	26.8	24.5	30.2
44	Arizona St	25.8	23.0	28.0	23.2	27.7	29.8
45	Ohio	26.0	31.3	14.0	24.6	27.0	23.6
46	Minnesota	26.2	32.7	34.0	23.8	28.5	31.2
47	Clemson	26.3	33.0	24.0	26.7	26.0	29.5
48	Oklahoma	26.5	35.3	41.0	28.6	25.0	22.1
49	Arkansas St	26.5	15.7	13.0	21.2	30.3	20.5
50	NC State	26.6	36.7	38.0	14.4	35.3	26.1
51	W Kentucky	26.8	26.3	24.0	31.0	23.7	23.1
52	Utah	27.4	34.3	35.0	25.2	29.2	21.1
53	UCLA	27.6	37.0	49.0	21.4	33.7	31.4
54	Navy	27.6	28.3	62.0	17.2	32.8	30.0
55	Mississippi	27.7	27.3	17.0	29.5	25.8	32.8
56	S Methodist	27.8	24.3	10.0	26.7	29.0	24.4
57	N Carolina	28.0	39.7	38.0	30.2	25.4	26.1
58	Buffalo	28.0	21.3	21.0	23.2	32.0	31.5
59	Middle Tenn	28.1	26.0	45.0	22.5	31.3	36.8
60	Toledo	28.4	31.7	41.0	26.0	30.1	32.5
61	S Florida	28.7	31.3	27.0	24.6	32.2	23.2
62	Maryland	29.1	43.7	45.0	26.4	31.3	37.1
63	Nebraska	29.2	40.7	45.0	17.7	39.0	24.8
64	LA Monroe	29.2	26.0	45.0	28.2	29.8	27.1
65	Texas	29.2	29.7	27.0	23.7	34.0	22.2
66	Air Force	29.7	29.3	33.0	22.0	35.1	29.5
67	North Texas	29.7	27.0	25.0	22.0	34.1	30.7
68	TX El Paso	29.8	32.3	33.0	25.5	34.0	30.9
69	Virginia	29.8	31.3	17.0	30.0	29.6	25.6
70	Rice	30.0	17.3	14.0	29.6	30.2	33.3
71	Missouri	30.1	46.0	59.0	27.2	33.6	25.5
72	GA Tech	30.2	23.3	7.0	32.2	28.6	26.5
73	Auburn	30.3	31.3	49.0	28.7	32.2	30.0
74	LA Lafayette	30.4	28.3	34.0	28.0	32.1	30.6
75	W Michigan	30.5	29.7	29.0	30.4	30.5	30.5
76	Troy	30.5	32.0	24.0	34.5	26.5	33.7
77	Oklahoma St	30.6	35.3	14.0	24.0	37.2	26.8
78	New Mexico	31.0	27.7	24.0	30.8	31.1	41.1
79	Colorado St	31.0	24.3	20.0	23.4	37.3	32.8
80	Arkansas	31.0	34.3	20.0	26.5	36.4	23.5
81	Memphis	31.2	18.7	24.0	28.0	33.8	37.7
82	S Alabama	31.7	31.7	23.0	29.2	33.4	34.0
83	Florida Intl	31.7	22.3	23.0	28.5	34.8	19.5
84	Ball State	32.0	29.7	38.0	27.8	34.6	34.7
85	Boston Col	32.1	26.0	27.0	30.8	33.2	24.1
86	Miami (FL)	32.4	31.7	45.0	21.8	41.2	20.6
87	Central Mich	32.8	19.3	21.0	30.8	34.8	35.8
88	E Carolina	33.2	41.7	43.0	33.6	32.9	32.2
89	Texas State	33.2	29.0	28.0	37.8	29.3	47.5
90	Wake Forest	33.2	43.3	55.0	34.8	31.2	29.2
91	California	33.3	47.3	62.0	29.3	38.0	25.2
92	Temple	33.3	34.7	38.0	34.2	32.4	14.5
93	Purdue	33.3	36.7	58.0	34.7	32.0	29.1
94	Fla Atlantic	33.4	32.3	35.0	29.0	35.9	34.7
95	Kentucky	33.5	36.7	37.0	30.0	37.8	25.6
96	Nevada	33.8	33.3	49.0	35.6	32.4	25.2
97	Texas Tech	33.9	47.3	31.0	31.0	36.8	41.9
98	UNLV	33.9	36.3	48.0	29.5	38.3	40.4
99	Wyoming	34.3	29.3	42.0	36.0	32.8	29.0
100	Wash State	34.9	39.3	28.0	34.5	35.1	32.7
101	Illinois	35.0	29.0	50.0	27.0	44.6	21.0
102	Houston	36.0	34.0	17.0	31.0	43.0	24.2
103	TX-San Ant	36.0	36.3	31.0	43.7	31.4	--
104	Army	36.5	36.0	17.0	33.4	41.8	30.8
105	Miami (OH)	36.8	36.3	31.0	28.8	41.4	22.9
106	Indiana	36.9	54.3	56.0	41.4	33.2	38.8
107	Duke	37.6	47.3	48.0	32.5	42.7	31.9
108	Tennessee	37.7	36.3	17.0	37.2	38.4	23.2
109	Kansas	37.8	50.3	59.0	27.4	46.5	45.5
110	S Mississippi	37.8	36.7	42.0	34.2	41.5	21.9
111	E Michigan	38.2	35.3	49.0	42.8	34.3	27.6
112	Arizona	38.2	37.7	48.0	31.1	48.2	37.7
113	Akron	38.4	30.7	35.0	39.0	37.8	40.8
114	Baylor	38.4	35.0	26.0	29.0	45.1	40.3
115	Tulane	38.4	35.0	40.0	39.1	37.4	37.8
116	LA Tech	38.5	51.7	52.0	38.3	38.7	21.6
117	Hawaii	38.7	12.7	7.0	34.0	42.7	30.3
118	U Mass	40.2	28.3	42.0	35.4	43.6	45.0
119	W Virginia	40.2	24.0	38.0	38.9	42.2	28.0
120	UAB	40.6	42.0	49.0	41.4	40.0	36.8
121	N Mex State	41.3	54.3	66.0	37.4	44.5	36.8
122	Idaho	44.5	43.7	45.0	33.5	50.7	35.0
123	Marshall	44.8	48.0	65.0	39.0	49.7	28.6
124	Colorado	47.5	45.3	42.0	44.2	50.2	36.5
