1	Navy	349.3	320.7	316.0	362.8	339.7	331.9
2	Air Force	301.2	388.7	312.0	343.4	271.1	229.4
3	W Virginia	297.2	323.3	349.0	302.0	293.1	295.4
4	Arkansas	288.9	251.7	164.0	331.8	246.0	216.8
5	LA Lafayette	260.1	281.0	180.0	283.8	240.3	175.5
6	Illinois	255.1	241.7	144.0	257.4	253.4	174.6
7	Oregon	252.2	197.0	353.0	232.4	275.3	180.7
8	Oklahoma St	237.1	249.7	211.0	253.6	225.3	206.2
9	Central FL	231.7	203.0	88.0	260.6	202.9	142.5
10	W Kentucky	216.2	234.7	226.0	256.0	208.2	67.0
11	LSU	214.1	189.3	152.0	246.6	181.7	165.8
12	Houston	211.2	134.7	32.0	153.0	216.5	169.1
13	LA Monroe	210.7	225.7	196.0	241.8	193.0	153.2
14	Texas	207.5	237.0	300.0	213.3	202.6	166.2
15	Texas A&M	207.5	156.0	164.0	229.2	185.8	208.8
16	Fresno St	206.3	261.7	286.0	200.2	210.7	180.0
17	Nevada	204.2	161.3	73.0	190.2	214.1	170.6
18	Toledo	203.9	201.3	66.0	244.8	154.8	150.5
19	Washington	203.1	273.3	261.0	190.6	217.7	127.9
20	Ohio State	202.3	184.7	145.0	193.3	211.3	169.8
21	Florida	200.2	221.3	230.0	208.4	190.5	150.6
22	Kent State	200.0	156.3	217.0	202.5	198.6	158.4
23	Michigan St	198.2	155.7	172.0	212.8	185.6	129.2
24	USC	198.0	236.0	344.0	165.5	225.9	130.8
25	Wisconsin	196.4	249.7	192.0	234.0	158.8	166.1
26	Rutgers	194.4	185.0	291.0	155.6	248.8	177.2
27	Penn State	193.8	213.0	270.0	208.3	176.8	130.1
28	S Mississippi	192.6	252.3	217.0	176.2	204.3	163.2
29	Tulane	192.0	194.3	108.0	148.2	244.6	91.7
30	Oklahoma	190.7	216.7	177.0	216.4	165.0	177.1
31	S Florida	189.2	170.3	88.0	168.0	204.3	132.3
32	Central Mich	186.8	222.3	143.0	200.8	180.7	129.4
33	Kansas	186.1	116.3	95.0	225.3	146.8	173.5
34	GA Tech	185.1	158.3	161.0	160.5	209.7	161.3
35	E Carolina	182.9	216.3	322.0	138.0	221.4	115.5
36	Troy	182.6	226.3	175.0	170.0	191.6	119.4
37	Georgia	180.4	187.3	160.0	200.3	160.5	126.7
38	Arkansas St	176.0	178.0	242.0	208.3	143.7	167.7
39	Oregon St	174.9	235.7	275.0	184.4	168.1	111.2
40	Tulsa	172.9	140.3	238.0	168.0	176.6	161.0
41	S Methodist	171.3	245.7	189.0	197.5	145.2	118.9
42	Missouri	171.3	190.7	323.0	199.6	153.6	140.6
43	Clemson	170.5	150.0	189.0	144.7	196.3	217.8
44	Boise State	169.4	116.7	98.0	187.0	151.8	214.1
45	California	167.9	152.3	202.0	197.7	142.4	160.2
46	Utah	167.5	155.3	213.0	172.8	162.9	134.4
47	Minnesota	165.1	123.0	149.0	178.8	148.6	159.0
48	TX Christian	165.0	247.7	116.0	184.5	148.3	185.8
49	Auburn	160.4	146.0	190.0	181.0	131.6	148.2
50	E Michigan	160.3	233.3	214.0	182.5	147.6	105.8
51	Colorado St	160.0	160.0	152.0	176.0	158.4	69.9
52	Connecticut	159.6	167.7	115.0	198.8	120.3	161.5
53	Michigan	158.2	71.0	151.0	195.0	106.6	175.5
54	UCLA	153.4	120.3	193.0	165.0	143.4	129.8
55	Indiana	152.4	164.0	179.0	182.5	122.3	117.3
56	LA Tech	152.1	91.3	55.0	170.2	141.7	126.2
57	Idaho	150.9	146.7	237.0	166.6	137.8	109.9
58	Vanderbilt	149.1	128.7	16.0	162.4	125.8	146.9
59	Ball State	148.8	131.0	168.0	162.2	140.5	99.0
60	Marshall	146.7	184.0	177.0	178.0	120.7	153.8
61	Pittsburgh	146.7	121.0	158.0	154.2	137.8	121.0
62	Miami (FL)	145.6	58.7	83.0	193.1	79.0	97.4
63	Ohio	145.5	140.0	81.0	144.5	146.1	154.2
64	Colorado	144.8	169.7	75.0	153.3	137.4	178.9
65	Nebraska	144.4	129.3	126.0	172.4	105.2	163.5
66	Kentucky	144.4	102.0	143.0	157.9	125.6	92.2
67	Wake Forest	143.3	143.7	144.0	172.2	118.6	146.4
68	TX El Paso	142.4	85.3	28.0	156.6	130.5	59.1
69	BYU	141.2	179.7	73.0	104.0	144.6	142.5
70	UNLV	140.7	126.0	91.0	163.3	118.0	81.8
71	Tennessee	139.0	94.3	66.0	171.6	106.4	108.0
72	Arizona St	137.0	45.0	22.0	155.5	107.4	170.2
73	Virginia	136.5	158.7	249.0	125.7	145.9	99.9
74	Louisville	135.6	135.7	240.0	157.4	117.5	185.3
75	Alabama	135.6	135.7	132.0	134.5	136.7	123.1
76	Middle Tenn	134.8	109.7	93.0	148.4	125.0	127.6
77	Memphis	134.0	192.7	117.0	142.0	126.0	112.8
78	Cincinnati	133.9	89.3	71.0	122.2	142.3	134.0
79	VA Tech	133.7	121.3	135.0	144.2	124.7	111.1
80	Wyoming	131.4	48.3	99.0	150.7	112.2	132.3
81	Miami (OH)	130.6	105.0	52.0	167.2	99.3	86.7
82	Maryland	130.5	120.0	19.0	107.8	146.7	122.9
83	Buffalo	130.4	103.7	49.0	180.4	94.7	90.2
84	Akron	130.3	130.0	113.0	143.8	123.6	83.8
85	New Mexico	130.1	148.7	194.0	151.7	108.5	114.9
86	N Illinois	129.0	127.7	-1.0	137.0	124.4	152.3
87	Florida St	127.5	152.3	204.0	163.8	104.8	96.5
88	Iowa	126.2	119.0	148.0	149.3	103.2	133.2
89	Fla Atlantic	126.0	161.3	115.0	143.6	115.0	101.9
90	Mississippi	125.7	158.3	204.0	137.2	112.0	119.3
91	W Michigan	125.5	130.3	162.0	122.2	128.3	134.7
92	Utah State	124.9	134.0	154.0	113.2	133.3	114.8
93	Purdue	124.2	97.3	41.0	142.5	106.0	119.1
94	Bowling Grn	123.6	129.0	46.0	159.0	101.5	176.7
95	Kansas St	122.6	128.0	126.0	162.6	89.3	121.1
96	Miss State	120.7	66.7	39.0	101.2	134.6	92.5
97	Iowa State	119.9	99.3	52.0	122.5	116.8	103.6
98	Florida Intl	119.1	164.3	116.0	131.2	110.4	56.8
99	North Texas	118.8	169.3	92.0	155.0	92.9	117.0
100	Wash State	115.9	101.7	110.0	137.8	100.3	128.3
101	Northwestern	115.8	116.7	69.0	145.0	80.8	138.0
102	Stanford	111.2	136.0	120.0	130.9	71.8	65.1
103	Rice	110.4	121.0	159.0	109.8	110.8	131.0
104	S Carolina	103.7	91.0	80.0	96.3	112.6	142.6
105	San Diego St	101.5	79.7	68.0	86.4	114.2	116.5
106	UAB	101.1	126.7	107.0	92.2	106.1	125.6
107	N Carolina	99.1	88.3	174.0	128.0	75.0	107.2
108	Boston Col	97.7	68.0	27.0	131.5	68.7	110.8
109	Army	91.2	120.0	100.0	115.2	77.4	113.9
110	San Jose St	90.0	127.0	86.0	113.0	76.9	176.3
111	Temple	86.6	54.0	54.0	67.7	105.5	53.7
112	N Mex State	83.5	88.0	96.0	97.6	71.8	66.8
113	Baylor	82.4	114.7	83.0	67.0	95.2	42.0
114	NC State	79.5	78.0	10.0	84.5	73.6	111.8
115	Notre Dame	75.3	131.7	117.0	99.7	41.2	125.7
116	Hawaii	69.1	56.7	-5.0	85.2	55.7	123.8
117	Duke	67.9	103.3	145.0	56.2	76.3	102.5
118	Arizona	66.0	76.0	44.0	114.6	25.5	67.9
119	Syracuse	62.8	45.0	-15.0	65.1	59.4	106.9
120	Texas Tech	56.4	32.3	34.0	61.2	53.0	77.1
