1	Rice	306.5	285.0	257.0	321.4	294.2	316.7
2	Texas	299.2	276.7	264.0	324.0	274.3	233.3
3	Navy	282.8	350.0	269.0	289.2	276.4	332.0
4	Air Force	269.8	357.0	373.0	257.0	289.0	271.5
5	W Virginia	258.9	229.7	238.0	290.4	232.7	203.5
6	Minnesota	256.9	244.3	323.0	322.0	202.7	289.2
7	California	256.8	283.7	221.0	277.2	242.1	168.3
8	Louisville	250.4	300.7	329.0	243.6	255.3	227.4
9	N Illinois	243.0	237.3	219.0	242.0	243.6	160.0
10	Virginia	242.8	218.3	260.0	267.5	218.2	130.5
11	Michigan St	238.5	286.3	268.0	255.0	222.0	98.7
12	Utah	237.4	245.7	139.0	270.3	204.5	160.5
13	Oklahoma St	237.0	210.0	149.0	233.5	240.5	213.9
14	Boise State	229.8	217.7	88.0	237.7	218.8	143.8
15	Fresno St	224.3	271.3	222.0	311.5	174.4	157.5
16	Memphis	211.6	236.7	140.0	278.0	173.7	181.9
17	Oklahoma	208.4	222.0	128.0	212.3	203.8	146.7
18	LA Tech	200.2	222.3	242.0	259.6	157.9	140.7
19	North Texas	196.9	219.7	123.0	244.5	169.7	177.5
20	LSU	193.9	257.7	118.0	213.9	166.0	188.8
21	Wake Forest	193.1	177.3	149.0	185.8	200.4	203.2
22	S Florida	188.1	188.7	146.0	216.8	159.4	106.9
23	Tennessee	185.8	223.3	241.0	174.1	199.3	139.4
24	UCLA	184.9	123.3	126.0	146.7	223.2	91.8
25	Arkansas	184.8	186.3	95.0	193.9	169.0	241.9
26	Alabama	181.7	59.3	46.0	198.5	161.6	159.0
27	Syracuse	180.3	204.7	70.0	228.0	146.3	185.5
28	Auburn	179.1	123.0	110.0	189.9	164.0	175.6
29	New Mexico	178.9	210.0	212.0	164.0	189.6	220.5
30	USC	178.8	172.3	199.0	167.3	188.7	155.9
31	Army	175.9	113.0	149.0	178.2	174.0	63.5
32	Kansas St	173.8	214.0	257.0	195.2	141.8	226.2
33	UNLV	173.2	156.7	81.0	193.8	156.0	133.4
34	Northwestern	172.1	187.0	216.0	176.7	167.5	212.2
35	Cincinnati	171.9	127.7	168.0	228.2	131.7	159.3
36	Troy	170.1	196.0	170.0	228.0	137.0	143.4
37	Temple	169.4	214.0	120.0	164.0	174.8	125.1
38	S Carolina	168.7	141.3	66.0	159.7	179.6	161.4
39	Central Mich	167.4	139.0	223.0	192.2	150.8	185.9
40	Texas A&M	167.2	96.7	77.0	201.5	133.0	177.2
41	VA Tech	167.2	124.0	76.0	169.8	164.7	201.5
42	Bowling Grn	166.6	172.0	223.0	201.8	146.6	179.9
43	TX Christian	166.2	181.3	197.0	189.8	137.8	201.7
44	Missouri	165.0	147.0	208.0	182.5	144.0	238.8
45	E Michigan	164.2	155.7	156.0	205.6	122.8	127.0
46	Wisconsin	164.2	106.0	60.0	206.3	122.0	177.0
47	Miss State	162.0	115.3	70.0	207.7	93.5	118.7
48	N Carolina	161.7	187.0	105.0	187.0	140.7	150.4
49	Florida St	161.7	127.7	301.0	182.0	141.3	135.2
50	Toledo	160.8	147.7	78.0	144.6	171.0	183.4
51	Mississippi	159.3	204.7	283.0	157.8	161.0	147.2
52	Oregon	158.8	132.0	110.0	166.3	149.8	131.9
53	LA Lafayette	158.3	133.0	186.0	148.2	166.4	106.0
54	Tulsa	158.3	233.3	207.0	183.8	137.0	194.2
55	Nebraska	157.6	154.3	67.0	171.6	143.6	235.6
56	San Jose St	156.9	204.7	190.0	146.0	164.2	102.9
57	Florida	155.9	125.3	144.0	144.5	167.3	132.4
58	Georgia	153.7	105.0	196.0	146.0	160.2	134.9
59	Michigan	153.6	142.3	125.0	166.7	140.5	175.9
60	GA Tech	152.5	132.3	287.0	143.4	160.2	160.5
61	Arkansas St	151.8	167.0	139.0	140.5	158.3	137.2
62	Connecticut	148.8	191.3	159.0	169.3	124.2	182.4
63	Kent State	148.4	225.0	113.0	207.2	109.2	144.8
64	Buffalo	148.1	96.0	61.0	129.6	163.5	173.4
65	LA Monroe	147.8	129.0	122.0	170.0	136.7	87.3
66	UAB	146.7	150.7	169.0	170.0	130.0	124.1
67	S Mississippi	146.1	106.0	170.0	142.8	148.4	122.1
68	NC State	145.8	85.0	160.0	125.6	166.0	101.7
69	Ohio State	145.4	188.3	214.0	171.3	119.5	126.1
70	Vanderbilt	142.4	177.3	106.0	152.0	132.8	132.4
71	Nevada	139.7	107.3	70.0	172.6	112.3	168.2
72	Illinois	139.0	128.3	128.0	152.3	119.0	97.6
73	Houston	138.1	136.3	71.0	197.8	88.3	216.6
74	Iowa State	136.3	199.7	295.0	--	136.3	116.3
75	Indiana	133.4	137.7	119.0	149.0	120.3	149.7
76	Penn State	133.2	140.0	192.0	159.5	101.6	122.2
77	Idaho	131.7	162.3	92.0	190.2	102.4	127.9
78	Wash State	131.5	205.0	153.0	100.0	157.7	115.0
79	Miami (FL)	131.2	104.0	106.0	120.5	141.8	180.7
80	TX El Paso	130.1	126.7	34.0	148.6	114.7	169.5
81	Boston Col	129.1	160.7	228.0	105.8	142.4	181.9
82	Notre Dame	127.4	144.3	59.0	131.5	123.3	158.9
83	Purdue	127.2	127.3	89.0	157.2	97.3	148.9
84	S Methodist	125.2	160.3	122.0	158.6	97.3	129.3
85	Colorado	124.6	117.0	157.0	147.7	104.9	93.5
86	Arizona St	121.8	144.7	203.0	127.0	116.7	115.5
87	Washington	121.6	85.0	71.0	161.5	73.8	119.5
88	Maryland	119.5	79.3	131.0	110.0	130.8	183.8
89	Wyoming	116.9	80.3	76.0	182.8	62.0	89.3
90	Arizona	116.6	108.7	149.0	103.5	136.2	123.8
91	Tulane	115.9	130.0	53.0	159.4	72.4	136.9
92	Ball State	114.3	135.3	115.0	131.0	100.3	119.8
93	San Diego St	114.2	165.3	109.0	136.2	99.5	101.0
94	Miami (OH)	114.1	105.7	60.0	136.0	103.1	155.6
95	N Mex State	112.8	142.3	114.0	147.0	85.4	196.8
96	Marshall	112.7	118.3	-3.0	161.0	78.1	190.5
97	Colorado St	111.3	153.7	108.0	125.2	97.4	185.1
98	Middle Tenn	110.5	123.3	139.0	142.0	89.5	141.1
99	Kentucky	107.7	107.7	105.0	136.7	73.0	125.2
100	Clemson	107.4	136.0	162.0	124.5	86.8	137.9
101	BYU	104.5	108.7	81.0	103.7	105.4	100.4
102	Hawaii	101.7	99.0	84.0	119.6	65.8	104.7
103	Baylor	99.1	103.7	26.0	97.2	101.0	106.8
104	W Michigan	98.7	72.7	79.0	92.5	102.8	74.9
105	Pittsburgh	97.6	71.0	17.0	119.4	79.5	117.5
106	Kansas	97.5	89.0	135.0	105.5	87.8	158.9
107	Akron	97.3	64.7	10.0	111.8	85.2	136.9
108	Central FL	97.0	115.3	72.0	83.6	108.2	100.6
109	Ohio	96.0	120.3	138.0	113.0	84.7	181.5
110	Texas Tech	93.0	115.3	74.0	96.6	90.4	107.5
111	E Carolina	92.8	71.0	30.0	134.8	57.8	138.3
112	Duke	86.9	45.0	53.0	63.0	102.8	168.2
113	Rutgers	86.8	64.7	88.0	105.4	68.2	138.8
114	Stanford	81.2	20.7	24.0	90.5	70.0	95.8
115	Utah State	76.3	123.3	204.0	48.0	79.1	108.3
116	Iowa	71.2	43.0	47.0	107.0	35.3	172.9
117	Oregon St	70.5	46.7	20.0	100.8	48.9	124.9
