1	Navy	332.0	392.7	289.0	388.2	299.9	292.2
2	Rice	316.7	474.0	672.0	300.8	324.6	247.7
3	Minnesota	289.2	250.7	241.0	320.7	252.3	210.4
4	Air Force	271.5	240.3	191.0	324.6	227.3	298.4
5	Arkansas	241.9	274.3	300.0	237.7	245.6	223.1
6	Missouri	238.8	245.7	252.0	342.8	164.6	183.7
7	Nebraska	235.6	215.7	229.0	266.6	216.2	229.3
8	Texas	233.3	243.7	131.0	193.7	279.5	162.4
9	Louisville	227.4	380.0	--	229.3	225.5	108.9
10	Kansas St	226.2	247.7	84.0	212.5	237.9	251.0
11	New Mexico	220.5	305.0	--	203.0	241.4	175.5
12	Houston	216.6	263.0	185.0	230.3	204.9	170.2
13	Oklahoma St	213.9	229.3	110.0	271.8	156.0	146.2
14	Northwestern	212.2	306.0	357.0	158.3	258.4	158.9
15	W Virginia	203.5	186.3	155.0	230.9	171.5	275.5
16	Wake Forest	203.2	234.0	316.0	195.4	214.2	241.2
17	TX Christian	201.7	181.0	--	187.3	216.0	194.2
18	VA Tech	201.5	169.0	153.0	230.8	172.2	221.4
19	N Mex State	196.8	165.0	163.0	184.7	201.4	216.8
20	Tulsa	194.2	183.0	56.0	223.0	173.7	123.3
21	Marshall	190.5	213.7	290.0	253.8	154.3	132.9
22	LSU	188.8	234.0	159.0	170.7	204.4	177.7
23	Central Mich	185.9	219.0	283.0	180.2	189.7	211.3
24	Syracuse	185.5	149.0	247.0	240.0	120.2	180.5
25	Colorado St	185.1	166.0	148.0	172.2	198.0	213.4
26	Maryland	183.8	223.3	141.0	211.0	164.3	194.8
27	Toledo	183.4	185.3	198.0	167.6	196.5	215.1
28	Connecticut	182.4	182.3	223.0	166.0	196.0	121.7
29	Boston Col	181.9	193.0	135.0	164.5	196.9	159.1
30	Memphis	181.9	147.3	88.0	158.0	205.8	104.5
31	Ohio	181.5	136.0	101.0	199.8	166.3	246.6
32	Miami (FL)	180.7	239.3	218.0	186.8	171.0	170.8
33	Bowling Grn	179.9	119.7	88.0	194.8	169.3	214.2
34	North Texas	177.5	213.7	122.0	248.6	133.1	175.5
35	Texas A&M	177.2	83.7	121.0	225.1	110.2	118.2
36	Wisconsin	177.0	158.0	58.0	175.0	179.3	185.3
37	Michigan	175.9	145.3	49.0	234.3	107.8	148.8
38	Auburn	175.6	175.7	197.0	226.7	124.5	191.9
39	Buffalo	173.4	177.3	262.0	142.0	199.5	131.0
40	Iowa	172.9	191.0	238.0	195.3	146.8	206.7
41	TX El Paso	169.5	132.0	128.0	172.2	167.3	145.4
42	California	168.3	230.3	136.0	224.5	126.1	108.0
43	Duke	168.2	208.0	254.0	167.3	169.2	158.4
44	Nevada	168.2	135.0	149.0	147.0	185.8	145.1
45	S Carolina	161.4	158.3	153.0	171.0	142.2	167.0
46	Utah	160.5	154.3	104.0	167.0	154.0	160.7
47	GA Tech	160.5	211.0	371.0	135.0	182.3	163.6
48	N Illinois	160.0	207.3	188.0	211.2	130.7	193.2
49	Cincinnati	159.3	107.0	203.0	219.8	108.8	138.1
50	Alabama	159.0	109.0	151.0	175.6	132.4	213.2
51	Kansas	158.9	178.7	220.0	151.8	162.5	124.2
52	Notre Dame	158.9	195.3	62.0	171.3	146.5	139.4
53	Fresno St	157.5	124.0	156.0	182.4	142.0	137.7
54	USC	155.9	100.3	68.0	139.7	174.8	128.8
55	Miami (OH)	155.6	121.5	--	168.6	147.5	124.4
56	N Carolina	150.4	190.3	86.0	145.5	155.3	103.1
57	Indiana	149.7	214.7	196.0	173.8	129.7	117.7
58	Purdue	148.9	112.7	59.0	194.0	96.3	190.2
59	Mississippi	147.2	105.3	190.0	158.0	134.5	110.8
60	Oklahoma	146.7	71.0	52.0	180.3	121.5	177.0
61	Kent State	144.8	235.0	239.0	140.6	148.3	182.8
62	Boise State	143.8	120.0	--	169.4	125.4	214.2
63	Troy	143.4	155.7	42.0	148.0	142.2	122.7
64	Middle Tenn	141.1	130.7	76.0	140.6	141.5	214.9
65	LA Tech	140.7	147.0	97.0	152.5	134.8	109.6
66	Tennessee	139.4	120.0	38.0	167.6	106.5	150.5
67	Rutgers	138.8	132.7	167.0	159.8	117.8	51.1
68	E Carolina	138.3	179.0	108.0	143.5	133.2	124.0
69	Clemson	137.9	178.3	153.0	154.2	121.7	120.7
70	Arkansas St	137.2	118.3	124.0	157.0	132.2	167.8
71	Tulane	136.9	143.3	82.0	113.6	156.3	103.7
72	Akron	136.9	143.3	98.0	125.8	144.3	131.8
73	Florida St	135.2	180.7	110.0	141.8	129.6	189.6
74	Georgia	134.9	89.7	113.0	133.8	135.8	132.1
75	UNLV	133.4	144.7	235.0	110.0	156.8	217.3
76	Florida	132.4	147.3	57.0	141.2	126.1	136.2
77	Vanderbilt	132.4	168.0	125.0	146.0	116.0	158.0
78	Oregon	131.9	113.3	77.0	145.7	120.1	142.8
79	Virginia	130.5	131.7	196.0	121.2	138.4	130.4
80	S Methodist	129.3	140.3	122.0	124.2	134.5	182.2
81	Idaho	127.9	164.7	143.0	96.2	149.0	114.4
82	E Michigan	127.0	181.7	155.0	154.2	99.8	95.9
83	Ohio State	126.1	109.0	148.0	124.9	128.0	191.3
84	Kentucky	125.2	98.0	51.0	140.8	106.4	148.5
85	Temple	125.1	168.3	176.0	108.2	136.3	135.5
86	Oregon St	124.9	41.0	--	147.8	97.4	146.6
87	UAB	124.1	174.3	276.0	140.2	112.6	132.7
88	Arizona	123.8	137.7	113.0	135.9	107.0	42.5
89	Penn State	122.2	108.7	55.0	161.4	67.2	228.6
90	S Mississippi	122.1	103.3	69.0	158.2	91.1	150.1
91	Ball State	119.8	96.7	116.0	118.0	121.3	171.4
92	Washington	119.5	71.0	78.0	164.2	87.6	74.8
93	Miss State	118.7	105.7	101.0	103.2	134.2	114.2
94	Pittsburgh	117.5	142.3	148.0	101.8	131.0	143.1
95	Iowa State	116.3	125.7	178.0	112.7	120.6	139.0
96	Arizona St	115.5	120.0	203.0	136.4	98.2	93.3
97	Wash State	115.0	140.7	157.0	103.0	122.5	128.5
98	Utah State	108.3	120.7	114.0	128.2	98.4	84.1
99	Texas Tech	107.5	118.3	64.0	107.0	108.0	101.0
100	S Florida	106.9	119.7	25.0	125.2	92.2	123.2
101	Baylor	106.8	118.7	170.0	136.8	70.8	90.7
102	LA Lafayette	106.0	153.3	139.0	129.2	86.7	61.2
103	Hawaii	104.7	117.0	114.0	121.4	85.2	105.5
104	San Jose St	102.9	109.3	97.0	121.8	90.3	107.8
105	NC State	101.7	120.7	172.0	134.8	68.5	138.2
106	San Diego St	101.0	130.3	132.0	104.2	98.8	68.6
107	Central FL	100.6	89.3	22.0	160.0	66.7	113.8
108	BYU	100.4	96.7	115.0	88.2	109.1	125.6
109	Michigan St	98.7	77.3	18.0	77.5	102.5	142.4
110	Illinois	97.6	119.7	122.0	103.2	93.0	164.9
111	Stanford	95.8	28.3	20.0	105.5	90.3	132.3
112	Colorado	93.5	87.7	64.0	92.8	94.2	237.8
113	UCLA	91.8	52.0	67.0	109.2	77.0	127.5
114	Wyoming	89.3	52.3	74.0	98.0	82.0	90.4
115	LA Monroe	87.3	78.7	37.0	78.0	91.3	140.5
116	W Michigan	74.9	116.3	39.0	114.5	52.3	114.5
117	Army	63.5	51.0	83.0	59.3	67.1	108.8
