1	Nevada	345.5	320.0	137.0	396.5	301.7	264.8
2	GA Tech	292.4	227.0	143.0	308.8	282.1	283.8
3	Navy	283.5	273.0	385.0	280.2	285.5	270.2
4	Air Force	267.6	348.3	402.0	266.0	268.7	253.0
5	TX Christian	235.7	197.7	36.0	287.6	198.6	211.7
6	Oregon	231.7	214.0	179.0	273.0	183.5	280.1
7	UAB	229.9	196.3	205.0	254.8	212.1	161.8
8	Miss State	226.6	252.7	317.0	202.2	256.0	91.1
9	Fresno St	222.2	202.0	197.0	252.0	207.2	182.2
10	Stanford	218.2	204.3	145.0	237.9	195.3	199.6
11	Florida	210.5	192.0	177.0	219.5	202.7	218.6
12	VA Tech	208.2	242.3	229.0	222.0	196.3	167.7
13	Alabama	207.5	176.3	205.0	207.5	207.6	184.6
14	Auburn	206.2	152.0	190.0	227.3	176.6	122.9
15	Army	205.2	167.3	110.0	217.6	194.8	248.1
16	Wisconsin	199.3	190.0	170.0	185.4	209.3	213.4
17	Ohio State	195.9	211.0	153.0	197.6	194.0	187.6
18	Boise State	193.2	166.0	77.0	167.8	215.0	145.8
19	N Illinois	191.1	112.3	108.0	242.0	154.7	162.1
20	Temple	191.0	217.7	123.0	176.6	201.3	96.8
21	Kentucky	187.7	150.3	167.0	153.7	221.7	113.3
22	Utah State	186.5	227.0	163.0	187.2	186.1	138.2
23	Middle Tenn	186.0	199.0	243.0	211.8	163.9	106.7
24	North Texas	185.1	187.0	140.0	193.7	176.5	127.8
25	Texas A&M	184.2	224.7	109.0	239.0	120.2	88.5
26	LA Tech	184.1	216.0	240.0	260.8	140.3	182.0
27	W Virginia	184.0	189.3	201.0	198.5	169.5	215.2
28	Illinois	183.7	237.3	331.0	236.4	139.8	148.5
29	Pittsburgh	179.8	156.0	129.0	199.0	160.5	139.1
30	Mississippi	178.9	158.7	193.0	198.6	162.5	185.7
31	Iowa State	177.8	161.0	212.0	175.8	179.3	130.2
32	Oklahoma St	177.3	144.7	140.0	175.9	179.4	228.2
33	W Kentucky	176.3	170.0	114.0	--	176.3	136.3
34	Ball State	172.7	143.3	155.0	162.6	181.2	184.3
35	LA Monroe	169.4	213.7	139.0	214.2	143.7	144.4
36	Connecticut	168.3	159.0	146.0	143.8	185.9	216.3
37	Central Mich	167.6	164.0	109.0	238.0	136.3	130.5
38	USC	166.8	118.7	88.0	188.7	148.1	195.4
39	S Mississippi	165.9	152.0	129.0	198.2	142.9	192.5
40	Idaho	164.3	185.3	212.0	151.7	175.1	123.5
41	Clemson	164.1	183.7	180.0	173.0	156.4	91.5
42	Kansas St	163.8	172.7	140.0	203.5	137.3	128.5
43	S Florida	163.5	175.0	189.0	183.5	152.1	154.2
44	Michigan	161.2	122.0	80.0	195.1	101.8	147.8
45	Utah	160.3	112.3	51.0	189.8	135.0	163.3
46	Memphis	160.2	204.7	268.0	142.2	175.2	188.1
47	Penn State	160.2	164.3	124.0	134.7	195.8	195.2
48	Toledo	159.8	206.7	159.0	209.8	124.1	146.2
49	Tennessee	157.3	144.0	5.0	190.2	104.6	122.9
50	Buffalo	155.6	168.0	139.0	156.8	154.7	132.7
51	Florida St	155.3	168.7	225.0	156.8	154.3	164.0
52	California	154.9	139.7	96.0	170.8	143.6	187.3
53	Colorado St	151.6	188.3	167.0	165.4	140.2	152.2
54	Fla Atlantic	151.6	163.0	186.0	134.2	164.0	138.8
55	TX El Paso	151.2	151.3	72.0	147.3	155.0	122.3
56	Troy	151.2	185.7	169.0	165.0	142.5	155.4
57	E Carolina	149.2	169.0	184.0	128.0	162.5	119.9
58	Georgia	149.1	247.7	208.0	121.8	168.6	143.5
59	Marshall	148.6	199.3	190.0	169.6	133.6	150.4
60	Texas	147.5	130.7	81.0	148.7	146.6	168.8
61	Nebraska	147.1	144.7	223.0	136.3	157.9	170.0
62	BYU	146.2	125.0	123.0	135.8	155.1	138.1
63	Tulsa	142.8	123.7	148.0	114.4	166.5	263.4
64	Arizona	142.2	87.3	63.0	202.6	99.0	158.4
65	Washington	139.0	187.7	177.0	145.9	129.4	98.8
66	Oregon St	138.2	151.3	88.0	139.0	137.7	158.5
67	Purdue	136.1	134.0	124.0	149.9	116.8	125.6
68	Vanderbilt	135.2	101.3	123.0	125.2	143.5	133.6
69	N Mex State	134.2	157.3	142.0	168.8	109.4	43.2
70	Michigan St	133.7	132.0	148.0	131.7	135.7	129.5
71	Houston	132.6	120.0	109.0	--	132.6	162.6
72	Wake Forest	131.8	127.3	127.0	156.2	102.6	121.4
73	Miami (FL)	131.6	149.7	61.0	183.4	94.6	121.3
74	Cincinnati	131.4	55.3	76.0	141.4	124.3	110.7
75	Central FL	131.0	168.0	35.0	159.8	102.2	102.8
76	Arkansas	130.8	104.0	81.0	170.6	102.3	116.9
77	LA Lafayette	130.1	94.3	148.0	129.6	130.5	263.7
78	Boston Col	128.7	105.7	94.0	170.7	86.7	132.1
79	Notre Dame	128.2	98.7	107.0	112.9	149.8	109.7
80	Syracuse	127.6	166.0	129.0	130.0	123.5	137.6
81	Wyoming	127.2	138.0	234.0	114.2	136.4	178.3
82	E Michigan	126.2	141.3	172.0	120.2	130.6	125.5
83	LSU	122.9	76.0	41.0	155.3	85.2	157.5
84	Oklahoma	122.7	83.3	59.0	189.0	75.3	199.8
85	Missouri	121.2	172.3	65.0	111.6	128.1	145.9
86	Indiana	121.1	102.3	196.0	122.6	119.8	159.0
87	Louisville	120.5	54.3	48.0	107.8	131.2	158.2
88	UNLV	118.7	148.0	123.0	105.8	134.2	121.7
89	N Carolina	118.4	112.0	81.0	146.6	94.8	119.2
90	Iowa	116.5	97.7	172.0	100.3	132.7	184.3
91	Arkansas St	115.9	129.7	101.0	161.8	89.7	181.7
92	NC State	114.8	76.0	76.0	127.0	96.5	128.7
93	UCLA	114.6	119.3	93.0	122.5	107.9	83.0
94	S Carolina	113.6	120.0	76.0	147.2	80.0	87.6
95	Rutgers	113.5	130.0	86.0	94.6	129.3	130.9
96	Kent State	112.1	77.0	128.0	130.8	96.5	232.0
97	Arizona St	112.0	96.0	86.0	98.8	127.8	88.6
98	Rice	109.2	177.3	243.0	103.5	115.0	143.7
99	Northwestern	108.9	100.3	89.0	121.8	96.0	140.9
100	W Michigan	107.5	121.7	109.0	125.8	97.0	101.1
101	Akron	106.5	158.7	193.0	147.6	72.2	165.2
102	Ohio	106.3	96.7	12.0	106.4	106.2	117.4
103	S Methodist	106.2	120.3	74.0	134.8	85.7	39.6
104	Florida Intl	105.0	141.7	199.0	--	105.0	98.8
105	Maryland	103.9	129.7	61.0	95.7	113.8	133.5
106	Hawaii	100.4	61.7	17.0	122.7	78.2	91.5
107	New Mexico	100.2	122.7	10.0	136.5	64.0	207.3
108	Minnesota	96.3	73.3	122.0	91.3	101.3	99.9
109	Virginia	96.2	110.0	175.0	109.8	79.8	97.0
110	Tulane	95.7	80.0	129.0	121.4	74.3	118.1
111	Kansas	92.0	65.0	49.0	108.6	78.2	123.9
112	Bowling Grn	88.7	146.0	150.0	93.8	84.3	134.0
113	Colorado	87.9	93.0	134.0	102.2	73.7	127.7
114	Texas Tech	87.7	126.7	119.0	100.2	75.2	113.6
115	Baylor	84.0	64.0	104.0	81.6	86.0	194.7
116	San Diego St	71.9	105.3	104.0	85.4	60.7	77.3
117	Wash State	70.6	59.7	47.0	65.3	75.8	80.0
118	Miami (OH)	70.1	59.3	90.0	47.4	86.3	108.6
119	San Jose St	61.5	92.0	27.0	68.8	55.3	93.1
120	Duke	51.0	49.3	68.0	38.5	59.3	96.0
