1	Navy	319.3	444.0	467.0	311.2	325.1	282.8
2	Texas	274.9	243.7	289.0	278.0	272.3	299.2
3	Minnesota	273.1	218.0	198.0	320.8	225.3	256.9
4	W Virginia	266.4	379.3	382.0	247.4	282.2	258.9
5	USC	260.0	315.7	209.0	310.3	216.9	178.8
6	Memphis	256.1	284.0	346.0	234.4	274.2	211.6
7	LA Lafayette	247.5	326.0	343.0	231.0	258.5	158.3
8	California	237.4	211.3	241.0	200.8	267.8	256.8
9	Texas A&M	234.9	263.7	277.0	254.6	215.2	167.2
10	Rice	234.2	306.0	289.0	264.4	209.0	306.5
11	Air Force	223.8	152.7	28.0	268.6	186.5	269.8
12	Toledo	217.5	198.3	164.0	247.0	200.6	160.8
13	Wash State	212.8	206.3	224.0	235.4	190.2	131.5
14	Missouri	205.2	226.3	203.0	224.5	186.0	165.0
15	Boise State	205.1	185.7	43.0	238.3	171.8	229.8
16	Penn State	203.0	163.7	21.0	230.9	164.0	133.2
17	Michigan St	201.8	138.7	168.0	219.8	180.2	238.5
18	New Mexico	199.5	168.7	227.0	211.6	189.5	178.9
19	Nevada	199.5	266.3	369.0	196.8	202.2	139.7
20	Wake Forest	197.5	217.3	133.0	190.5	206.0	193.1
21	Ohio State	196.7	236.7	275.0	202.9	188.0	145.4
22	N Illinois	196.0	259.3	250.0	242.2	169.6	243.0
23	Northwestern	193.6	207.3	168.0	198.5	188.7	172.1
24	Auburn	192.7	155.0	99.0	157.2	235.4	179.1
25	TX Christian	192.2	220.7	135.0	242.2	156.4	166.2
26	VA Tech	190.8	168.3	187.0	185.8	195.0	167.2
27	Arkansas	190.3	123.7	35.0	225.8	154.8	184.8
28	Louisville	188.5	182.3	127.0	199.3	177.7	250.4
29	S Florida	187.2	122.7	136.0	229.0	163.3	188.1
30	Purdue	186.7	236.7	299.0	167.5	209.8	127.2
31	Arkansas St	185.4	173.7	119.0	220.0	165.6	151.8
32	Utah	178.5	160.0	169.0	172.3	184.7	237.4
33	Oklahoma	177.5	216.0	132.0	221.0	134.0	208.4
34	Ohio	174.1	104.7	157.0	236.8	121.8	96.0
35	Iowa	169.2	155.3	64.0	214.6	131.3	71.2
36	Wisconsin	168.8	174.3	247.0	162.7	174.0	164.2
37	Rutgers	168.3	197.0	158.0	188.6	151.3	86.8
38	Central FL	167.1	184.0	254.0	198.4	147.5	97.0
39	Tulsa	166.0	179.0	196.0	150.0	176.0	158.3
40	Fresno St	166.0	142.3	208.0	166.8	165.4	224.3
41	Georgia	162.2	143.3	224.0	176.8	149.6	153.7
42	Michigan	161.6	126.0	130.0	151.3	176.0	153.6
43	UCLA	160.7	196.3	310.0	159.3	162.0	184.9
44	Central Mich	158.7	143.7	110.0	178.4	142.3	167.4
45	Illinois	158.0	145.0	199.0	190.2	119.4	139.0
46	Connecticut	155.1	130.0	87.0	186.4	123.8	148.8
47	Houston	154.9	140.7	30.0	150.6	158.5	138.1
48	GA Tech	153.8	139.7	127.0	165.3	142.2	152.5
49	Clemson	153.8	143.0	169.0	141.5	166.0	107.4
50	BYU	150.2	179.0	94.0	171.0	132.8	104.5
51	LSU	148.9	151.3	272.0	132.6	160.6	193.9
52	LA Tech	147.5	139.3	147.0	196.8	106.5	200.2
53	San Diego St	147.5	181.0	133.0	177.3	117.7	114.2
54	Notre Dame	147.1	142.3	62.0	117.8	176.3	127.4
55	Florida	146.8	130.3	169.0	145.4	148.6	155.9
56	Arizona St	145.7	172.0	212.0	144.3	147.6	121.8
57	Oklahoma St	145.4	135.3	13.0	180.4	110.4	237.0
58	Boston Col	145.0	166.0	127.0	161.3	128.7	129.1
59	Army	144.3	199.7	82.0	150.4	138.2	175.9
60	Bowling Grn	143.7	157.3	180.0	161.2	129.2	166.6
61	W Michigan	143.3	139.7	104.0	151.5	137.8	98.7
62	North Texas	143.0	153.7	175.0	146.6	140.0	196.9
63	Virginia	142.6	109.3	103.0	142.5	142.7	242.8
64	Alabama	142.5	91.7	145.0	127.3	163.8	181.7
65	LA Monroe	142.3	159.7	66.0	119.8	157.3	147.8
66	UAB	141.7	169.7	130.0	119.2	156.7	146.7
67	Oregon	138.6	124.0	84.0	130.8	145.2	158.8
68	Kansas St	138.4	161.3	224.0	153.0	120.8	173.8
69	Miami (FL)	137.6	78.0	53.0	157.0	118.2	131.2
70	E Carolina	137.5	166.7	135.0	155.0	122.8	92.8
71	Washington	135.2	150.3	99.0	79.7	201.8	121.6
72	Maryland	134.8	104.3	30.0	117.0	149.7	119.5
73	San Jose St	133.7	224.0	204.0	170.0	109.5	156.9
74	Miami (OH)	132.9	69.7	124.0	126.8	138.0	114.1
75	Indiana	132.9	106.7	145.0	161.8	104.0	133.4
76	S Methodist	132.7	211.0	229.0	176.2	80.6	125.2
77	Marshall	129.6	149.0	57.0	143.0	116.2	112.7
78	Tennessee	128.3	175.7	150.0	151.2	100.8	185.8
79	Kansas	127.4	146.7	198.0	132.8	120.8	97.5
80	Kentucky	127.2	118.3	46.0	104.8	149.6	107.7
81	Oregon St	127.1	102.7	119.0	124.2	130.0	70.5
82	Miss State	126.5	145.3	304.0	135.8	117.2	162.0
83	Troy	123.5	85.0	74.0	83.8	150.0	170.1
84	Colorado St	121.7	154.3	141.0	182.0	78.6	111.3
85	E Michigan	121.4	124.0	169.0	146.4	100.5	164.2
86	Utah State	119.8	153.0	213.0	91.8	135.9	76.3
87	NC State	119.5	133.0	173.0	127.7	109.8	145.8
88	TX El Paso	118.5	102.0	63.0	136.2	103.8	130.1
89	Cincinnati	118.5	42.7	-23.0	181.8	76.3	171.9
90	Wyoming	117.5	121.0	51.0	127.4	109.2	116.9
91	Duke	116.3	70.0	81.0	122.8	109.8	86.9
92	Arizona	115.1	188.7	164.0	146.6	83.6	116.6
93	Fla Atlantic	114.5	141.0	82.0	160.2	88.3	119.8
94	Iowa State	112.4	42.0	34.0	--	112.4	136.3
95	Ball State	110.6	73.0	74.0	115.0	108.1	114.3
96	Middle Tenn	110.4	94.0	107.0	114.6	106.8	110.5
97	Colorado	110.2	50.7	17.0	133.7	90.0	124.6
98	Baylor	109.4	78.3	46.0	82.5	127.3	99.1
99	Buffalo	109.0	119.3	172.0	139.2	83.8	148.1
100	UNLV	108.0	65.7	190.0	131.0	88.8	173.2
101	Akron	107.3	104.3	47.0	128.4	94.1	97.3
102	Syracuse	106.5	101.0	43.0	113.3	98.2	180.3
103	Pittsburgh	106.4	86.7	122.0	125.8	87.0	97.6
104	Florida Intl	104.0	151.3	124.0	156.3	77.8	147.0
105	S Mississippi	103.5	140.7	192.0	85.0	114.1	146.1
106	Vanderbilt	102.9	75.3	49.0	121.0	84.8	142.4
107	N Carolina	101.5	96.0	36.0	110.8	90.2	161.7
108	S Carolina	95.2	143.0	142.0	111.0	73.0	168.7
109	Tulane	95.1	107.7	111.0	88.3	98.0	115.9
110	Stanford	94.1	24.3	-11.0	55.0	133.2	81.2
111	Nebraska	93.7	116.3	151.0	95.7	91.4	157.6
112	Texas Tech	92.2	92.3	103.0	130.0	67.0	93.0
113	Hawaii	92.0	140.3	262.0	117.3	56.6	101.7
114	Florida St	88.2	34.3	7.0	116.6	68.0	161.7
115	Temple	82.0	73.7	136.0	106.4	61.7	169.4
116	Idaho	80.6	106.0	165.0	84.2	78.6	131.7
117	N Mex State	78.0	56.0	117.0	93.8	62.2	112.8
118	Mississippi	69.4	16.0	31.0	82.2	56.6	159.3
119	Kent State	48.1	32.3	109.0	28.0	61.5	148.4
