1	GA Tech	283.8	347.7	162.0	315.6	257.3	185.1
2	Oregon	280.1	299.3	307.0	287.8	273.4	252.2
3	Navy	270.2	283.7	221.0	290.8	260.0	349.3
4	Nevada	264.8	120.3	114.0	259.6	268.6	204.2
5	LA Lafayette	263.7	185.0	152.0	236.4	283.1	260.1
6	Tulsa	263.4	282.7	441.0	284.7	245.1	172.9
7	Air Force	253.0	238.3	243.0	222.8	274.6	301.2
8	Army	248.1	260.0	102.0	211.6	278.5	91.2
9	Kent State	232.0	256.0	312.0	226.0	235.4	200.0
10	Oklahoma St	228.2	181.0	119.0	272.0	184.3	237.1
11	Florida	218.6	236.0	249.0	215.5	221.3	200.2
12	Connecticut	216.3	241.0	358.0	220.8	213.1	159.6
13	W Virginia	215.2	140.7	123.0	203.5	227.0	297.2
14	Wisconsin	213.4	252.7	201.0	194.7	232.2	196.4
15	TX Christian	211.7	216.7	275.0	229.6	198.9	165.0
16	New Mexico	207.3	165.3	155.0	222.8	191.8	130.1
17	Oklahoma	199.8	179.0	107.0	184.0	209.6	190.7
18	Stanford	199.6	170.7	123.0	249.2	164.1	111.2
19	USC	195.4	148.3	61.0	195.7	195.1	198.0
20	Penn State	195.2	153.3	137.0	223.7	166.8	193.8
21	Baylor	194.7	233.0	229.0	214.2	171.4	82.4
22	S Mississippi	192.5	145.3	146.0	258.8	135.6	192.6
23	Memphis	188.1	189.0	66.0	218.2	158.0	134.0
24	Ohio State	187.6	246.7	203.0	171.5	203.7	202.3
25	California	187.3	311.7	217.0	223.9	144.7	167.9
26	Mississippi	185.7	181.7	223.0	223.0	148.3	125.7
27	Alabama	184.6	133.7	31.0	200.9	168.4	135.6
28	Iowa	184.3	217.0	181.0	189.2	179.5	126.2
29	Ball State	184.3	137.3	81.0	176.2	189.4	148.8
30	Fresno St	182.2	167.3	248.0	209.8	165.0	206.3
31	LA Tech	182.0	167.7	92.0	224.8	151.4	152.1
32	Arkansas St	181.7	183.7	160.0	201.0	170.7	176.0
33	Wyoming	178.3	175.7	209.0	210.5	139.6	131.4
34	Nebraska	170.0	214.3	125.0	150.9	200.6	144.4
35	Texas	168.8	151.3	72.0	203.6	128.3	207.5
36	VA Tech	167.7	208.0	258.0	205.2	144.2	133.7
37	Akron	165.2	161.0	165.0	168.2	163.1	130.3
38	Florida St	164.0	136.0	134.0	126.4	195.3	127.5
39	Utah	163.3	107.0	17.0	199.0	142.9	167.5
40	Houston	162.6	174.3	163.0	--	162.6	211.2
41	N Illinois	162.1	170.7	153.0	176.6	151.7	129.0
42	UAB	161.8	184.7	140.0	205.8	136.7	101.1
43	Indiana	159.0	126.0	122.0	187.7	108.8	152.4
44	Oregon St	158.5	111.7	80.0	184.7	136.0	174.9
45	Arizona	158.4	111.7	91.0	171.0	143.7	66.0
46	Louisville	158.2	122.0	48.0	184.7	111.8	135.6
47	LSU	157.5	115.7	149.0	165.4	146.4	214.1
48	Troy	155.4	206.7	73.0	203.8	131.2	182.6
49	S Florida	154.2	174.0	232.0	134.8	168.0	189.2
50	Colorado St	152.2	233.3	362.0	131.2	167.1	160.0
51	Marshall	150.4	196.7	260.0	184.6	121.8	146.7
52	Illinois	148.5	150.7	123.0	169.4	131.2	255.1
53	Michigan	147.8	174.7	111.0	127.4	176.2	158.2
54	Toledo	146.2	217.0	129.0	176.7	115.8	203.9
55	Missouri	145.9	120.3	111.0	151.4	142.5	171.3
56	Boise State	145.8	114.7	28.0	150.8	142.1	169.4
57	LA Monroe	144.4	160.3	173.0	200.2	112.4	210.7
58	Rice	143.7	158.0	135.0	166.0	124.6	110.4
59	Georgia	143.5	101.3	87.0	154.6	135.6	180.4
60	Northwestern	140.9	80.0	72.0	167.5	114.3	115.8
61	Pittsburgh	139.1	122.0	89.0	131.3	145.7	146.7
62	Fla Atlantic	138.8	103.3	112.0	185.8	117.9	126.0
63	Utah State	138.2	149.7	241.0	184.8	91.5	124.9
64	BYU	138.1	152.0	116.0	--	138.1	141.2
65	Syracuse	137.6	139.3	152.0	139.2	136.3	62.8
66	W Kentucky	136.3	77.0	42.0	201.2	93.0	216.2
67	Bowling Grn	134.0	175.3	294.0	140.4	129.4	123.6
68	Vanderbilt	133.6	73.3	79.0	128.3	138.1	149.1
69	Maryland	133.5	119.0	258.0	168.8	98.2	130.5
70	Buffalo	132.7	88.0	24.0	154.0	116.8	130.4
71	Boston Col	132.1	120.3	141.0	139.7	125.6	97.7
72	Rutgers	130.9	168.0	118.0	152.5	109.3	194.4
73	Central Mich	130.5	141.7	127.0	140.0	125.8	186.8
74	Iowa State	130.2	156.7	164.0	130.6	129.8	119.9
75	Michigan St	129.5	70.7	31.0	143.6	113.0	198.2
76	NC State	128.7	170.3	95.0	118.8	138.5	79.5
77	Kansas St	128.5	141.7	172.0	128.5	128.4	122.6
78	North Texas	127.8	125.0	110.0	138.2	120.4	118.8
79	Colorado	127.7	107.7	42.0	152.8	106.8	144.8
80	Purdue	125.6	103.7	117.0	142.8	105.0	124.2
81	E Michigan	125.5	106.3	100.0	133.2	121.1	160.3
82	Kansas	123.9	70.3	101.0	148.8	99.0	186.1
83	Idaho	123.5	124.0	49.0	149.8	101.5	150.9
84	Tennessee	122.9	177.7	210.0	131.0	111.6	139.0
85	Auburn	122.9	85.3	57.0	133.3	110.4	160.4
86	TX El Paso	122.3	97.7	57.0	163.3	81.3	142.4
87	UNLV	121.7	84.7	33.0	125.3	116.6	140.7
88	Wake Forest	121.4	154.0	239.0	108.3	136.7	143.3
89	Miami (FL)	121.3	115.3	119.0	107.8	131.0	145.6
90	E Carolina	119.9	162.7	101.0	138.0	109.9	182.9
91	N Carolina	119.2	109.3	93.0	121.0	117.5	99.1
92	Tulane	118.1	72.0	45.0	127.0	109.2	192.0
93	Ohio	117.4	152.3	326.0	101.5	126.4	145.5
94	Arkansas	116.9	93.7	118.0	101.0	130.2	288.9
95	Texas Tech	113.6	68.7	105.0	118.2	109.8	56.4
96	Kentucky	113.3	99.7	106.0	131.8	94.8	144.4
97	Cincinnati	110.7	116.7	71.0	118.2	106.0	133.9
98	Notre Dame	109.7	52.0	65.0	109.7	109.7	75.3
99	Miami (OH)	108.6	81.0	92.0	100.4	115.5	130.6
100	Middle Tenn	106.7	168.3	167.0	116.8	99.4	134.8
101	Central FL	102.8	130.0	104.0	96.0	108.5	231.7
102	W Michigan	101.1	104.0	61.0	157.8	72.8	125.5
103	Minnesota	99.9	62.0	80.0	91.7	108.2	165.1
104	Florida Intl	98.8	126.7	143.0	99.8	98.0	119.1
105	Washington	98.8	138.0	104.0	89.6	111.6	203.1
106	Virginia	97.0	76.7	172.0	100.0	93.4	136.5
107	Temple	96.8	102.3	148.0	112.6	85.6	86.6
108	Duke	96.0	90.3	72.0	108.2	81.4	67.9
109	San Jose St	93.1	0.7	-5.0	102.8	85.0	90.0
110	Clemson	91.5	80.7	2.0	152.4	40.8	170.5
111	Hawaii	91.5	46.7	32.0	88.0	94.6	69.1
112	Miss State	91.1	65.7	-64.0	128.4	60.0	120.7
113	Arizona St	88.6	66.7	38.0	88.5	88.8	137.0
114	Texas A&M	88.5	22.0	-24.0	88.3	88.8	207.5
115	S Carolina	87.6	62.7	43.0	103.2	72.0	103.7
116	UCLA	83.0	98.0	47.0	94.4	67.0	153.4
117	Wash State	80.0	99.3	120.0	97.8	67.3	115.9
118	San Diego St	77.3	94.7	92.0	116.6	44.5	101.5
119	N Mex State	43.2	7.0	-7.0	39.5	45.7	83.5
120	S Methodist	39.6	35.3	4.0	46.6	33.8	171.3
