1	Navy	331.9	335.3	322.0	304.8	345.5	319.3
2	W Virginia	295.4	212.7	311.0	291.5	299.3	266.4
3	Air Force	229.4	139.3	98.0	213.2	245.7	223.8
4	Clemson	217.8	178.0	130.0	254.9	174.7	153.8
5	Arkansas	216.8	220.7	232.0	196.2	229.6	190.3
6	Boise State	214.1	173.0	110.0	268.0	175.6	205.1
7	Texas A&M	208.8	187.3	163.0	194.5	223.0	234.9
8	Oklahoma St	206.2	182.3	207.0	249.0	175.6	145.4
9	TX Christian	185.8	229.7	198.0	185.0	186.4	192.2
10	Louisville	185.3	169.3	125.0	178.3	191.3	188.5
11	Oregon	180.7	136.7	94.0	238.2	139.6	138.6
12	Fresno St	180.0	260.0	154.0	195.0	165.0	166.0
13	Colorado	178.9	218.0	166.0	225.0	140.5	110.2
14	Rutgers	177.2	200.7	211.0	171.4	181.4	168.3
15	Oklahoma	177.1	151.3	174.0	167.3	184.5	177.5
16	Bowling Grn	176.7	127.0	76.0	204.0	157.1	143.7
17	San Jose St	176.3	138.0	71.0	223.2	129.5	133.7
18	LA Lafayette	175.5	236.0	173.0	162.2	186.7	247.5
19	Michigan	175.5	116.7	12.0	208.9	136.7	161.6
20	Illinois	174.6	209.7	214.0	177.7	171.0	158.0
21	Kansas	173.5	192.0	160.0	163.0	186.0	127.4
22	Nevada	170.6	136.3	90.0	183.5	159.6	199.5
23	Arizona St	170.2	176.7	200.0	159.6	177.7	145.7
24	Ohio State	169.8	155.0	47.0	191.3	144.8	196.7
25	Houston	169.1	169.0	135.0	183.9	151.8	154.9
26	Arkansas St	167.7	209.3	233.0	208.8	147.1	185.4
27	Texas	166.2	94.3	70.0	162.2	170.3	274.9
28	Wisconsin	166.1	88.7	-5.0	199.3	132.8	168.8
29	LSU	165.8	149.3	245.0	178.6	145.2	148.9
30	Nebraska	163.5	126.0	104.0	182.5	147.3	93.7
31	S Mississippi	163.2	171.0	124.0	189.0	147.1	103.5
32	Connecticut	161.5	113.3	147.0	175.8	144.4	155.1
33	GA Tech	161.3	149.7	160.0	179.0	146.1	153.8
34	Tulsa	161.0	137.7	96.0	196.6	135.6	166.0
35	California	160.2	155.7	241.0	182.3	138.2	237.4
36	Minnesota	159.0	169.7	195.0	162.6	156.4	273.1
37	Kent State	158.4	99.0	84.0	173.2	147.9	48.1
38	Ohio	154.2	146.0	47.0	185.5	140.3	174.1
39	Marshall	153.8	148.0	150.0	188.2	134.1	129.6
40	LA Monroe	153.2	246.7	173.0	146.7	155.6	142.3
41	N Illinois	152.3	145.0	-20.0	174.4	136.6	196.0
42	Florida	150.6	154.3	156.0	159.8	142.7	146.8
43	Toledo	150.5	224.0	208.0	176.8	128.7	217.5
44	Auburn	148.2	109.0	67.0	165.4	120.8	192.7
45	Vanderbilt	146.9	125.7	109.0	170.8	127.0	102.9
46	Wake Forest	146.4	166.0	111.0	111.0	168.5	197.5
47	S Carolina	142.6	183.7	189.0	119.0	166.2	95.2
48	Central FL	142.5	142.3	205.0	133.7	153.2	167.1
49	BYU	142.5	138.7	173.0	192.2	99.9	150.2
50	Missouri	140.6	143.0	202.0	145.3	135.8	205.2
51	Northwestern	138.0	129.3	95.0	142.2	135.6	193.6
52	W Michigan	134.7	83.7	108.0	169.0	113.2	143.3
53	Utah	134.4	127.3	165.0	134.2	134.6	178.5
54	Cincinnati	134.0	134.0	126.0	157.5	110.5	118.5
55	Iowa	133.2	135.0	89.0	134.8	131.7	169.2
56	S Florida	132.3	96.3	156.0	152.0	118.3	187.2
57	Wyoming	132.3	151.7	89.0	143.2	121.5	117.5
58	Rice	131.0	98.7	39.0	154.5	120.6	234.2
59	USC	130.8	80.7	48.0	145.8	118.0	260.0
60	Penn State	130.1	166.7	183.0	108.7	151.5	203.0
61	UCLA	129.8	134.0	194.0	135.1	123.5	160.7
62	Central Mich	129.4	113.0	149.0	144.2	121.1	158.7
63	Michigan St	129.2	53.7	14.0	139.9	114.2	201.8
64	Wash State	128.3	58.0	102.0	150.5	106.2	212.8
65	Washington	127.9	53.7	109.0	121.0	134.8	135.2
66	Middle Tenn	127.6	73.0	61.0	130.8	126.0	110.4
67	Georgia	126.7	127.3	71.0	111.3	142.0	162.2
68	LA Tech	126.2	154.7	135.0	186.8	95.9	147.5
69	Notre Dame	125.7	164.7	143.0	117.7	135.0	147.1
70	UAB	125.6	88.3	89.0	144.7	106.5	141.7
71	Hawaii	123.8	147.7	121.0	144.8	90.2	92.0
72	Alabama	123.1	99.3	108.0	145.0	88.0	142.5
73	Maryland	122.9	157.7	206.0	126.5	119.3	134.8
74	Kansas St	121.1	57.3	31.0	115.6	128.8	138.4
75	Pittsburgh	121.0	83.0	70.0	84.8	164.4	106.4
76	Troy	119.4	158.0	148.0	149.8	104.2	123.5
77	Mississippi	119.3	81.3	58.0	119.0	119.6	69.4
78	Purdue	119.1	95.3	21.0	133.7	106.6	186.7
79	S Methodist	118.9	121.0	140.0	138.8	102.3	132.7
80	Indiana	117.3	135.3	215.0	101.2	136.6	132.9
81	North Texas	117.0	149.0	74.0	151.6	92.3	143.0
82	San Diego St	116.5	106.3	184.0	157.8	82.0	147.5
83	E Carolina	115.5	132.0	54.0	110.3	120.0	137.5
84	New Mexico	114.9	171.7	128.0	123.6	102.8	199.5
85	Utah State	114.8	116.7	135.0	114.4	115.0	119.8
86	Army	113.9	97.0	102.0	132.0	103.6	144.3
87	Memphis	112.8	123.7	158.0	102.5	125.2	256.1
88	NC State	111.8	121.7	107.0	111.8	111.8	119.5
89	Oregon St	111.2	86.7	101.0	98.7	122.0	127.1
90	VA Tech	111.1	96.7	42.0	146.6	61.4	190.8
91	Boston Col	110.8	73.7	73.0	147.8	73.7	145.0
92	Idaho	109.9	107.7	123.0	109.0	110.4	80.6
93	Tennessee	108.0	114.0	83.0	96.4	121.5	128.3
94	N Carolina	107.2	126.0	200.0	123.0	88.2	101.5
95	Syracuse	106.9	120.3	122.0	108.3	105.5	106.5
96	E Michigan	105.8	83.7	45.0	121.5	97.9	121.4
97	Iowa State	103.6	110.3	196.0	--	103.6	112.4
98	Duke	102.5	104.7	103.0	99.3	106.4	116.3
99	Fla Atlantic	101.9	103.0	142.0	100.0	102.6	114.5
100	Virginia	99.9	78.7	46.0	122.2	77.7	142.6
101	Ball State	99.0	109.3	137.0	84.8	110.8	110.6
102	Miami (FL)	97.4	68.3	28.0	114.2	80.7	137.6
103	Florida St	96.5	74.7	105.0	90.5	106.2	88.2
104	Miss State	92.5	145.7	152.0	81.7	105.4	126.5
105	Kentucky	92.2	108.7	100.0	108.5	76.0	127.2
106	Tulane	91.7	48.3	74.0	71.6	106.0	95.1
107	Buffalo	90.2	91.3	124.0	122.8	66.9	109.0
108	Miami (OH)	86.7	98.0	128.0	112.0	68.6	132.9
109	Akron	83.8	42.3	-13.0	117.0	60.0	107.3
110	UNLV	81.8	100.7	204.0	107.8	60.2	108.0
111	Texas Tech	77.1	71.7	103.0	94.2	64.9	92.2
112	Colorado St	69.9	98.3	113.0	56.8	77.4	121.7
113	Arizona	67.9	107.7	33.0	26.5	117.6	115.1
114	N Mex State	66.8	100.7	133.0	76.8	56.8	78.0
115	Stanford	65.1	56.7	65.0	42.2	81.4	94.1
116	TX El Paso	59.1	10.3	5.0	90.8	27.3	118.5
117	Florida Intl	56.8	41.0	20.0	55.8	57.6	104.0
118	Temple	53.7	35.7	13.0	59.5	50.8	82.0
119	Baylor	42.0	21.7	-48.0	37.0	48.0	109.4
