1	Army	331.3	288.7	298.0	379.0	313.4	247.9
2	GA Tech	318.1	306.3	312.0	342.8	293.3	319.5
3	Navy	305.1	295.0	296.0	357.2	275.3	299.9
4	Oregon	290.2	354.0	345.0	300.4	278.3	269.0
5	Air Force	282.4	328.7	248.0	265.8	296.2	298.2
6	Utah State	271.8	312.0	345.0	250.0	287.4	162.1
7	Temple	257.9	264.0	255.0	229.0	286.8	153.9
8	Nevada	247.5	202.3	196.0	258.0	238.6	298.9
9	Wisconsin	233.2	200.7	212.0	273.3	198.7	238.8
10	Baylor	232.9	344.3	482.0	241.8	224.0	196.1
11	Missouri	228.8	275.7	337.0	234.8	224.4	155.3
12	N Illinois	224.8	134.0	59.0	310.4	171.2	254.1
13	Michigan	221.8	190.3	56.0	277.1	133.4	234.9
14	LSU	219.5	286.0	207.0	233.6	209.4	189.1
15	Nebraska	216.2	165.7	137.0	215.7	216.8	253.0
16	Alabama	215.1	177.3	213.0	186.5	249.4	177.0
17	Stanford	210.6	195.7	243.0	203.3	219.2	215.2
18	Toledo	208.2	199.7	123.0	258.0	172.6	169.8
19	TX Christian	205.3	210.3	190.0	199.7	211.0	244.8
20	Texas	202.6	132.0	109.0	282.8	133.9	152.6
21	Texas A&M	199.2	124.3	80.0	179.4	222.2	166.1
22	Ohio	197.1	162.3	125.0	197.6	196.8	160.0
23	E Michigan	195.8	168.7	133.0	229.2	173.5	175.2
24	S Mississippi	195.2	211.0	171.0	218.4	180.6	199.4
25	Tulsa	191.7	132.7	37.0	233.2	156.1	213.7
26	Ohio State	191.2	160.0	137.0	202.4	178.0	222.1
27	S Carolina	186.8	182.0	121.0	204.5	169.0	156.1
28	W Kentucky	186.5	239.7	338.0	205.8	170.3	176.1
29	Kansas St	186.3	108.7	87.0	186.0	186.7	199.4
30	VA Tech	181.5	134.0	163.0	159.8	195.1	197.5
31	UCLA	178.4	100.7	18.0	237.5	134.0	177.0
32	S Florida	177.2	117.0	171.0	164.8	192.0	142.2
33	Iowa State	177.0	142.0	91.0	178.2	176.1	150.3
34	Auburn	176.8	134.0	273.0	156.2	197.5	284.2
35	San Diego St	175.8	174.0	68.0	193.2	158.3	158.4
36	Boise State	172.7	170.3	162.0	152.8	189.7	202.0
37	UNLV	169.8	161.3	116.0	189.2	158.7	104.1
38	Vanderbilt	169.0	171.3	127.0	231.5	106.5	143.2
39	Maryland	166.7	191.0	199.0	159.3	175.6	132.4
40	Wyoming	166.6	159.3	140.0	181.0	158.4	131.8
41	Miss State	165.9	194.7	253.0	123.6	196.1	216.7
42	TX El Paso	165.8	157.0	66.0	216.8	123.3	132.2
43	Purdue	164.1	219.3	265.0	143.0	185.2	155.7
44	Oklahoma St	162.9	135.7	69.0	198.2	132.7	177.1
45	Oklahoma	162.9	158.3	114.0	187.3	142.0	142.1
46	USC	162.6	180.0	149.0	151.0	178.8	189.7
47	Georgia	161.8	86.0	51.0	212.0	130.4	140.5
48	Cincinnati	161.2	170.7	221.0	174.8	151.4	148.3
49	Notre Dame	160.4	103.7	93.0	156.1	165.3	128.5
50	Colorado St	160.0	248.0	263.0	194.8	131.0	113.8
51	Minnesota	159.3	207.3	248.0	180.0	134.4	132.5
52	Penn State	158.1	174.0	169.0	150.2	166.0	144.0
53	Illinois	155.7	136.3	178.0	141.0	176.2	253.8
54	Central FL	155.6	137.3	249.0	228.6	94.8	185.9
55	Virginia	155.4	77.0	123.0	150.8	160.0	134.4
56	Clemson	155.1	160.0	193.0	163.7	147.7	135.4
57	Washington	154.8	161.7	182.0	161.2	148.5	172.5
58	Buffalo	154.1	211.3	188.0	196.0	119.2	115.6
59	Northwestern	153.8	107.0	52.0	121.2	177.1	156.9
60	North Texas	152.4	234.7	464.0	188.7	116.2	205.5
61	Indiana	152.3	153.3	207.0	165.8	141.0	96.4
62	Rice	150.9	108.0	87.0	146.6	154.0	160.4
63	BYU	149.5	144.7	94.0	163.0	136.0	168.8
64	Miami (FL)	147.5	106.3	122.0	162.2	129.8	186.7
65	Houston	147.3	69.0	68.0	140.2	153.4	156.5
66	Kansas	146.6	141.7	65.0	201.6	100.8	138.5
67	Middle Tenn	146.5	107.3	140.0	150.8	142.2	170.0
68	Florida Intl	146.4	128.0	88.0	190.0	109.0	188.8
69	Florida	144.5	109.0	131.0	149.3	139.7	162.2
70	LA Monroe	144.5	200.3	231.0	132.5	151.3	122.0
71	Fresno St	143.8	146.0	48.0	150.0	139.4	145.6
72	California	143.8	111.7	7.0	180.8	117.3	153.5
73	Pittsburgh	142.2	81.0	10.0	151.4	129.2	166.8
74	LA Tech	141.5	118.3	96.0	189.5	117.5	175.7
75	Arkansas	140.5	114.0	129.0	195.2	101.4	146.8
76	Ball State	138.6	107.3	78.0	125.0	148.3	145.9
77	Arkansas St	137.0	121.3	28.0	199.6	92.3	152.8
78	Iowa	136.8	99.7	76.0	138.7	135.0	147.8
79	Michigan St	136.3	143.0	73.0	164.5	112.1	149.9
80	N Carolina	135.1	119.0	36.0	165.3	104.8	126.7
81	Utah	133.2	139.7	144.0	135.2	131.9	152.9
82	UAB	129.4	190.7	192.0	134.2	126.0	157.2
83	Syracuse	128.1	132.7	120.0	145.3	107.4	137.5
84	Tulane	126.3	166.0	185.0	114.4	134.9	128.9
85	Boston Col	125.3	101.7	153.0	99.8	146.5	127.2
86	Mississippi	125.0	122.7	92.0	92.0	164.6	205.5
87	N Mex State	124.9	131.7	145.0	90.0	154.9	130.9
88	W Virginia	124.9	142.7	188.0	130.0	119.8	160.2
89	LA Lafayette	123.8	74.0	76.0	99.0	136.1	103.1
90	Texas Tech	122.7	96.3	46.0	134.0	113.3	137.9
91	Arizona St	121.8	87.7	-11.0	143.8	99.8	139.0
92	Marshall	120.1	110.3	84.0	113.6	124.1	98.5
93	Louisville	118.6	125.0	117.0	118.0	119.0	176.1
94	Central Mich	118.3	88.0	113.0	113.0	121.3	101.2
95	New Mexico	115.5	111.0	52.0	136.6	97.8	111.8
96	S Methodist	113.8	91.3	61.0	137.0	97.1	140.1
97	W Michigan	113.5	109.3	46.0	205.8	67.4	127.5
98	Idaho	112.9	164.7	128.0	93.4	129.2	85.6
99	Wake Forest	111.8	134.7	64.0	123.0	100.7	136.1
100	Connecticut	110.5	90.7	18.0	138.8	76.6	164.6
101	Bowling Grn	109.7	104.3	119.0	101.6	116.5	65.7
102	E Carolina	109.1	146.3	132.0	110.2	108.0	120.8
103	Colorado	108.7	156.3	109.0	154.8	79.9	142.7
104	Florida St	107.3	85.7	41.0	118.2	96.5	171.5
105	Fla Atlantic	105.7	146.0	69.0	120.8	94.9	99.9
106	Kentucky	104.5	85.7	202.0	139.0	63.2	152.9
107	San Jose St	101.8	78.3	61.0	131.8	80.4	77.7
108	Kent State	101.5	163.0	103.0	109.8	94.5	113.5
109	NC State	100.5	114.3	65.0	152.2	57.5	123.7
110	Akron	98.7	99.7	173.0	86.2	109.2	104.9
111	Arizona	96.3	94.0	121.0	127.8	70.0	127.0
112	Rutgers	94.5	122.3	173.0	125.8	63.2	88.4
113	Hawaii	92.9	67.7	17.0	129.2	56.7	115.5
114	Troy	88.7	43.3	62.0	89.4	88.1	160.0
115	Tennessee	88.0	100.0	61.0	98.0	70.5	94.5
116	Duke	86.5	60.3	46.0	98.8	71.6	105.5
117	Wash State	85.9	65.0	38.0	86.5	85.6	89.8
118	Memphis	81.4	87.7	7.0	92.4	72.2	92.2
119	Miami (OH)	73.8	59.3	61.0	91.7	56.0	102.2
120	Oregon St	70.3	62.7	16.0	90.6	53.3	121.8
