1	GA Southern	363.2	311.7	333.0	377.8	354.9	429.0
2	Navy	344.5	329.0	205.0	347.2	342.2	323.2
3	GA Tech	342.6	327.0	331.0	293.4	377.7	281.4
4	Wisconsin	326.2	190.0	71.0	410.7	241.8	275.4
5	New Mexico	310.8	262.7	241.0	300.0	321.7	308.8
6	Army	278.8	272.0	198.0	284.5	275.0	313.4
7	Oklahoma	268.6	399.3	304.0	252.0	285.2	223.9
8	Auburn	264.3	229.0	174.0	328.3	187.4	314.2
9	Marshall	262.6	214.3	121.0	255.5	269.7	204.5
10	Ohio State	260.8	253.0	301.0	264.3	256.7	303.3
11	Georgia	253.6	262.7	194.0	285.0	216.0	173.5
12	Nebraska	253.1	151.0	161.0	324.0	168.0	205.8
13	Air Force	247.9	241.3	242.0	267.6	231.5	249.4
14	Indiana	246.2	271.3	239.0	234.8	255.7	191.7
15	Toledo	241.8	253.3	172.0	258.8	227.7	232.9
16	N Illinois	238.7	223.7	334.0	237.5	239.2	292.2
17	Miss State	238.5	194.7	163.0	234.5	243.4	182.7
18	Boston Col	237.2	182.7	142.0	210.2	269.6	219.9
19	Michigan St	237.1	200.7	118.0	250.2	221.4	165.8
20	Pittsburgh	237.0	262.3	226.0	222.7	254.2	114.0
21	App State	236.8	244.3	207.0	245.8	230.8	32.0
22	Oregon	232.7	254.7	301.0	221.7	243.7	254.8
23	Baylor	232.5	248.0	172.0	269.6	201.5	258.2
24	Minnesota	228.5	225.3	177.0	263.2	186.8	193.9
25	LA Lafayette	227.7	241.7	344.0	217.4	236.3	183.6
26	Texas State	225.8	272.0	340.0	240.4	213.7	165.1
27	Arkansas St	224.1	256.0	469.0	252.8	200.2	180.4
28	San Diego St	220.8	246.0	393.0	253.0	194.0	170.7
29	Boise State	219.1	248.0	149.0	245.9	187.8	196.5
30	TX El Paso	215.2	218.0	250.0	277.2	153.2	184.7
31	UAB	214.0	234.7	371.0	197.4	227.8	172.3
32	Nevada	212.9	286.0	408.0	197.2	226.0	173.4
33	Middle Tenn	212.5	237.0	259.0	242.0	188.0	192.8
34	TX Christian	210.2	155.0	197.0	236.2	179.0	114.0
35	LSU	209.1	201.0	384.0	236.8	175.8	191.5
36	Alabama	202.9	197.7	242.0	230.3	175.5	201.8
37	NC State	200.6	301.7	388.0	189.3	214.2	160.4
38	UCLA	199.4	136.3	100.0	185.8	213.0	196.6
39	Florida	198.0	181.7	113.0	194.4	201.6	144.7
40	Arkansas	195.3	136.3	155.0	165.6	220.0	197.4
41	BYU	184.2	167.3	107.0	216.4	157.3	254.5
42	Arizona	183.8	178.0	111.0	187.4	179.5	261.6
43	S Alabama	182.6	177.0	238.0	205.5	159.7	171.7
44	Washington	181.9	219.7	188.0	182.7	181.2	228.1
45	Memphis	181.7	190.7	178.0	209.0	159.0	137.0
46	W Virginia	181.7	202.7	285.0	168.8	192.5	147.0
47	Buffalo	180.2	210.3	293.0	190.0	172.4	170.2
48	Miami (FL)	178.3	121.7	125.0	213.3	136.2	146.7
49	N Mex State	176.5	185.7	178.0	194.2	161.8	135.2
50	Duke	174.9	134.3	146.0	190.8	155.8	171.9
51	Houston	174.6	259.0	249.0	166.2	184.8	119.6
52	Rice	170.9	93.3	34.0	197.4	152.0	227.4
53	Utah	170.7	137.0	128.0	184.0	159.7	144.3
54	Bowling Grn	169.7	180.7	124.0	204.8	144.6	186.5
55	Troy	167.3	246.3	122.0	208.6	132.8	131.0
56	Fresno St	166.8	159.7	70.0	169.4	165.0	150.4
57	Colorado St	166.8	230.3	106.0	208.2	132.3	201.9
58	Fla Atlantic	163.6	177.3	207.0	184.2	148.9	184.8
59	Michigan	162.8	186.7	121.0	195.3	117.4	126.1
60	W Kentucky	162.8	241.7	222.0	186.7	138.8	180.6
61	E Carolina	161.5	108.3	14.0	160.4	162.5	148.9
62	Missouri	161.5	126.3	41.0	159.7	163.3	228.6
63	Arizona St	161.4	104.7	113.0	155.4	166.3	193.9
64	Utah State	161.2	232.3	109.0	180.6	147.3	171.7
65	S Carolina	160.5	122.7	63.0	165.8	154.2	185.7
66	W Michigan	160.5	119.0	91.0	119.0	184.1	105.7
67	Central Mich	159.6	185.7	70.0	145.6	171.3	135.4
68	Ohio	158.2	205.0	179.0	198.8	124.3	124.2
69	USC	158.2	115.3	205.0	199.0	117.3	172.9
70	Cincinnati	157.6	160.7	152.0	153.2	162.0	155.5
71	Iowa	156.8	182.3	142.0	152.2	162.4	170.1
72	Stanford	155.3	198.7	202.0	172.2	141.2	207.7
73	Purdue	154.8	105.0	228.0	108.0	211.0	61.0
74	Colorado	154.6	110.3	116.0	167.2	142.0	114.8
75	LA Tech	152.8	191.3	196.0	193.8	132.2	149.9
76	Rutgers	151.4	150.3	144.0	127.0	171.7	117.6
77	Notre Dame	151.1	138.0	104.0	165.5	136.7	151.2
78	Hawaii	149.9	181.3	106.0	182.8	117.0	114.6
79	Texas Tech	149.6	156.0	103.0	157.2	143.3	107.9
80	Texas	148.7	147.3	90.0	157.2	140.2	196.2
81	Wyoming	148.6	135.3	175.0	122.6	170.3	192.0
82	Tulsa	147.8	158.7	189.0	171.0	124.7	164.8
83	Tulane	147.6	98.0	115.0	141.6	152.7	123.4
84	Syracuse	147.4	95.7	62.0	148.4	146.5	191.9
85	Mississippi	146.5	139.7	205.0	166.7	122.2	183.6
86	Old Dominion	145.9	169.7	206.0	145.0	146.7	132.2
87	Kentucky	145.8	153.0	151.0	184.5	99.4	140.2
88	Ball State	143.5	163.7	199.0	164.0	129.8	158.8
89	Clemson	142.0	186.3	225.0	165.0	114.4	171.1
90	San Jose St	141.7	153.0	111.0	197.2	110.0	136.9
91	Idaho	140.6	155.7	157.0	149.0	133.7	135.1
92	N Carolina	140.5	190.3	30.0	140.2	140.7	134.7
93	California	139.5	152.3	173.0	119.8	156.0	121.4
94	North Texas	137.4	137.0	150.0	170.6	109.7	180.7
95	Tennessee	136.1	145.7	170.0	125.7	148.6	176.9
96	Virginia	136.0	90.0	38.0	177.8	85.8	138.4
97	Texas A&M	135.4	121.3	84.0	109.4	157.0	182.8
98	VA Tech	135.2	151.3	198.0	152.2	114.8	110.2
99	Kansas St	134.0	99.3	103.0	157.3	106.0	189.9
100	Northwestern	133.9	216.7	154.0	107.5	165.6	165.3
101	Louisville	133.5	159.3	83.0	150.4	119.3	152.9
102	Florida Intl	131.1	163.7	91.0	125.5	139.5	76.5
103	Oklahoma St	128.9	87.3	112.0	135.4	123.5	173.7
104	Central FL	128.8	176.3	148.0	147.6	113.2	160.2
105	Florida St	128.6	156.7	179.0	106.7	150.5	198.3
106	Iowa State	126.1	161.3	84.0	137.0	113.0	141.7
107	Akron	124.6	130.0	188.0	133.6	117.2	127.9
108	E Michigan	123.8	92.3	96.0	177.8	93.0	156.9
109	UNLV	122.3	151.7	205.0	140.0	109.7	163.2
110	TX-San Ant	122.2	153.0	175.0	126.3	118.0	175.4
111	Illinois	120.8	149.0	291.0	104.8	140.0	147.2
112	Maryland	116.5	144.7	281.0	145.6	92.3	134.8
113	Oregon St	112.9	146.7	146.0	132.3	89.6	93.5
114	Connecticut	111.0	134.7	249.0	121.3	98.6	84.5
115	Vanderbilt	109.5	85.0	123.0	132.3	69.8	136.5
116	U Mass	109.2	124.7	162.0	123.3	95.2	130.7
117	Kansas	108.5	51.0	58.0	141.2	81.3	144.5
118	Penn State	103.6	154.7	38.0	104.9	101.8	174.0
119	Temple	101.9	74.7	92.0	130.6	78.0	140.6
120	Miami (OH)	101.0	96.0	99.0	114.6	89.7	101.6
121	S Methodist	100.2	140.3	277.0	95.3	105.0	89.2
122	Georgia State	92.7	100.3	160.0	115.0	74.2	108.3
123	S Florida	91.0	89.0	5.0	80.8	103.2	85.6
124	S Mississippi	85.6	113.3	97.0	70.6	98.2	73.1
125	Kent State	81.8	101.7	112.0	105.8	53.0	183.8
126	LA Monroe	69.5	16.7	19.0	89.4	55.3	100.6
127	Wash State	36.5	25.7	21.0	42.7	29.2	53.3
128	Wake Forest	34.8	65.3	64.0	54.2	18.7	85.5
