1	Army	378.6	353.0	370.0	394.1	351.5	331.3
2	Oregon	314.8	283.3	222.0	302.2	327.3	290.2
3	Air Force	302.2	252.7	166.0	382.4	245.0	282.4
4	GA Tech	299.1	261.0	294.0	304.0	294.9	318.2
5	New Mexico	297.1	295.0	137.0	357.6	253.9	115.5
6	Navy	268.9	295.7	313.0	245.0	280.9	305.1
7	Nevada	258.8	329.3	403.0	199.6	301.0	247.6
8	Texas A&M	247.7	242.7	326.0	180.8	286.0	199.2
9	Nebraska	243.2	240.3	239.0	240.7	245.4	216.2
10	Ohio State	242.3	225.7	207.0	247.1	232.8	191.2
11	Wisconsin	241.6	305.0	218.0	184.0	291.0	233.2
12	N Illinois	240.2	212.3	83.0	273.4	219.4	224.8
13	Tulsa	239.8	261.7	317.0	250.8	230.4	191.7
14	Kent State	235.4	156.7	193.0	203.8	249.4	100.9
15	Baylor	231.7	301.0	306.0	257.2	213.4	232.9
16	LA Tech	227.9	191.3	58.0	270.8	185.0	140.0
17	Northwestern	221.2	185.3	161.0	290.8	151.7	153.8
18	Arizona	219.8	269.3	196.0	255.1	170.4	96.3
19	Alabama	219.2	246.3	350.0	175.3	263.2	209.7
20	San Diego St	214.8	232.3	119.0	227.3	202.2	175.8
21	Kansas	207.0	266.3	157.0	189.0	222.0	146.6
22	Ohio	205.3	185.7	219.0	219.4	195.3	193.3
23	Ball State	203.2	218.0	71.0	230.4	186.2	138.4
24	Florida St	202.6	183.0	243.0	249.2	169.3	107.3
25	Notre Dame	202.5	209.0	222.0	169.7	235.3	160.4
26	Rice	201.8	193.3	208.0	220.0	190.4	150.9
27	Oklahoma St	200.3	210.7	213.0	228.2	172.5	163.2
28	Toledo	199.7	135.0	142.0	197.0	201.6	208.9
29	Utah State	199.2	264.0	353.0	192.2	204.1	269.8
30	LA Lafayette	197.7	242.3	267.0	211.4	187.9	123.8
31	Arizona St	197.0	303.0	380.0	200.8	194.3	121.8
32	Cincinnati	195.5	162.7	222.0	215.6	178.7	161.2
33	Clemson	192.1	190.7	99.0	183.5	200.7	155.2
34	Arkansas St	192.0	190.7	72.0	206.2	181.9	136.2
35	Temple	191.2	275.3	167.0	135.8	246.6	258.1
36	UCLA	190.9	130.0	33.0	198.1	183.6	179.4
37	N Carolina	189.4	154.3	189.0	217.2	156.0	135.1
38	Georgia	188.0	146.3	162.0	242.0	141.7	161.8
39	Florida	187.0	168.0	111.0	167.3	206.7	144.5
40	Syracuse	185.8	250.7	369.0	193.8	181.8	128.3
41	Michigan	183.8	149.3	141.0	226.0	147.6	221.8
42	Middle Tenn	183.4	151.0	89.0	165.5	193.6	146.8
43	Kansas St	182.3	125.3	132.0	221.5	143.2	186.3
44	Central FL	181.8	195.7	222.0	186.2	178.5	155.6
45	Texas State	181.3	209.7	446.0	255.2	119.7	166.5
46	W Kentucky	176.5	203.0	128.0	199.8	159.9	186.5
47	W Virginia	175.1	189.0	88.0	195.9	146.0	124.9
48	LSU	175.0	111.0	99.0	209.9	126.2	205.6
49	Texas	174.6	100.7	117.0	186.7	164.3	202.6
50	Stanford	174.1	192.7	187.0	165.6	182.6	210.6
51	California	173.2	225.0	190.0	157.2	192.4	144.4
52	Mississippi	168.8	201.3	224.0	191.2	146.3	125.0
53	Boise State	168.2	197.7	109.0	190.7	148.9	171.9
54	E Michigan	167.9	194.3	94.0	205.2	136.8	195.8
55	Marshall	167.7	207.7	214.0	134.8	195.2	120.1
56	Troy	167.2	148.0	191.0	140.5	194.0	88.7
57	Buffalo	163.5	121.7	29.0	174.8	154.0	154.1
58	Purdue	163.3	182.3	155.0	166.2	160.5	164.0
59	Tennessee	158.2	155.3	164.0	149.8	168.2	88.0
60	S Florida	158.1	97.3	8.0	135.6	176.8	174.3
61	North Texas	156.8	164.7	153.0	177.2	145.1	152.4
62	S Mississippi	154.8	101.3	95.0	175.5	134.0	195.2
63	Houston	151.2	134.7	221.0	168.6	126.8	147.3
64	USC	150.6	121.7	98.0	157.7	144.6	162.6
65	Michigan St	149.4	174.3	123.0	153.6	144.5	136.3
66	Bowling Grn	149.0	90.0	105.0	146.2	151.0	109.7
67	TX El Paso	148.6	195.0	148.0	187.2	110.0	165.8
68	TX-San Ant	147.9	205.0	299.0	153.3	144.6	--
69	BYU	147.3	92.3	54.0	199.4	110.1	149.5
70	Fresno St	147.2	129.3	-16.0	161.6	137.0	143.8
71	Memphis	147.2	186.0	275.0	172.6	126.0	81.4
72	Vanderbilt	147.0	171.3	117.0	163.4	135.3	169.0
73	Oklahoma	145.8	135.3	123.0	97.0	180.7	162.9
74	UNLV	145.8	97.7	37.0	176.5	115.0	169.8
75	Florida Intl	145.3	161.3	136.0	152.0	138.7	145.7
76	Minnesota	144.6	104.3	222.0	131.3	157.8	159.4
77	Penn State	143.9	155.0	163.0	126.0	169.0	158.1
78	TX Christian	143.5	141.0	87.0	143.4	143.6	205.3
79	VA Tech	142.4	110.3	3.0	174.4	119.6	181.9
80	W Michigan	142.3	122.3	115.0	157.8	129.3	113.7
81	LA Monroe	142.1	88.3	95.0	172.2	123.2	145.3
82	Iowa State	140.6	191.0	98.0	141.7	139.5	177.0
83	Miss State	139.8	139.7	186.0	166.0	113.5	165.9
84	Miami (FL)	138.4	188.7	248.0	107.2	164.3	147.5
85	S Methodist	137.0	154.7	169.0	127.8	146.2	113.8
86	Washington	136.8	169.3	205.0	120.4	148.6	154.8
87	Texas Tech	136.7	150.7	145.0	160.8	112.5	122.7
88	Central Mich	136.2	197.3	146.0	136.7	135.7	118.3
89	S Carolina	135.8	107.7	85.0	155.8	115.7	186.8
90	E Carolina	135.4	143.7	143.0	159.2	118.4	109.1
91	Colorado St	134.0	182.3	159.0	145.6	124.3	160.0
92	Auburn	130.9	153.3	92.0	145.5	113.4	176.8
93	Illinois	129.1	133.3	126.0	129.7	128.4	155.7
94	Utah	128.4	159.0	208.0	134.6	123.2	133.2
95	Missouri	127.4	179.0	189.0	114.5	142.8	228.8
96	Indiana	127.4	83.0	164.0	85.4	162.3	152.3
97	Duke	125.0	142.7	200.0	158.0	92.0	86.7
98	S Alabama	124.7	73.7	18.0	167.2	94.3	98.5
99	Pittsburgh	124.6	111.7	81.0	173.0	97.0	141.8
100	Wyoming	124.1	90.7	122.0	168.0	87.5	164.7
101	Virginia	123.5	89.7	30.0	105.3	145.2	155.4
102	Louisville	122.0	46.3	70.0	139.2	104.8	118.6
103	Kentucky	120.3	123.0	167.0	122.8	117.2	104.5
104	Iowa	116.1	103.3	108.0	111.2	122.0	136.8
105	Rutgers	115.6	57.0	67.0	94.2	130.9	94.5
106	Oregon St	115.6	128.3	103.0	111.5	119.7	70.3
107	Arkansas	114.5	104.0	103.0	116.2	112.6	140.5
108	Akron	107.7	97.3	67.0	95.4	118.0	98.2
109	Fla Atlantic	107.5	78.3	149.0	114.0	103.9	105.8
110	UAB	106.1	108.0	89.0	90.4	119.2	130.2
111	Colorado	105.9	142.0	112.0	67.8	137.7	108.7
112	San Jose St	105.1	95.7	-15.0	128.0	88.7	101.8
113	Maryland	104.1	120.3	188.0	106.6	102.0	166.7
114	Wake Forest	100.7	65.0	124.0	136.3	58.0	111.8
115	N Mex State	99.1	106.7	171.0	84.6	111.2	125.1
116	Hawaii	98.5	135.0	229.0	123.4	77.8	93.0
117	NC State	96.8	92.0	41.0	102.6	92.7	100.5
118	U Mass	91.6	58.0	64.0	82.8	97.9	118.0
119	Idaho	89.8	115.3	158.0	123.2	70.7	112.9
120	Connecticut	87.9	105.7	36.0	95.2	80.7	110.5
121	Miami (OH)	86.0	67.7	103.0	114.5	69.7	73.8
122	Boston Col	84.5	139.7	199.0	76.0	91.7	125.3
123	Tulane	39.6	44.0	43.0	30.7	52.0	126.3
124	Wash State	22.1	29.0	19.0	43.0	10.1	84.5
