1	Navy	324.9	380.3	366.0	306.8	334.0	268.2
2	Auburn	321.1	388.0	545.0	291.3	362.8	130.9
3	Army	313.4	229.3	157.0	336.2	300.3	381.8
4	New Mexico	308.8	248.7	300.0	353.3	264.3	297.7
5	Ohio State	303.3	286.3	193.0	284.7	319.3	242.7
6	N Illinois	291.8	253.0	99.0	288.8	293.2	240.2
7	GA Tech	281.8	220.7	151.0	277.2	285.7	299.1
8	Wisconsin	275.2	203.3	293.0	328.3	222.0	242.2
9	Arizona	261.5	269.0	254.0	260.4	262.3	219.8
10	Baylor	258.2	193.0	194.0	314.3	202.0	231.7
11	Oregon	254.8	232.3	216.0	269.3	240.2	314.8
12	BYU	254.6	273.7	180.0	292.0	227.9	147.3
13	Air Force	249.4	213.0	154.0	256.3	241.0	302.7
14	Toledo	232.9	245.7	230.0	304.4	173.3	200.0
15	Missouri	228.6	237.3	256.0	222.5	233.9	127.4
16	Washington	228.1	314.7	190.0	251.3	204.8	136.8
17	Rice	227.4	144.3	61.0	241.3	216.9	201.8
18	Oklahoma	223.9	182.3	81.0	283.3	173.0	145.8
19	Boston Col	219.9	196.7	145.0	265.4	187.4	84.4
20	Stanford	207.9	221.0	162.0	218.6	197.3	174.4
21	Nebraska	205.8	133.7	144.0	227.0	176.0	243.2
22	Marshall	204.5	170.3	138.0	276.2	159.8	167.7
23	Florida St	202.5	234.7	239.0	256.2	148.8	202.8
24	Colorado St	201.9	166.0	226.0	236.2	180.5	134.0
25	Alabama	201.8	181.0	129.0	208.3	195.3	222.8
26	Arkansas	197.4	201.0	182.0	238.2	163.3	114.5
27	UCLA	196.6	178.7	197.0	205.5	189.0	190.8
28	Boise State	196.5	141.0	156.0	255.6	154.3	168.2
29	Texas	196.2	208.0	180.0	227.2	169.7	171.6
30	Arizona St	193.9	209.7	287.0	209.3	176.0	199.0
31	Minnesota	193.8	117.7	127.0	195.3	192.2	144.6
32	Middle Tenn	192.2	213.7	91.0	202.0	185.1	183.5
33	Syracuse	191.9	188.7	208.0	213.8	176.3	185.5
34	Wyoming	191.8	126.0	28.0	232.6	157.8	125.0
35	Indiana	191.7	208.3	401.0	233.0	119.5	127.4
36	LSU	191.5	260.7	220.0	237.3	145.7	175.0
37	Kansas St	189.5	127.0	149.0	195.3	181.4	182.3
38	Bowling Grn	186.5	150.3	10.0	194.8	181.4	149.0
39	S Carolina	185.7	140.3	117.0	181.7	189.7	135.8
40	TX El Paso	184.4	184.3	177.0	226.2	154.6	148.8
41	Kent State	183.8	258.0	312.0	172.0	190.6	235.6
42	Mississippi	183.6	154.7	221.0	202.5	164.7	169.1
43	LA Lafayette	183.6	134.7	168.0	195.2	177.8	198.9
44	Texas A&M	182.7	139.3	159.0	181.6	184.2	247.7
45	Miss State	182.7	176.3	239.0	166.7	198.7	139.5
46	Fla Atlantic	182.5	256.0	179.0	203.8	167.3	111.6
47	Arkansas St	181.4	187.7	202.0	192.6	173.4	190.4
48	North Texas	180.7	207.7	141.0	215.3	151.0	157.3
49	W Kentucky	180.6	202.3	151.0	159.0	193.0	176.5
50	Tennessee	176.9	209.3	218.0	210.5	136.6	158.2
51	Nevada	176.1	193.0	104.0	178.6	174.0	260.8
52	TX-San Ant	175.4	169.0	191.0	183.0	167.8	147.9
53	Penn State	174.0	195.0	126.0	217.9	112.6	144.9
54	Georgia	173.5	154.7	96.0	201.6	153.4	188.0
55	Oklahoma St	173.4	173.7	167.0	123.8	208.9	200.3
56	UAB	172.3	142.3	145.0	158.2	180.3	106.1
57	USC	172.0	175.3	143.0	136.6	207.4	150.0
58	Clemson	172.0	164.3	198.0	163.2	179.3	191.8
59	Utah State	172.0	124.3	168.0	155.6	182.2	199.1
60	Duke	171.9	173.3	234.0	191.7	155.0	125.0
61	S Alabama	171.5	217.0	192.0	190.6	155.5	124.7
62	Iowa	170.5	133.3	76.0	150.3	190.7	116.1
63	San Diego St	170.3	132.7	249.0	161.8	176.4	215.1
64	Buffalo	170.2	146.3	113.0	212.0	149.4	164.9
65	Michigan St	165.8	126.7	65.0	182.5	151.6	149.4
66	Northwestern	165.3	123.0	146.0	158.2	173.8	221.8
67	Texas State	165.1	137.3	233.0	203.4	133.2	181.3
68	Tulsa	164.8	184.7	122.0	164.3	165.2	240.5
69	UNLV	163.2	175.7	66.0	140.0	186.5	145.8
70	NC State	160.4	105.0	151.0	180.3	125.5	97.1
71	Central FL	160.2	142.7	255.0	130.8	185.4	181.9
72	Ball State	158.8	152.7	148.0	150.2	164.9	203.2
73	E Michigan	156.6	172.7	193.0	211.0	125.6	171.9
74	Cincinnati	155.5	154.7	168.0	170.0	145.1	195.5
75	Louisville	152.9	135.3	107.0	152.5	153.3	122.0
76	Notre Dame	150.6	158.0	175.0	185.7	120.6	189.8
77	Fresno St	150.4	73.3	37.0	141.5	159.3	146.7
78	LA Tech	149.9	109.7	42.0	153.2	148.0	228.2
79	E Carolina	148.9	200.0	281.0	135.4	158.6	135.0
80	Illinois	147.2	146.7	185.0	152.2	141.2	129.1
81	W Virginia	147.0	155.0	212.0	163.4	133.3	175.1
82	Miami (FL)	146.7	94.7	14.0	149.7	143.7	138.5
83	Utah	144.7	135.0	155.0	161.7	124.4	128.4
84	Florida	144.7	105.7	78.0	141.8	147.2	186.5
85	Kansas	142.8	191.3	72.0	149.3	135.0	207.0
86	Iowa State	141.7	183.0	244.0	145.2	138.8	140.6
87	Temple	140.6	144.7	206.0	106.8	168.8	191.2
88	Kentucky	140.2	114.3	139.0	139.8	140.6	120.3
89	Virginia	138.4	154.7	109.0	122.9	165.5	123.5
90	Memphis	137.0	89.0	72.0	135.0	139.4	147.2
91	San Jose St	136.9	125.7	159.0	132.2	140.8	105.0
92	Vanderbilt	136.5	144.3	211.0	138.2	134.8	146.2
93	Central Mich	135.4	160.0	295.0	148.2	128.0	136.2
94	N Mex State	135.2	164.0	181.0	125.3	147.0	99.1
95	Idaho	135.1	137.7	209.0	150.0	126.6	91.3
96	Maryland	134.8	155.7	194.0	130.0	138.1	104.1
97	N Carolina	134.7	182.7	174.0	140.3	129.0	189.4
98	Troy	131.0	114.3	164.0	153.8	118.0	167.2
99	U Mass	130.7	151.0	153.0	133.0	128.8	89.3
100	Akron	127.5	130.3	85.0	134.8	121.3	107.7
101	Michigan	126.1	92.3	65.0	153.9	93.7	183.8
102	Ohio	124.2	130.3	107.0	147.2	101.3	205.3
103	Tulane	123.4	135.0	102.0	127.8	120.3	39.6
104	California	123.1	153.3	73.0	116.5	131.0	173.8
105	Houston	119.6	99.7	146.0	87.7	130.2	151.2
106	Rutgers	117.6	108.0	80.0	132.7	102.5	115.6
107	Colorado	114.8	97.7	48.0	119.0	112.0	106.4
108	Hawaii	114.6	190.3	285.0	107.0	122.2	99.4
109	TX Christian	114.0	114.7	122.0	108.2	118.8	145.7
110	Pittsburgh	114.0	165.3	255.0	127.5	100.5	124.6
111	VA Tech	110.0	107.7	143.0	110.4	109.7	142.4
112	Georgia State	108.3	130.3	24.0	86.0	126.2	86.5
113	Texas Tech	107.9	103.0	81.0	128.2	93.4	136.7
114	W Michigan	105.7	125.7	93.0	129.2	92.3	142.3
115	Miami (OH)	101.6	128.3	138.0	87.8	111.4	86.0
116	LA Monroe	100.6	110.0	122.0	126.0	86.1	142.1
117	Oregon St	93.5	177.3	195.0	78.4	104.3	115.6
118	S Methodist	89.2	70.7	78.0	110.2	71.7	137.0
119	S Florida	85.6	45.0	10.0	97.5	71.4	158.1
120	Wake Forest	85.5	112.7	111.0	80.6	89.7	100.7
121	Connecticut	85.3	86.7	75.0	80.3	91.2	87.9
122	Florida Intl	76.8	77.7	43.0	72.4	80.5	145.3
123	S Mississippi	72.9	68.0	102.0	47.0	91.4	154.8
124	Purdue	61.0	64.0	31.0	70.5	49.6	163.3
125	Wash State	53.3	41.3	-10.0	65.4	44.7	21.9
