1	GA Tech	319.5	336.7	279.0	336.2	307.6	292.4
2	Navy	299.9	225.0	235.0	285.2	307.2	283.5
3	Nevada	298.9	247.7	114.0	326.8	275.0	345.5
4	Air Force	298.2	297.3	170.0	307.0	292.0	267.6
5	Auburn	284.2	201.0	254.0	320.6	241.8	206.2
6	Oregon	269.0	275.7	75.0	343.4	215.9	231.7
7	N Illinois	254.1	283.0	203.0	300.5	233.4	191.1
8	Illinois	253.8	376.0	291.0	198.6	293.1	183.7
9	Nebraska	253.0	168.0	94.0	268.3	239.9	147.1
10	Army	247.9	181.0	199.0	258.2	242.8	205.2
11	TX Christian	244.8	200.3	82.0	259.8	234.1	235.7
12	Wisconsin	238.8	306.0	226.0	253.7	224.0	199.3
13	Michigan	234.9	146.0	88.0	254.8	215.0	161.2
14	Ohio State	222.1	215.0	227.0	233.6	203.6	195.9
15	Miss State	216.7	226.0	204.0	210.0	223.3	226.6
16	Stanford	215.2	215.3	247.0	227.8	206.3	218.2
17	Tulsa	213.7	215.7	188.0	231.2	201.1	142.8
18	North Texas	205.5	248.0	298.0	193.3	217.7	185.1
19	Mississippi	205.5	165.7	65.0	236.0	168.8	178.9
20	Boise State	202.0	183.0	202.0	184.7	216.9	193.2
21	Kansas St	199.4	199.0	123.0	191.8	204.9	163.8
22	S Mississippi	199.4	237.0	170.0	229.6	177.9	165.9
23	VA Tech	197.5	148.7	66.0	224.8	174.0	208.2
24	Baylor	196.1	217.3	124.0	245.4	160.9	84.0
25	USC	189.7	155.0	271.0	168.3	208.0	166.8
26	LSU	189.1	209.3	288.0	189.2	189.0	122.9
27	Florida Intl	188.8	178.3	168.0	203.4	179.8	105.0
28	Miami (FL)	186.7	176.7	103.0	212.2	168.4	131.6
29	Central FL	185.9	125.3	124.0	167.3	201.9	131.0
30	Oklahoma St	177.1	127.7	72.0	189.6	162.5	177.3
31	UCLA	177.0	119.0	128.0	211.8	142.2	114.6
32	Alabama	177.0	173.0	275.0	159.2	194.8	207.5
33	Louisville	176.1	117.3	109.0	181.2	171.0	120.5
34	W Kentucky	176.1	240.0	186.0	195.0	162.6	176.3
35	LA Tech	175.7	240.3	104.0	158.0	197.0	184.1
36	E Michigan	175.2	229.0	149.0	155.4	189.4	126.2
37	Washington	172.5	232.7	269.0	159.7	183.6	139.0
38	Florida St	171.5	128.3	218.0	159.0	182.3	155.3
39	Middle Tenn	170.0	208.7	208.0	178.6	163.9	186.0
40	Toledo	169.8	224.3	304.0	176.5	164.1	159.8
41	BYU	168.8	180.7	219.0	200.8	141.4	146.2
42	Pittsburgh	166.8	209.3	263.0	171.8	163.3	179.8
43	Texas A&M	166.1	177.7	155.0	162.0	170.2	184.2
44	Connecticut	164.6	157.0	112.0	193.2	144.1	168.3
45	Florida	162.2	144.3	178.0	144.3	180.2	210.5
46	Utah State	162.1	218.0	250.0	172.2	153.7	186.5
47	Rice	160.4	287.3	200.0	174.3	146.5	109.2
48	W Virginia	160.2	153.0	140.0	172.2	148.3	184.0
49	Ohio	160.0	117.7	99.0	184.2	142.7	106.3
50	Troy	160.0	196.0	220.0	163.8	157.6	151.2
51	San Diego St	158.4	197.0	279.0	183.0	133.8	71.9
52	UAB	157.2	127.3	102.0	182.8	131.7	229.9
53	Northwestern	156.9	191.0	229.0	128.0	171.4	108.9
54	Houston	156.5	97.3	150.0	170.6	144.7	132.6
55	S Carolina	156.1	130.0	139.0	179.2	136.3	113.6
56	Purdue	155.7	124.3	60.0	166.8	142.4	136.1
57	Missouri	155.3	147.7	78.0	172.6	143.0	121.2
58	Temple	153.9	83.0	70.0	143.2	162.8	191.0
59	California	153.5	141.7	191.0	170.2	133.6	154.9
60	Utah	152.9	111.3	107.0	147.7	157.4	160.3
61	Kentucky	152.9	187.7	104.0	178.2	127.7	187.7
62	Arkansas St	152.8	171.0	154.0	199.4	119.4	115.9
63	Texas	152.6	181.0	140.0	151.7	153.8	147.5
64	Iowa State	150.3	103.0	152.0	189.5	103.2	177.8
65	Michigan St	149.9	72.7	-48.0	176.5	123.3	133.7
66	Cincinnati	148.3	187.3	156.0	196.3	90.6	131.4
67	Iowa	147.8	133.0	225.0	170.7	124.8	116.5
68	Arkansas	146.8	158.0	125.0	178.2	124.3	130.8
69	Ball State	145.9	129.0	113.0	146.8	145.3	172.7
70	Fresno St	145.6	95.3	74.0	140.3	150.8	222.2
71	Penn State	144.0	131.3	139.0	163.0	125.0	160.2
72	Vanderbilt	143.2	160.3	166.0	129.7	162.0	135.2
73	Colorado	142.7	168.0	99.0	188.7	96.7	87.9
74	S Florida	142.2	121.3	90.0	151.0	133.5	163.5
75	Oklahoma	142.1	109.7	95.0	192.3	104.4	122.7
76	Georgia	140.5	107.3	82.0	171.0	118.7	149.1
77	S Methodist	140.1	112.7	111.0	159.4	120.9	106.2
78	Arizona St	139.0	148.0	122.0	162.5	123.3	112.0
79	Kansas	138.5	94.0	96.0	166.8	104.4	92.0
80	Texas Tech	137.9	162.7	183.0	117.2	152.7	87.7
81	Syracuse	137.5	140.7	264.0	84.0	168.0	127.6
82	Wake Forest	136.1	130.7	228.0	119.6	149.8	131.8
83	Clemson	135.4	103.7	50.0	146.2	124.7	164.1
84	Virginia	134.4	95.7	70.0	127.2	141.6	96.2
85	Minnesota	132.5	144.7	220.0	128.3	137.6	96.3
86	Maryland	132.4	150.7	297.0	142.8	125.0	103.9
87	TX El Paso	132.2	113.0	-12.0	165.0	108.9	151.2
88	Wyoming	131.8	246.7	215.0	122.8	139.3	127.2
89	N Mex State	130.9	106.3	80.0	133.5	128.3	134.2
90	Tulane	128.9	114.0	40.0	147.7	106.4	95.7
91	Notre Dame	128.5	168.0	196.0	121.6	136.5	128.2
92	W Michigan	127.5	209.7	193.0	114.6	138.3	107.5
93	Boston Col	127.2	163.7	64.0	111.2	143.2	128.7
94	Arizona	127.0	91.0	90.0	113.3	140.7	142.2
95	N Carolina	126.7	133.0	151.0	121.6	130.3	118.4
96	NC State	123.7	113.3	103.0	125.8	122.1	114.8
97	LA Monroe	122.0	180.0	182.0	162.2	88.5	169.4
98	Oregon St	121.8	111.3	90.0	150.0	93.7	138.2
99	E Carolina	120.8	110.0	32.0	156.5	90.3	149.2
100	Buffalo	115.6	86.3	96.0	83.4	142.5	155.6
101	Hawaii	115.5	193.7	71.0	109.9	122.2	100.4
102	Colorado St	113.8	59.7	65.0	165.8	76.7	151.6
103	Kent State	113.5	169.0	140.0	120.0	108.2	112.1
104	New Mexico	111.8	118.7	96.0	117.0	106.5	100.2
105	Duke	105.5	43.7	12.0	101.3	110.6	51.0
106	Akron	104.9	141.3	137.0	116.2	95.5	106.5
107	UNLV	104.1	90.7	92.0	126.3	85.0	118.7
108	LA Lafayette	103.1	144.0	55.0	140.6	76.3	130.1
109	Miami (OH)	102.2	157.3	119.0	122.0	91.2	70.1
110	Central Mich	101.2	80.3	63.0	81.0	112.7	167.6
111	Fla Atlantic	99.9	77.0	69.0	122.5	88.6	151.6
112	Marshall	98.5	91.0	91.0	111.3	85.7	148.6
113	Indiana	96.4	110.3	74.0	89.4	102.2	121.1
114	Tennessee	94.5	82.0	28.0	104.2	84.8	157.3
115	Memphis	92.2	55.3	23.0	106.0	78.3	160.2
116	Wash State	89.8	146.0	110.0	82.4	96.0	70.6
117	Rutgers	88.4	68.3	63.0	128.6	54.8	113.5
118	Idaho	85.6	99.7	171.0	110.0	68.1	164.3
119	San Jose St	77.7	82.0	186.0	37.2	100.9	61.5
120	Bowling Grn	65.7	69.0	114.0	54.4	73.7	88.7
