1	Wake Forest	2.8	2.7	2.0	2.9	2.8	2.7
2	Oklahoma	2.6	2.3	2.0	3.0	2.4	2.0
3	California	2.6	3.3	2.0	3.1	2.0	1.8
4	Boise State	2.6	1.3	2.0	3.4	2.0	1.7
5	Iowa	2.5	3.3	5.0	2.3	2.7	1.8
6	Florida	2.5	2.3	2.0	2.5	2.4	1.5
7	Utah	2.4	4.0	3.0	2.0	2.7	2.5
8	Navy	2.4	1.7	1.0	2.0	2.6	1.3
9	Oregon	2.4	3.0	2.0	1.3	3.3	2.5
10	Rice	2.4	2.0	2.0	3.3	1.6	2.2
11	Boston Col	2.4	1.7	0.0	3.2	1.7	2.5
12	Buffalo	2.4	3.3	5.0	1.7	2.9	1.6
13	E Carolina	2.4	3.7	1.0	2.4	2.3	2.4
14	Ohio State	2.3	1.7	1.0	2.3	2.3	1.6
15	Minnesota	2.3	1.3	1.0	1.8	2.8	1.4
16	BYU	2.3	1.7	3.0	--	2.3	1.4
17	Air Force	2.3	1.7	3.0	2.6	2.1	2.2
18	Vanderbilt	2.3	2.7	3.0	2.0	2.6	1.8
19	Baylor	2.3	3.0	2.0	2.8	1.6	1.6
20	Texas Tech	2.3	1.7	3.0	2.2	2.3	1.7
21	S Carolina	2.2	2.3	3.0	2.3	2.2	1.5
22	TX El Paso	2.2	2.7	1.0	2.8	1.7	2.2
23	LA Tech	2.2	2.0	3.0	3.0	1.7	1.8
24	N Carolina	2.2	1.3	2.0	2.7	1.8	1.7
25	S Mississippi	2.2	1.7	1.0	2.5	2.0	2.2
26	USC	2.2	2.3	3.0	2.7	1.9	2.2
27	Florida St	2.2	2.7	3.0	2.0	2.3	2.2
28	San Jose St	2.2	1.0	3.0	1.6	2.7	2.1
29	GA Tech	2.2	1.3	0.0	2.6	1.8	1.5
30	Central FL	2.2	2.0	0.0	1.6	2.7	2.0
31	Akron	2.2	1.7	3.0	1.4	2.7	2.0
32	VA Tech	2.2	1.7	0.0	2.0	2.2	2.2
33	Arizona St	2.1	2.3	1.0	2.0	2.2	2.0
34	TX Christian	2.1	1.0	2.0	2.0	2.2	1.6
35	Duke	2.1	2.3	2.0	2.2	2.0	1.5
36	Northwestern	2.1	2.3	3.0	2.0	2.2	1.5
37	Temple	2.1	2.0	3.0	1.8	2.3	2.2
38	New Mexico	2.1	1.7	2.0	2.5	1.7	1.8
39	Kentucky	2.1	0.7	1.0	2.3	1.8	2.1
40	W Virginia	2.1	2.7	2.0	1.3	2.8	2.6
41	Hawaii	2.0	1.7	0.0	2.5	1.5	2.0
42	NC State	2.0	3.7	1.0	1.7	2.3	1.2
43	Oklahoma St	2.0	1.0	2.0	2.2	1.8	1.5
44	Utah State	2.0	2.7	2.0	1.8	2.2	1.8
45	UAB	2.0	3.7	2.0	2.2	1.9	1.2
46	Tulsa	1.9	1.3	3.0	2.3	1.6	1.7
47	Arizona	1.9	1.3	3.0	1.7	2.2	2.2
48	Notre Dame	1.9	2.3	2.0	3.0	1.0	2.1
49	Kansas	1.9	1.7	1.0	2.2	1.7	2.9
50	Middle Tenn	1.9	1.7	0.0	3.0	1.1	2.5
51	Florida Intl	1.9	2.0	2.0	1.8	2.0	1.6
52	Penn State	1.9	1.3	1.0	1.8	2.0	2.2
53	Mississippi	1.9	2.0	2.0	2.0	1.8	1.3
54	N Mex State	1.9	0.3	0.0	2.0	1.8	1.1
55	Clemson	1.9	3.7	3.0	2.0	1.8	1.7
56	Kent State	1.9	1.7	1.0	2.2	1.7	1.3
57	Cincinnati	1.8	2.7	5.0	1.4	2.1	3.0
58	Pittsburgh	1.8	3.3	3.0	1.8	1.9	1.5
59	Michigan St	1.8	1.0	2.0	1.4	2.3	1.5
60	Wisconsin	1.8	1.3	0.0	2.2	1.5	1.5
61	Connecticut	1.8	1.7	1.0	2.2	1.6	2.2
62	Nevada	1.8	2.7	3.0	2.0	1.7	1.4
63	Troy	1.8	2.0	1.0	2.2	1.6	2.5
64	Virginia	1.8	1.0	1.0	2.2	1.4	1.7
65	Purdue	1.8	3.0	3.0	1.8	1.8	2.2
66	Iowa State	1.8	1.0	0.0	2.8	1.0	1.6
67	Alabama	1.8	1.3	1.0	1.7	1.9	1.8
68	Ball State	1.8	1.3	0.0	1.6	1.9	2.2
69	Bowling Grn	1.8	2.0	3.0	0.6	2.6	2.0
70	Stanford	1.8	2.0	1.0	2.2	1.4	2.2
71	Colorado St	1.8	1.3	1.0	2.2	1.4	1.9
72	Indiana	1.7	2.3	0.0	1.9	1.5	2.3
73	Arkansas St	1.7	1.7	0.0	2.0	1.6	1.7
74	Oregon St	1.7	0.7	2.0	1.5	1.9	2.5
75	Michigan	1.7	1.3	1.0	2.0	1.2	2.2
76	LA Lafayette	1.7	1.7	3.0	2.2	1.3	1.3
77	Tennessee	1.7	1.3	0.0	1.3	2.2	1.8
78	San Diego St	1.6	1.7	3.0	2.0	1.3	1.6
79	UCLA	1.6	2.7	2.0	1.7	1.4	2.1
80	LSU	1.6	1.7	3.0	1.3	2.0	2.6
81	Toledo	1.6	3.0	3.0	1.3	1.8	2.4
82	Houston	1.6	0.7	2.0	--	1.6	1.7
83	Marshall	1.5	1.0	0.0	1.4	1.7	0.5
84	Illinois	1.5	1.0	1.0	1.8	1.3	2.0
85	Ohio	1.5	0.7	2.0	0.2	2.3	2.1
86	Missouri	1.5	1.0	1.0	1.8	1.4	2.5
87	Fla Atlantic	1.5	1.3	1.0	2.2	1.2	2.5
88	W Michigan	1.5	0.7	0.0	2.2	1.1	1.7
89	E Michigan	1.5	2.0	2.0	1.5	1.4	2.2
90	Arkansas	1.5	0.7	0.0	1.2	1.7	2.4
91	Rutgers	1.4	2.7	4.0	0.8	2.0	1.5
92	Texas A&M	1.4	0.0	0.0	1.4	1.4	1.8
93	Tulane	1.4	1.0	0.0	1.5	1.3	1.5
94	Miss State	1.4	1.0	2.0	1.6	1.2	2.2
95	Auburn	1.4	0.3	0.0	1.8	0.8	1.7
96	Idaho	1.4	1.0	1.0	1.8	1.0	1.9
97	N Illinois	1.3	1.3	1.0	1.0	1.6	1.3
98	North Texas	1.3	2.3	1.0	0.6	1.9	2.0
99	S Florida	1.3	0.7	0.0	1.4	1.3	3.3
100	W Kentucky	1.3	1.3	0.0	1.5	1.2	1.2
101	S Methodist	1.3	0.7	1.0	1.4	1.2	1.8
102	Army	1.3	1.3	0.0	1.0	1.5	1.7
103	Louisville	1.3	1.0	0.0	1.4	1.0	2.1
104	Colorado	1.3	1.0	2.0	1.2	1.3	1.8
105	Georgia	1.2	1.0	1.0	1.0	1.4	2.2
106	Memphis	1.2	1.7	1.0	1.7	0.8	2.0
107	Maryland	1.2	1.0	3.0	1.2	1.3	2.0
108	Central Mich	1.2	0.7	1.0	1.0	1.4	2.3
109	Texas	1.2	1.0	0.0	1.1	1.3	2.1
110	Syracuse	1.2	0.7	2.0	1.0	1.3	1.2
111	LA Monroe	1.2	0.7	1.0	2.2	0.6	1.7
112	Kansas St	1.2	2.3	3.0	1.2	1.2	2.3
113	Nebraska	1.2	2.3	2.0	1.1	1.2	0.9
114	Miami (OH)	1.1	1.7	2.0	1.6	0.7	1.9
115	Miami (FL)	1.1	1.0	1.0	1.2	1.0	2.1
116	UNLV	1.1	1.7	0.0	1.4	0.6	1.8
117	Fresno St	1.0	1.0	1.0	0.8	1.1	1.1
118	Washington	1.0	1.3	0.0	1.1	0.8	1.8
119	Wyoming	0.9	1.7	3.0	1.3	0.4	1.6
120	Wash State	0.8	0.7	1.0	0.8	0.9	1.9
