1	S Florida	3.3	3.7	1.0	4.4	2.6	1.9
2	Cincinnati	3.0	2.3	3.0	2.6	3.3	1.7
3	Kansas	2.9	1.3	3.0	3.5	2.3	2.4
4	Wake Forest	2.7	3.3	1.0	3.3	2.1	2.3
5	LSU	2.6	2.0	3.0	1.9	3.4	1.6
6	W Virginia	2.6	2.0	1.0	2.7	2.6	1.9
7	Utah	2.5	3.0	3.0	3.0	2.1	2.2
8	Boston Col	2.5	3.0	5.0	3.5	1.7	2.8
9	Oregon	2.5	3.3	5.0	2.4	2.7	1.5
10	Fla Atlantic	2.5	1.3	0.0	3.6	1.9	2.2
11	Troy	2.5	1.7	0.0	2.4	2.6	2.0
12	Middle Tenn	2.5	2.7	2.0	2.8	2.3	1.8
13	Oregon St	2.5	3.7	2.0	2.2	2.7	2.2
14	Missouri	2.5	2.3	5.0	2.0	2.8	2.2
15	Arkansas	2.4	2.7	3.0	2.3	2.5	1.4
16	E Carolina	2.4	2.0	4.0	2.7	2.1	2.1
17	Toledo	2.4	1.0	1.0	3.3	1.2	1.4
18	Indiana	2.3	2.3	2.0	2.2	2.5	1.9
19	Central Mich	2.3	2.3	3.0	3.8	1.7	2.1
20	Kansas St	2.3	1.0	3.0	2.8	1.8	2.0
21	Connecticut	2.2	2.0	2.0	2.0	2.5	1.6
22	S Mississippi	2.2	2.7	4.0	2.0	2.4	1.7
23	E Michigan	2.2	1.7	2.0	2.5	2.0	1.2
24	Arizona	2.2	1.7	1.0	2.2	2.2	2.3
25	TX El Paso	2.2	1.0	1.0	1.8	2.5	2.1
26	Rice	2.2	1.3	1.0	1.6	2.7	2.2
27	Michigan	2.2	0.7	0.0	2.4	1.8	2.0
28	Purdue	2.2	0.7	0.0	2.5	1.8	2.0
29	Miss State	2.2	2.0	4.0	1.2	2.9	1.6
30	Air Force	2.2	2.3	2.0	2.4	2.0	1.8
31	Georgia	2.2	3.3	6.0	2.0	2.3	2.3
32	Temple	2.2	2.3	1.0	2.7	1.7	1.4
33	Stanford	2.2	3.3	3.0	1.9	2.8	1.2
34	Florida St	2.2	1.7	4.0	2.4	2.0	1.5
35	USC	2.2	3.0	4.0	1.8	2.4	1.6
36	Ball State	2.2	1.7	1.0	2.0	2.2	1.5
37	VA Tech	2.2	1.7	1.0	1.8	2.4	2.1
38	Penn State	2.2	2.3	3.0	1.9	2.5	1.8
39	Ohio	2.1	2.0	2.0	2.8	1.7	1.8
40	Louisville	2.1	1.3	0.0	1.6	2.5	1.9
41	San Jose St	2.1	2.7	2.0	3.0	1.6	2.2
42	Kentucky	2.1	3.0	2.0	2.0	2.2	2.3
43	Notre Dame	2.1	2.0	2.0	1.3	3.2	1.5
44	Miami (FL)	2.1	1.7	4.0	1.9	2.4	1.6
45	UCLA	2.1	2.7	2.0	2.5	1.7	2.1
46	Texas	2.1	2.7	5.0	1.5	2.6	2.3
47	Oklahoma	2.0	0.7	0.0	2.4	1.6	2.3
48	Maryland	2.0	1.7	3.0	1.2	2.6	1.4
49	Hawaii	2.0	1.3	1.0	1.6	2.3	2.0
50	Akron	2.0	2.3	3.0	2.2	1.9	1.8
51	North Texas	2.0	1.7	1.0	1.2	2.6	1.2
52	Memphis	2.0	1.7	1.0	2.2	1.8	1.7
53	Arizona St	2.0	1.3	1.0	2.2	1.6	1.9
54	Central FL	2.0	2.0	1.0	2.1	1.9	1.0
55	Illinois	2.0	2.0	1.0	2.4	1.7	1.6
56	Bowling Grn	2.0	1.3	0.0	3.4	1.1	1.6
57	Miami (OH)	1.9	2.0	2.0	1.7	2.1	1.8
58	Wash State	1.9	2.0	3.0	2.2	1.7	2.5
59	Colorado St	1.9	1.7	2.0	0.0	2.1	1.1
60	Idaho	1.9	1.0	0.0	2.6	1.3	2.1
61	California	1.8	0.7	0.0	2.0	1.7	2.2
62	Washington	1.8	2.0	3.0	1.9	1.8	1.2
63	New Mexico	1.8	1.7	1.0	2.0	1.7	2.0
64	S Methodist	1.8	1.7	1.0	1.8	1.8	1.8
65	UNLV	1.8	2.0	4.0	1.7	2.0	1.5
66	Utah State	1.8	2.3	4.0	1.4	2.1	1.6
67	Alabama	1.8	1.0	2.0	2.2	1.5	2.1
68	Texas A&M	1.8	2.0	2.0	2.0	1.7	1.8
69	Vanderbilt	1.8	1.7	3.0	1.7	2.0	2.0
70	LA Tech	1.8	1.7	1.0	1.8	1.9	2.2
71	Tennessee	1.8	2.3	2.0	2.3	1.3	1.5
72	Colorado	1.8	2.0	2.0	1.5	2.0	2.2
73	Iowa	1.8	1.3	0.0	1.2	2.3	1.6
74	N Carolina	1.7	2.3	1.0	1.8	1.7	1.5
75	W Michigan	1.7	2.0	1.0	1.4	2.0	2.6
76	LA Monroe	1.7	2.0	2.0	1.5	1.9	2.6
77	Army	1.7	1.0	0.0	2.2	1.4	1.4
78	Tulsa	1.7	2.0	4.0	2.2	1.4	1.1
79	Virginia	1.7	2.7	1.0	1.7	1.7	1.4
80	Arkansas St	1.7	2.3	2.0	1.8	1.5	2.2
81	Houston	1.7	0.7	1.0	2.0	1.6	1.8
82	Boise State	1.7	1.3	1.0	1.0	2.3	2.4
83	Auburn	1.7	1.0	0.0	1.9	1.4	1.9
84	Texas Tech	1.7	1.7	2.0	1.2	2.0	1.8
85	Clemson	1.7	1.7	1.0	1.2	2.2	2.3
86	Iowa State	1.6	1.3	0.0	1.7	1.6	1.4
87	San Diego St	1.6	1.7	1.0	2.0	1.3	1.5
88	Baylor	1.6	0.7	0.0	1.4	1.8	2.0
89	TX Christian	1.6	0.7	0.0	2.3	1.0	2.0
90	Wyoming	1.6	1.0	2.0	1.3	1.8	1.8
91	Florida Intl	1.6	2.0	3.0	1.2	1.9	1.4
92	Buffalo	1.6	0.7	0.0	1.8	1.4	1.7
93	Ohio State	1.6	0.3	1.0	1.5	1.7	2.1
94	S Carolina	1.5	1.3	1.0	1.8	1.2	1.7
95	Tulane	1.5	1.0	2.0	2.0	1.0	1.2
96	Florida	1.5	1.7	4.0	1.4	1.7	2.2
97	Michigan St	1.5	1.7	2.0	1.5	1.6	1.7
98	Rutgers	1.5	1.3	1.0	1.3	1.8	2.3
99	Wisconsin	1.5	2.3	1.0	2.0	1.0	1.8
100	Oklahoma St	1.5	1.0	0.0	2.0	1.1	2.0
101	Duke	1.5	1.7	2.0	1.2	1.7	2.0
102	GA Tech	1.5	1.0	1.0	1.5	1.5	1.8
103	Pittsburgh	1.5	3.0	3.0	1.2	1.8	2.2
104	Northwestern	1.5	1.7	2.0	1.3	1.6	2.0
105	BYU	1.4	1.7	2.0	0.0	1.5	2.1
106	Nevada	1.4	2.0	2.0	1.6	1.3	2.8
107	Minnesota	1.4	1.3	1.0	1.7	1.0	2.5
108	Navy	1.3	1.7	2.0	1.0	1.6	1.8
109	Kent State	1.3	1.3	0.0	0.8	1.6	2.3
110	N Illinois	1.3	0.7	0.0	1.0	1.4	1.6
111	Mississippi	1.3	1.0	2.0	0.8	1.8	1.2
112	LA Lafayette	1.3	0.7	0.0	1.6	1.0	1.4
113	NC State	1.2	1.3	0.0	0.8	1.6	0.9
114	UAB	1.2	0.3	0.0	1.2	1.1	2.2
115	W Kentucky	1.2	2.3	3.0	1.0	1.2	2.0
116	Syracuse	1.2	0.7	1.0	0.6	2.0	2.3
117	N Mex State	1.1	0.3	0.0	1.6	0.7	1.8
118	Fresno St	1.1	1.0	1.0	0.8	1.3	1.2
119	Nebraska	0.9	0.0	0.0	1.1	0.6	1.7
120	Marshall	0.5	0.7	0.0	0.2	0.8	1.8
