1	TX El Paso	5.6	16.7	3.0	1.6	9.0	1.4
2	Wash State	3.7	3.3	3.0	3.4	3.9	1.9
3	Nebraska	3.6	2.7	3.0	4.0	3.4	1.5
4	USC	3.2	3.3	1.0	3.7	2.7	2.7
5	Troy	3.1	3.7	3.0	3.5	3.0	1.6
6	UNLV	2.9	2.0	1.0	3.2	2.7	10.5
7	San Diego St	2.8	2.3	2.0	2.5	3.0	1.8
8	W Virginia	2.8	2.0	0.0	2.9	2.7	2.5
9	Miami (OH)	2.8	3.0	--	3.6	2.2	2.1
10	Tulane	2.7	2.3	2.0	2.2	3.2	3.2
11	S Florida	2.7	3.3	7.0	1.8	3.4	3.1
12	Oregon St	2.5	2.0	--	2.0	3.2	2.0
13	N Illinois	2.5	3.3	4.0	3.5	2.0	2.5
14	Cincinnati	2.5	3.0	4.0	2.6	2.5	2.4
15	Florida St	2.5	2.3	3.0	2.8	2.3	2.4
16	S Mississippi	2.5	3.7	3.0	2.5	2.6	2.0
17	Arkansas	2.5	4.0	3.0	2.7	2.4	2.5
18	North Texas	2.5	1.7	0.0	4.0	1.5	1.8
19	Stanford	2.5	2.7	1.0	2.8	2.3	2.3
20	Oklahoma	2.4	2.7	3.0	1.7	3.0	2.6
21	Utah	2.4	2.3	4.0	1.7	3.2	2.3
22	Miami (FL)	2.4	2.7	2.0	2.0	3.0	1.8
23	UCLA	2.4	1.3	1.0	2.2	2.6	1.9
24	LA Lafayette	2.4	2.7	2.0	3.0	1.8	2.2
25	Florida	2.3	1.0	0.0	2.6	2.1	1.3
26	Notre Dame	2.3	3.7	4.0	2.5	2.2	2.7
27	LSU	2.3	3.3	2.0	2.5	2.1	1.9
28	Arkansas St	2.3	2.7	2.0	2.5	2.2	2.2
29	Nevada	2.3	1.7	1.0	2.2	2.3	1.6
30	Michigan St	2.2	1.0	0.0	2.0	2.3	1.6
31	Texas	2.2	1.7	2.0	2.3	2.2	2.5
32	New Mexico	2.2	1.5	--	2.0	2.4	2.0
33	Syracuse	2.2	2.0	4.0	2.3	2.0	2.3
34	Kent State	2.2	1.7	1.0	2.6	1.8	1.3
35	Washington	2.2	2.7	7.0	3.0	1.6	2.2
36	Wake Forest	2.2	1.0	0.0	1.9	2.6	2.6
37	Utah State	2.2	0.7	1.0	2.8	1.9	1.5
38	Hawaii	2.2	2.3	2.0	3.1	1.0	1.8
39	Purdue	2.2	1.0	2.0	2.7	1.5	1.8
40	W Michigan	2.1	2.0	2.0	1.8	2.3	1.7
41	Navy	2.1	1.7	1.0	3.0	1.6	1.5
42	Toledo	2.1	2.3	1.0	2.4	1.8	2.2
43	BYU	2.1	1.3	2.0	2.0	2.1	2.2
44	TX Christian	2.1	0.5	--	2.3	1.8	3.1
45	Arizona	2.1	2.0	2.0	2.3	1.8	1.6
46	Boise State	2.1	3.0	--	2.4	1.9	2.2
47	Pittsburgh	2.1	1.3	1.0	2.0	2.1	2.5
48	Texas Tech	2.1	2.0	1.0	2.4	1.7	1.2
49	GA Tech	2.1	2.3	6.0	1.8	2.3	1.7
50	Georgia	2.1	2.0	1.0	2.0	2.1	2.1
51	S Carolina	2.0	2.3	2.0	2.2	1.5	1.8
52	Temple	2.0	1.7	2.0	2.0	2.0	1.7
53	VA Tech	2.0	1.7	0.0	2.3	1.7	2.8
54	Arizona St	2.0	1.3	2.0	2.2	1.8	2.9
55	Boston Col	2.0	2.3	5.0	1.7	2.3	2.5
56	Rutgers	2.0	1.3	2.0	2.0	2.0	2.0
57	Kansas St	1.9	1.7	2.0	1.7	2.1	2.7
58	Iowa	1.9	3.3	1.0	2.4	1.3	2.4
59	Ohio State	1.9	1.3	1.0	2.4	1.2	2.1
60	Mississippi	1.9	1.7	0.0	2.3	1.5	2.0
61	UAB	1.9	2.7	0.0	1.8	2.0	2.1
62	Louisville	1.9	1.5	--	2.3	1.5	1.2
63	LA Tech	1.9	1.3	1.0	2.8	1.5	1.2
64	Tulsa	1.9	2.7	1.0	2.6	1.4	2.0
65	Rice	1.9	3.0	3.0	3.0	1.4	1.9
66	Air Force	1.9	2.0	0.0	2.6	1.3	7.2
67	Akron	1.9	2.3	2.0	1.8	2.0	2.0
68	Army	1.8	2.3	1.0	2.0	1.7	1.8
69	Northwestern	1.8	3.3	3.0	0.8	2.7	1.7
70	Clemson	1.8	2.3	1.0	2.2	1.5	2.2
71	E Carolina	1.8	2.3	3.0	1.8	1.8	1.8
72	Colorado	1.8	2.3	0.0	1.5	2.2	2.1
73	Memphis	1.8	1.3	1.0	2.0	1.7	1.6
74	Ohio	1.8	1.3	1.0	3.0	0.8	27.1
75	Wyoming	1.8	1.3	2.0	1.8	1.8	1.8
76	San Jose St	1.8	1.7	1.0	1.5	2.0	3.0
77	Idaho	1.8	1.7	1.0	1.5	2.0	1.2
78	Fresno St	1.8	1.3	1.0	2.0	1.6	2.3
79	Alabama	1.8	2.0	1.0	1.8	1.8	2.5
80	Virginia	1.8	2.0	2.0	1.7	1.9	2.5
81	NC State	1.8	1.7	2.0	1.8	1.7	2.1
82	Iowa State	1.7	1.3	0.0	1.7	1.8	1.8
83	Oregon	1.7	1.7	1.0	2.5	1.0	1.8
84	Tennessee	1.7	2.0	1.0	1.3	2.2	1.8
85	Wisconsin	1.7	2.3	1.0	2.1	1.2	2.6
86	Auburn	1.7	1.7	2.0	2.0	1.3	2.5
87	Missouri	1.7	2.0	0.0	3.0	0.7	1.8
88	California	1.6	1.7	0.0	2.2	1.2	3.0
89	Indiana	1.6	1.7	3.0	2.0	1.3	1.2
90	Michigan	1.6	1.7	1.0	1.9	1.3	1.8
91	Miss State	1.6	0.7	2.0	2.0	1.2	2.0
92	Bowling Grn	1.6	1.0	2.0	0.8	2.1	2.0
93	Texas A&M	1.6	1.0	3.0	2.4	0.4	2.5
94	Duke	1.5	3.0	2.0	1.7	1.4	2.1
95	Baylor	1.5	0.7	2.0	1.8	1.2	1.5
96	Middle Tenn	1.5	2.7	4.0	2.0	1.2	1.7
97	Houston	1.5	1.3	2.0	1.8	1.3	1.9
98	Colorado St	1.5	1.0	1.0	1.7	1.3	2.4
99	Connecticut	1.5	2.7	2.0	2.4	0.7	2.5
100	N Mex State	1.5	1.0	0.0	1.3	1.5	1.4
101	Oklahoma St	1.4	1.3	1.0	1.5	1.3	1.3
102	Maryland	1.4	2.0	2.0	1.4	1.4	3.2
103	Kansas	1.4	1.3	0.0	1.2	1.5	1.4
104	Vanderbilt	1.4	2.3	2.0	0.8	2.0	0.7
105	Kentucky	1.4	0.7	1.0	2.2	0.4	1.8
106	Buffalo	1.4	1.3	1.0	2.2	0.7	1.9
107	Penn State	1.3	2.0	1.0	0.9	2.0	2.2
108	E Michigan	1.3	2.0	0.0	2.0	0.6	1.1
109	Marshall	1.3	0.7	2.0	1.2	1.3	1.7
110	Minnesota	1.2	1.0	1.0	1.0	1.5	1.3
111	Central FL	1.1	1.3	1.0	1.2	1.0	2.2
112	S Methodist	1.1	0.7	1.0	0.5	1.7	1.4
113	LA Monroe	1.0	1.0	1.0	1.0	1.0	1.5
114	Ball State	1.0	0.0	0.0	1.0	1.0	1.4
115	Central Mich	1.0	1.3	0.0	0.8	1.2	1.5
116	N Carolina	0.8	1.0	0.0	1.2	0.5	1.3
117	Illinois	0.5	1.0	2.0	0.6	0.5	1.4
