1	Boise State	2.7	2.0	3.0	3.0	2.4	2.6
2	Ohio State	2.7	3.3	2.0	2.7	2.7	2.3
3	Ohio	2.7	2.0	2.0	3.2	2.4	1.5
4	Texas	2.6	2.3	2.0	2.3	2.9	1.2
5	Indiana	2.5	1.7	0.0	1.8	3.2	1.7
6	Middle Tenn	2.5	2.3	2.0	2.3	2.7	1.9
7	E Carolina	2.5	2.0	1.0	2.4	2.6	2.4
8	Air Force	2.5	3.3	6.0	2.2	2.7	2.3
9	Iowa State	2.5	2.0	2.0	1.8	3.0	1.8
10	Rutgers	2.5	1.7	2.0	2.4	2.5	1.4
11	Iowa	2.4	1.3	1.0	2.5	2.3	2.5
12	Oklahoma	2.3	1.7	2.0	2.4	2.3	2.6
13	Arkansas	2.3	2.3	3.0	2.4	2.3	1.5
14	Oklahoma St	2.3	2.7	5.0	2.3	2.4	2.0
15	Northwestern	2.3	2.7	4.0	1.5	3.2	2.1
16	Central FL	2.3	2.7	2.0	2.7	2.0	2.2
17	UCLA	2.3	3.0	2.0	2.2	2.4	1.6
18	Kent State	2.2	2.0	4.0	3.0	1.5	1.9
19	Temple	2.2	1.3	1.0	3.2	1.4	2.1
20	Florida St	2.2	1.3	1.0	2.2	2.1	2.2
21	Alabama	2.2	2.7	5.0	1.0	3.1	1.8
22	Clemson	2.2	1.0	1.0	2.7	1.7	1.9
23	Kansas St	2.1	1.3	1.0	3.0	1.5	1.2
24	LA Lafayette	2.1	1.7	2.0	2.4	1.8	1.7
25	Houston	2.1	1.7	1.0	--	2.1	1.6
26	Purdue	2.0	2.0	4.0	2.0	2.0	1.8
27	Minnesota	2.0	2.3	4.0	2.0	2.0	2.3
28	Army	2.0	2.3	2.0	2.2	1.8	1.3
29	S Mississippi	2.0	1.7	1.0	2.6	1.6	2.2
30	Nebraska	2.0	2.3	1.0	2.0	2.0	1.2
31	Colorado	2.0	2.3	1.0	1.5	2.5	1.3
32	Wash State	2.0	1.3	2.0	2.8	1.2	0.8
33	Utah	1.9	1.7	3.0	1.7	2.1	2.4
34	Oregon	1.9	1.0	1.0	1.7	2.2	2.4
35	Auburn	1.9	1.7	5.0	2.1	1.6	1.4
36	E Michigan	1.9	2.0	3.0	1.8	2.0	1.5
37	Washington	1.9	1.7	2.0	1.7	2.2	1.0
38	Texas Tech	1.9	2.0	2.0	2.2	1.7	2.3
39	Boston Col	1.9	2.0	2.0	2.7	1.2	2.4
40	Wisconsin	1.9	1.3	1.0	2.0	1.9	1.8
41	TX Christian	1.9	2.7	1.0	2.6	1.4	2.1
42	BYU	1.8	2.7	3.0	1.3	2.3	2.3
43	VA Tech	1.8	2.7	2.0	2.2	1.6	2.2
44	Tennessee	1.8	1.3	1.0	2.1	1.4	1.7
45	GA Tech	1.8	1.7	2.0	1.6	2.0	2.2
46	UAB	1.8	1.3	2.0	2.6	1.3	2.0
47	Pittsburgh	1.8	1.7	2.0	2.0	1.7	1.8
48	S Methodist	1.8	0.7	1.0	1.6	2.0	1.3
49	Connecticut	1.8	1.7	2.0	1.8	1.9	1.8
50	W Virginia	1.8	1.3	0.0	2.5	1.2	2.1
51	W Michigan	1.8	2.3	1.0	2.2	1.6	1.5
52	Miss State	1.8	2.0	4.0	1.5	2.2	1.4
53	Missouri	1.8	2.3	2.0	1.0	2.3	1.5
54	N Illinois	1.8	1.3	1.0	1.6	1.9	1.3
55	Hawaii	1.8	1.3	0.0	1.0	2.5	2.0
56	Penn State	1.8	2.0	3.0	1.1	2.6	1.9
57	Toledo	1.8	1.7	1.0	2.2	1.4	1.6
58	LA Monroe	1.7	1.0	2.0	1.8	1.7	1.2
59	Ball State	1.7	2.7	5.0	1.8	1.7	1.8
60	Virginia	1.7	1.0	1.0	1.3	2.2	1.8
61	N Carolina	1.7	2.3	1.0	1.6	1.8	2.2
62	San Jose St	1.7	1.3	1.0	1.8	1.7	2.2
63	Tulsa	1.7	0.7	1.0	1.6	1.8	1.9
64	Syracuse	1.7	1.3	1.0	1.9	1.5	1.2
65	Arizona St	1.7	0.7	0.0	1.7	1.8	2.1
66	S Florida	1.7	0.7	2.0	0.8	2.3	1.3
67	Duke	1.7	1.0	0.0	1.0	2.2	2.1
68	USC	1.7	2.3	2.0	2.0	1.4	2.2
69	Texas A&M	1.7	1.7	1.0	1.6	1.8	1.4
70	Florida	1.7	0.7	0.0	1.5	1.9	2.5
71	New Mexico	1.7	2.7	2.0	1.7	1.7	2.1
72	Miami (FL)	1.7	2.3	3.0	1.4	1.9	1.1
73	Kentucky	1.7	2.0	0.0	1.7	1.7	2.1
74	California	1.7	0.7	1.0	1.2	2.0	2.6
75	Mississippi	1.6	3.3	7.0	0.6	2.5	1.9
76	Maryland	1.6	1.3	0.0	1.3	2.0	1.2
77	Utah State	1.6	1.0	2.0	1.2	1.9	2.0
78	Navy	1.6	2.0	3.0	1.6	1.6	2.4
79	Troy	1.6	1.3	1.0	1.6	1.6	1.8
80	Notre Dame	1.6	0.7	1.0	1.9	1.2	1.9
81	Arkansas St	1.5	2.0	3.0	2.0	1.3	1.7
82	Buffalo	1.5	1.7	1.0	1.8	1.3	2.4
83	Colorado St	1.5	0.7	0.0	1.6	1.5	1.8
84	Akron	1.5	1.3	2.0	2.0	1.2	2.2
85	Rice	1.5	2.3	0.0	1.5	1.5	2.4
86	TX El Paso	1.5	2.0	3.0	1.3	1.7	2.2
87	Bowling Grn	1.5	2.0	0.0	1.5	1.4	1.8
88	Central Mich	1.5	1.7	1.0	2.2	1.1	1.2
89	LA Tech	1.5	1.3	4.0	2.8	0.7	2.2
90	Michigan	1.5	1.7	1.0	1.4	1.5	1.7
91	Memphis	1.5	1.0	2.0	1.8	1.2	1.2
92	Arizona	1.4	0.7	0.0	1.8	1.1	1.9
93	Florida Intl	1.4	0.7	0.0	--	1.4	1.9
94	Wyoming	1.4	2.3	2.0	2.2	0.9	0.9
95	LSU	1.4	0.3	0.0	1.4	1.3	1.6
96	Nevada	1.4	1.0	0.0	2.0	0.9	1.8
97	Vanderbilt	1.4	1.0	1.0	1.6	1.2	2.3
98	Wake Forest	1.4	1.0	1.0	1.5	1.2	2.8
99	UNLV	1.4	1.3	2.0	1.0	1.8	1.1
100	Kansas	1.4	0.7	1.0	1.2	1.5	1.9
101	N Mex State	1.3	2.0	2.0	1.4	1.3	1.9
102	S Carolina	1.3	1.3	1.0	1.2	1.5	2.2
103	Fla Atlantic	1.3	2.0	0.0	1.4	1.3	1.5
104	Stanford	1.3	1.3	2.0	1.3	1.3	1.8
105	Baylor	1.3	1.3	2.0	1.2	1.3	2.3
106	W Kentucky	1.3	2.0	2.0	--	1.3	1.3
107	Oregon St	1.2	1.7	2.0	0.6	1.7	1.7
108	North Texas	1.2	1.0	3.0	1.0	1.5	1.3
109	Cincinnati	1.2	0.7	0.0	0.6	1.7	1.8
110	Illinois	1.2	0.7	1.0	1.4	1.0	1.5
111	Louisville	1.2	1.0	0.0	1.0	1.3	1.3
112	Fresno St	1.2	2.3	1.0	1.2	1.1	1.0
113	Michigan St	1.2	1.0	2.0	1.0	1.3	1.8
114	Marshall	1.2	1.0	1.0	0.8	1.4	1.5
115	Idaho	1.2	0.7	1.0	1.2	1.1	1.4
116	NC State	1.1	1.0	2.0	0.8	1.5	2.0
117	San Diego St	1.1	1.0	2.0	1.0	1.2	1.6
118	Georgia	1.0	1.3	2.0	1.0	1.0	1.2
119	Miami (OH)	1.0	1.0	0.0	1.2	0.9	1.1
120	Tulane	0.7	0.3	0.0	0.6	0.8	1.4
