1	Kent State	9.2	2.7	4.0	2.0	14.0	2.2
2	LA Tech	7.9	3.7	3.0	16.4	1.9	1.9
3	Fresno St	4.5	1.0	0.0	3.0	5.4	1.8
4	Central Mich	3.2	1.0	0.0	6.0	1.3	1.0
5	North Texas	3.0	3.0	3.0	4.2	2.3	2.5
6	USC	2.9	2.7	5.0	2.7	3.1	3.2
7	Troy	2.7	2.3	0.0	4.2	1.9	3.1
8	Iowa	2.7	3.0	1.0	2.8	2.5	1.9
9	Rutgers	2.6	2.7	2.0	2.6	2.6	2.0
10	Boise State	2.6	3.3	4.0	2.7	2.4	2.1
11	Oregon St	2.6	1.7	1.0	3.0	2.3	2.5
12	TX El Paso	2.5	0.7	0.0	3.0	2.2	5.6
13	Wash State	2.5	2.7	4.0	2.8	2.3	3.7
14	Stanford	2.5	3.0	1.0	2.7	2.4	2.5
15	Kansas	2.5	2.3	1.0	3.5	1.2	1.4
16	S Carolina	2.5	2.0	1.0	2.0	3.0	2.0
17	Nevada	2.5	2.3	2.0	2.4	2.5	2.3
18	Florida St	2.4	2.7	4.0	2.5	2.3	2.5
19	Utah	2.4	1.7	0.0	2.7	2.2	2.4
20	Arizona St	2.3	2.0	2.0	3.7	1.0	2.0
21	Syracuse	2.3	2.3	3.0	3.4	1.6	2.2
22	Miami (FL)	2.3	2.0	2.0	2.3	2.3	2.4
23	Duke	2.3	2.0	1.0	2.2	2.3	1.5
24	Arizona	2.3	4.0	5.0	2.3	2.2	2.1
25	Iowa State	2.3	2.3	1.0	--	2.3	1.7
26	New Mexico	2.2	1.3	0.0	2.2	2.3	2.2
27	VA Tech	2.2	2.0	2.0	2.8	1.7	2.0
28	Louisville	2.2	2.3	1.0	3.2	1.6	1.9
29	Marshall	2.2	2.0	2.0	2.4	2.1	1.3
30	Michigan	2.2	0.7	2.0	2.5	2.0	1.6
31	Pittsburgh	2.2	2.3	1.0	2.6	1.8	2.1
32	Penn State	2.2	2.7	5.0	2.7	1.6	1.3
33	Tennessee	2.2	2.7	5.0	1.4	3.0	1.7
34	San Diego St	2.1	3.7	4.0	2.0	2.2	2.8
35	Washington	2.1	2.3	2.0	2.0	2.2	2.2
36	Kentucky	2.1	2.0	2.0	2.0	2.2	1.4
37	Missouri	2.1	1.3	1.0	2.0	2.2	1.7
38	E Carolina	2.1	2.7	4.0	2.0	2.2	1.8
39	W Virginia	2.1	1.3	3.0	2.0	2.2	2.8
40	Oklahoma St	2.1	1.3	1.0	2.0	2.2	1.4
41	Colorado	2.0	3.0	3.0	1.8	2.1	1.8
42	Florida	2.0	2.7	2.0	2.5	1.5	2.3
43	Middle Tenn	2.0	2.3	3.0	2.0	2.0	1.5
44	Auburn	2.0	1.0	2.0	1.7	2.4	1.7
45	Oregon	2.0	1.3	1.0	2.5	1.4	1.7
46	Miss State	2.0	2.7	4.0	1.3	3.0	1.6
47	Akron	2.0	3.0	1.0	2.0	2.0	1.9
48	Ohio	2.0	0.7	0.0	2.0	2.0	1.8
49	Vanderbilt	2.0	2.0	2.0	3.0	1.0	1.4
50	Notre Dame	1.9	1.3	0.0	1.8	2.0	2.3
51	Texas	1.9	1.0	0.0	1.7	2.2	2.2
52	LSU	1.9	2.3	2.0	2.4	1.2	2.3
53	S Mississippi	1.9	2.0	3.0	0.8	2.7	2.5
54	Utah State	1.9	2.7	4.0	1.0	2.0	2.2
55	Boston Col	1.9	1.3	0.0	3.0	1.3	2.0
56	Buffalo	1.9	1.0	0.0	2.2	1.7	1.4
57	Central FL	1.9	1.3	1.0	1.8	2.0	1.1
58	Alabama	1.9	2.0	3.0	1.8	2.0	1.8
59	Kansas St	1.9	1.7	0.0	1.8	2.0	1.9
60	Texas A&M	1.8	1.3	0.0	2.7	1.0	1.6
61	Idaho	1.8	2.7	3.0	2.5	1.5	1.8
62	BYU	1.8	2.0	2.0	2.0	1.6	2.1
63	Arkansas St	1.8	2.3	0.0	2.2	1.6	2.3
64	Wyoming	1.8	1.7	2.0	1.8	1.8	1.8
65	Rice	1.8	1.0	0.0	1.0	2.5	1.9
66	Bowling Grn	1.8	3.0	2.0	2.5	1.4	1.6
67	Houston	1.8	2.3	1.0	2.0	1.7	1.5
68	Temple	1.8	1.7	0.0	0.8	2.8	2.0
69	N Mex State	1.8	2.7	4.0	2.2	1.4	1.5
70	Toledo	1.8	1.3	1.0	1.8	1.8	2.1
71	Indiana	1.7	1.0	1.0	1.8	1.7	1.6
72	N Illinois	1.7	2.7	1.0	0.8	2.3	2.5
73	San Jose St	1.7	2.0	3.0	2.8	1.0	1.8
74	Oklahoma	1.7	0.7	0.0	2.0	1.3	2.4
75	Wisconsin	1.7	2.3	3.0	1.3	2.0	1.7
76	LA Lafayette	1.7	1.0	1.0	1.5	1.8	2.4
77	California	1.7	1.0	1.0	1.6	1.7	1.6
78	Hawaii	1.7	0.7	1.0	1.4	2.2	2.2
79	Army	1.6	1.7	1.0	2.0	1.3	1.8
80	Connecticut	1.6	2.0	3.0	1.7	1.6	1.5
81	Memphis	1.6	2.0	2.0	1.5	1.7	1.8
82	Minnesota	1.6	0.7	2.0	1.2	2.0	1.2
83	Mississippi	1.6	1.3	3.0	2.0	1.2	1.9
84	Wake Forest	1.6	0.7	1.0	1.8	1.4	2.2
85	Ohio State	1.6	1.7	2.0	0.8	2.3	1.9
86	UCLA	1.6	1.7	1.0	1.5	1.7	2.4
87	Texas Tech	1.6	0.3	1.0	1.8	1.4	2.1
88	Cincinnati	1.6	1.0	2.0	0.6	2.3	2.5
89	LA Monroe	1.6	1.7	3.0	2.0	1.3	1.0
90	TX Christian	1.5	2.0	1.0	1.8	1.2	2.1
91	E Michigan	1.5	1.3	0.0	2.0	1.0	1.3
92	Air Force	1.5	1.7	1.0	1.3	1.8	1.9
93	Nebraska	1.5	0.7	1.0	1.4	1.6	3.6
94	GA Tech	1.5	1.3	3.0	1.0	1.8	2.1
95	Maryland	1.5	1.0	1.0	1.5	1.4	1.4
96	Clemson	1.5	1.3	2.0	2.2	0.6	1.8
97	UAB	1.4	1.0	1.0	2.0	1.0	1.9
98	Miami (OH)	1.4	0.3	0.0	2.8	0.8	2.8
99	N Carolina	1.4	1.3	1.0	1.6	1.2	0.8
100	UNLV	1.4	0.7	1.0	1.2	1.5	2.9
101	Georgia	1.4	1.0	2.0	1.0	1.7	2.1
102	Virginia	1.3	1.7	0.0	1.3	1.3	1.8
103	Colorado St	1.3	1.0	0.0	1.6	1.0	1.5
104	W Michigan	1.3	1.7	4.0	1.0	1.5	2.1
105	Tulsa	1.3	2.3	4.0	1.8	0.8	1.9
106	Purdue	1.2	2.0	1.0	1.7	0.8	2.2
107	Northwestern	1.2	1.0	2.0	1.3	1.2	1.8
108	Tulane	1.2	1.3	0.0	1.0	1.4	2.7
109	NC State	1.2	2.3	2.0	1.6	0.8	1.8
110	Navy	1.2	2.7	3.0	0.8	1.6	2.1
111	Arkansas	1.2	0.7	1.0	1.4	0.8	2.5
112	Michigan St	1.2	0.7	0.0	1.3	1.0	2.2
113	Ball State	1.0	1.0	2.0	1.0	1.0	1.0
114	Illinois	1.0	1.3	1.0	1.3	0.5	0.5
115	S Florida	1.0	0.7	1.0	1.0	1.0	2.7
116	S Methodist	1.0	2.3	1.0	1.4	0.7	1.1
117	Baylor	0.7	0.3	0.0	0.8	0.6	1.5
