1	TX Christian	3.3	3.3	4.0	3.4	3.3	1.5
2	Iowa State	3.0	3.0	3.0	--	3.0	2.3
3	USC	2.9	3.0	1.0	3.0	2.9	2.9
4	LA Tech	2.7	3.0	5.0	2.6	2.8	7.9
5	S Mississippi	2.6	2.3	3.0	2.8	2.6	1.9
6	Oregon	2.6	3.3	2.0	2.6	2.7	2.0
7	Tulsa	2.6	3.0	2.0	2.2	2.9	1.3
8	Baylor	2.6	3.3	8.0	2.8	2.5	0.7
9	S Florida	2.5	1.3	1.0	1.8	3.0	1.0
10	Northwestern	2.5	2.0	4.0	2.5	2.5	1.2
11	Central FL	2.5	1.3	2.0	2.4	2.5	1.9
12	Miami (OH)	2.5	4.3	2.0	3.8	1.3	1.4
13	GA Tech	2.4	1.3	2.0	2.7	2.2	1.5
14	Texas Tech	2.4	0.7	0.0	2.0	2.7	1.6
15	S Methodist	2.4	4.3	7.0	3.0	1.6	1.0
16	Louisville	2.3	2.3	0.0	2.7	2.0	2.2
17	Miami (FL)	2.3	0.3	0.0	2.2	2.5	2.3
18	Florida	2.3	1.7	1.0	2.7	1.8	2.0
19	Arkansas St	2.3	1.7	2.0	3.2	1.7	1.8
20	Arizona St	2.2	1.7	2.0	2.1	2.4	2.3
21	Georgia	2.2	1.7	0.0	2.8	1.7	1.4
22	LA Monroe	2.2	1.7	1.0	2.0	2.3	1.6
23	Bowling Grn	2.2	3.3	1.0	1.8	2.5	1.8
24	W Virginia	2.2	2.7	3.0	2.0	2.3	2.1
25	Boise State	2.2	2.0	1.0	3.0	1.3	2.6
26	Colorado St	2.2	1.3	2.0	2.6	1.9	1.3
27	San Diego St	2.2	3.3	4.0	1.8	2.5	2.1
28	Connecticut	2.1	2.3	2.0	2.4	1.8	1.6
29	Texas A&M	2.1	2.3	3.0	2.8	1.4	1.8
30	W Michigan	2.1	2.3	1.0	2.2	2.0	1.3
31	UAB	2.1	1.7	0.0	1.5	2.5	1.4
32	Purdue	2.1	3.3	5.0	1.7	2.6	1.2
33	Houston	2.1	3.0	1.0	2.6	1.7	1.8
34	Penn State	2.1	2.3	1.0	2.0	2.2	2.2
35	Texas	2.1	3.0	2.0	1.8	2.3	1.9
36	Wisconsin	2.1	2.0	2.0	2.5	1.7	1.7
37	Florida Intl	2.0	2.0	0.0	2.0	2.0	1.0
38	Kansas St	2.0	2.0	2.0	1.7	2.4	1.9
39	Missouri	2.0	2.0	3.0	1.7	2.3	2.1
40	Oregon St	2.0	2.0	0.0	2.2	1.8	2.6
41	S Carolina	2.0	2.3	2.0	2.4	1.4	2.5
42	Miss State	2.0	3.0	4.0	2.0	2.0	2.0
43	TX El Paso	2.0	1.7	3.0	2.2	1.8	2.5
44	Notre Dame	2.0	1.0	2.0	2.2	1.8	1.9
45	Ohio	2.0	1.3	1.0	2.6	1.5	2.0
46	Utah	1.9	1.7	2.0	2.3	1.5	2.4
47	Michigan	1.9	1.7	2.0	1.9	2.0	2.2
48	Idaho	1.9	2.7	1.0	2.0	1.9	1.8
49	Syracuse	1.9	1.7	4.0	2.0	1.8	2.3
50	Oklahoma St	1.9	1.7	1.0	2.0	1.8	2.1
51	Pittsburgh	1.9	2.0	1.0	2.8	1.0	2.2
52	Oklahoma	1.8	1.7	1.0	2.0	1.7	1.7
53	UCLA	1.8	2.7	3.0	2.3	1.3	1.6
54	Nebraska	1.8	2.0	3.0	1.5	2.2	1.5
55	Maryland	1.8	2.0	1.0	1.8	1.8	1.5
56	Wyoming	1.8	1.0	3.0	1.8	1.8	1.8
57	N Carolina	1.8	2.3	2.0	2.0	1.6	1.4
58	Tennessee	1.8	1.7	4.0	1.8	1.8	2.2
59	Temple	1.8	1.7	1.0	2.2	1.5	1.8
60	Stanford	1.8	1.3	2.0	1.6	2.0	2.5
61	VA Tech	1.8	1.7	4.0	1.3	2.1	2.2
62	Nevada	1.8	1.3	1.0	1.8	1.7	2.5
63	Virginia	1.8	1.0	1.0	2.3	1.2	1.3
64	Clemson	1.8	2.0	0.0	1.5	2.0	1.5
65	BYU	1.7	1.7	0.0	1.4	2.0	1.8
66	NC State	1.7	2.7	3.0	1.5	2.0	1.2
67	E Carolina	1.7	1.7	3.0	1.6	1.8	2.1
68	Rutgers	1.7	1.3	2.0	1.4	2.0	2.6
69	Memphis	1.7	2.0	1.0	2.4	1.2	1.6
70	Wash State	1.7	2.0	1.0	1.4	2.0	2.5
71	Arizona	1.7	0.7	0.0	1.0	2.4	2.3
72	Mississippi	1.7	1.7	1.0	2.0	1.4	1.6
73	Hawaii	1.7	1.7	4.0	2.3	0.8	1.7
74	Florida St	1.7	2.0	2.0	1.8	1.6	2.4
75	California	1.6	1.3	2.0	2.0	1.3	1.7
76	Ball State	1.6	0.7	0.0	1.8	1.6	1.0
77	E Michigan	1.6	2.7	5.0	2.2	1.2	1.5
78	San Jose St	1.6	2.0	4.0	2.5	1.0	1.7
79	Marshall	1.6	1.3	0.0	1.6	1.6	2.2
80	Fresno St	1.6	0.7	1.0	2.2	1.1	4.5
81	Wake Forest	1.5	1.3	2.0	1.5	1.6	1.6
82	Air Force	1.5	1.3	2.0	1.4	1.7	1.5
83	N Illinois	1.5	3.0	2.0	1.0	1.9	1.7
84	Boston Col	1.5	2.7	3.0	1.5	1.5	1.9
85	Army	1.5	2.0	1.0	2.0	1.0	1.6
86	Duke	1.5	1.0	2.0	1.4	1.6	2.3
87	Alabama	1.5	0.3	0.0	1.4	1.6	1.9
88	Kent State	1.5	0.0	0.0	0.8	2.0	9.2
89	Kansas	1.5	1.7	3.0	1.3	1.6	2.5
90	Utah State	1.5	2.0	3.0	0.5	2.0	1.9
91	Toledo	1.5	1.0	2.0	1.5	1.4	1.8
92	UNLV	1.5	1.0	2.0	1.8	1.2	1.4
93	Cincinnati	1.4	0.3	1.0	1.8	1.2	1.6
94	New Mexico	1.4	1.7	0.0	0.4	2.2	2.2
95	Central Mich	1.4	1.0	1.0	0.8	1.8	3.2
96	North Texas	1.4	1.0	0.0	1.0	1.7	3.0
97	Middle Tenn	1.4	1.7	2.0	1.2	1.5	2.0
98	Michigan St	1.4	0.7	1.0	1.2	1.6	1.2
99	Washington	1.4	2.3	1.0	0.7	2.2	2.1
100	Navy	1.3	0.3	0.0	2.0	0.9	1.2
101	Colorado	1.3	0.7	1.0	1.3	1.3	2.0
102	Indiana	1.3	0.7	1.0	1.4	1.2	1.7
103	Arkansas	1.3	2.0	3.0	1.6	1.0	1.2
104	Vanderbilt	1.3	1.3	2.0	1.6	1.0	2.0
105	Fla Atlantic	1.3	0.3	1.0	1.2	1.3	0.3
106	Iowa	1.3	1.0	1.0	1.4	1.2	2.7
107	Minnesota	1.2	1.0	2.0	1.2	1.3	1.6
108	Kentucky	1.2	2.0	3.0	1.4	1.0	2.1
109	Auburn	1.2	1.0	1.0	1.2	1.2	2.0
110	N Mex State	1.2	1.3	1.0	1.3	1.0	1.8
111	LSU	1.2	0.7	1.0	1.2	1.1	1.9
112	LA Lafayette	1.1	1.3	2.0	0.8	1.3	1.7
113	Troy	1.1	0.3	0.0	1.2	1.0	2.7
114	Tulane	1.1	1.0	0.0	0.7	1.3	1.2
115	Akron	1.1	0.7	0.0	1.2	1.0	2.0
116	Rice	1.0	1.3	1.0	1.4	0.7	1.8
117	Ohio State	1.0	0.7	0.0	1.3	0.6	1.6
118	Buffalo	0.7	1.0	0.0	0.4	1.0	1.9
119	Illinois	0.6	0.7	0.0	0.0	1.4	1.0
