1	Nevada	2.8	2.0	1.0	3.2	2.6	1.8
2	Boston Col	2.8	3.3	2.0	3.2	2.3	1.5
3	LA Monroe	2.6	2.0	3.0	2.0	2.9	2.2
4	W Michigan	2.6	2.3	3.0	3.2	2.2	2.1
5	Minnesota	2.5	3.7	3.0	2.4	2.6	1.2
6	Wash State	2.5	2.0	2.0	2.5	2.5	1.7
7	Boise State	2.4	3.0	4.0	2.0	2.7	2.2
8	Kansas	2.4	3.3	0.0	2.7	2.0	1.5
9	Texas	2.3	1.7	2.0	2.2	2.5	2.1
10	Georgia	2.3	3.7	4.0	1.8	2.8	2.2
11	Kentucky	2.3	2.0	4.0	3.2	1.5	1.2
12	Kent State	2.3	2.3	1.0	2.6	2.1	1.5
13	Syracuse	2.3	2.0	0.0	2.7	2.0	1.9
14	Rutgers	2.3	2.0	3.0	2.6	2.1	1.7
15	Clemson	2.3	2.7	2.0	2.7	1.8	1.8
16	Wake Forest	2.3	2.3	2.0	2.2	2.4	1.5
17	Oklahoma	2.3	3.0	3.0	2.0	2.5	1.8
18	Arizona	2.3	3.7	2.0	2.2	2.4	1.7
19	Utah	2.2	0.7	2.0	2.2	2.3	1.9
20	LA Tech	2.2	2.0	1.0	2.5	2.1	2.7
21	Florida	2.2	3.0	2.0	1.8	2.6	2.3
22	Oregon St	2.2	2.0	2.0	2.8	1.7	2.0
23	Fla Atlantic	2.2	2.3	1.0	3.3	1.8	1.3
24	Pittsburgh	2.2	0.7	1.0	1.5	3.0	1.9
25	Colorado	2.2	0.7	2.0	2.4	2.0	1.3
26	UAB	2.2	2.3	2.0	2.0	2.3	2.1
27	Missouri	2.2	1.7	2.0	2.2	2.2	2.0
28	California	2.2	1.0	1.0	3.3	1.0	1.6
29	Arkansas St	2.2	1.7	2.0	1.8	2.4	2.3
30	San Jose St	2.2	3.3	4.0	2.0	2.3	1.6
31	Rice	2.2	2.3	1.0	1.8	2.3	1.0
32	Idaho	2.1	1.7	2.0	1.5	2.4	1.9
33	VA Tech	2.1	1.3	1.0	2.1	2.0	1.8
34	TX El Paso	2.1	1.7	0.0	2.2	2.0	2.0
35	E Carolina	2.1	1.3	1.0	2.5	1.7	1.7
36	Ohio State	2.1	1.7	0.0	1.9	2.3	1.0
37	Alabama	2.1	1.0	2.0	2.1	2.0	1.5
38	UCLA	2.1	1.0	1.0	2.4	1.7	1.8
39	BYU	2.1	1.7	2.0	2.7	1.6	1.7
40	Central Mich	2.1	2.3	2.0	2.8	1.7	1.4
41	TX Christian	2.0	2.3	1.0	1.8	2.1	3.3
42	Duke	2.0	2.3	3.0	2.3	1.6	1.5
43	New Mexico	2.0	2.0	0.0	1.6	2.6	1.4
44	Troy	2.0	2.7	5.0	1.2	2.4	1.1
45	Baylor	2.0	2.0	5.0	2.2	1.8	2.6
46	Oklahoma St	2.0	1.3	3.0	2.4	1.7	1.9
47	Kansas St	2.0	2.0	0.0	1.9	2.2	2.0
48	Michigan	2.0	1.7	1.0	2.1	1.8	1.9
49	Northwestern	2.0	2.7	3.0	2.0	2.0	2.5
50	Hawaii	2.0	1.7	2.0	1.9	2.2	1.7
51	Purdue	2.0	2.3	0.0	2.0	2.0	2.1
52	Vanderbilt	2.0	1.7	1.0	2.4	1.7	1.3
53	Auburn	1.9	3.0	2.0	1.5	2.6	1.2
54	Louisville	1.9	3.0	3.0	1.7	2.1	2.3
55	S Florida	1.9	2.3	2.0	2.0	1.9	2.5
56	Arizona St	1.9	1.3	2.0	2.0	1.9	2.2
57	W Virginia	1.9	1.3	2.0	2.2	1.7	2.2
58	Indiana	1.9	2.0	5.0	2.2	1.6	1.3
59	Ohio	1.8	1.7	1.0	1.8	1.9	2.0
60	Houston	1.8	1.7	1.0	1.9	1.8	2.1
61	Texas Tech	1.8	2.0	1.0	2.0	1.7	2.4
62	Air Force	1.8	1.3	1.0	1.3	2.3	1.5
63	Miami (OH)	1.8	1.7	3.0	1.6	2.0	2.5
64	Middle Tenn	1.8	0.7	0.0	2.0	1.8	1.4
65	Penn State	1.8	2.0	3.0	1.8	1.8	2.1
66	Wisconsin	1.8	2.3	2.0	2.2	1.5	2.1
67	S Methodist	1.8	1.7	3.0	2.4	1.3	2.4
68	Marshall	1.8	2.3	0.0	3.0	1.1	1.6
69	N Mex State	1.8	2.0	4.0	1.6	2.0	1.2
70	GA Tech	1.8	0.3	0.0	2.7	1.0	2.4
71	Texas A&M	1.8	2.0	1.0	1.7	1.8	2.1
72	Navy	1.8	2.0	2.0	1.5	1.9	1.3
73	Wyoming	1.8	1.3	3.0	1.7	1.8	1.8
74	Akron	1.8	2.0	1.0	1.2	2.1	1.1
75	Memphis	1.7	2.0	4.0	1.3	2.2	1.7
76	Nebraska	1.7	1.0	2.0	2.3	1.1	1.8
77	S Mississippi	1.7	2.0	2.0	2.4	1.2	2.6
78	Buffalo	1.7	1.3	0.0	2.0	1.4	0.7
79	Michigan St	1.7	2.0	4.0	1.1	2.4	1.4
80	S Carolina	1.7	1.3	2.0	1.5	1.8	2.0
81	Cincinnati	1.7	2.0	2.0	2.2	1.2	1.4
82	Illinois	1.6	2.0	2.0	1.3	2.0	0.6
83	Miss State	1.6	1.0	0.0	1.2	2.2	2.0
84	Connecticut	1.6	1.7	3.0	1.3	2.0	2.1
85	USC	1.6	1.3	2.0	1.2	2.0	2.9
86	LSU	1.6	1.3	2.0	1.8	1.4	1.2
87	Bowling Grn	1.6	1.0	0.0	1.2	1.9	2.2
88	N Illinois	1.6	1.3	0.0	1.8	1.4	1.5
89	Miami (FL)	1.6	1.0	1.0	1.8	1.3	2.3
90	Utah State	1.6	2.0	2.0	1.0	2.0	1.5
91	Iowa	1.6	1.3	1.0	1.7	1.5	1.3
92	Ball State	1.5	1.0	1.0	1.0	2.0	1.6
93	San Diego St	1.5	0.7	1.0	2.2	1.0	2.2
94	Tennessee	1.5	0.7	0.0	1.3	1.8	1.8
95	Oregon	1.5	1.0	2.0	0.8	2.0	2.6
96	Notre Dame	1.5	2.3	2.0	1.6	1.3	2.0
97	Florida St	1.5	2.0	3.0	1.6	1.2	1.7
98	N Carolina	1.5	2.7	2.0	2.0	0.8	1.8
99	UNLV	1.5	1.3	0.0	1.0	1.8	1.5
100	Maryland	1.4	1.0	2.0	1.8	1.0	1.8
101	Virginia	1.4	1.0	1.0	1.5	1.3	1.8
102	Temple	1.4	1.3	2.0	1.8	1.2	1.8
103	Florida Intl	1.4	1.0	1.0	1.6	1.3	2.0
104	Arkansas	1.4	2.3	3.0	0.4	2.0	1.3
105	Army	1.4	1.3	1.0	1.8	1.1	1.5
106	Iowa State	1.4	1.7	1.0	--	1.4	3.0
107	Toledo	1.4	1.0	1.0	1.6	1.2	1.5
108	LA Lafayette	1.4	1.0	1.0	1.0	1.7	1.1
109	E Michigan	1.2	2.3	4.0	1.2	1.2	1.6
110	Stanford	1.2	1.3	1.0	1.0	1.4	1.8
111	Mississippi	1.2	1.3	1.0	1.7	0.6	1.7
112	Tulane	1.2	0.7	0.0	1.2	1.1	1.1
113	North Texas	1.2	0.3	0.0	1.4	1.0	1.4
114	Fresno St	1.2	1.7	2.0	1.5	0.8	1.6
115	Washington	1.2	1.3	1.0	1.0	1.3	1.4
116	Colorado St	1.1	1.0	1.0	1.0	1.1	2.2
117	Tulsa	1.1	0.7	2.0	1.0	1.1	2.6
118	Central FL	1.0	0.7	0.0	0.5	1.6	2.5
119	NC State	0.9	1.3	0.0	0.7	1.2	1.7
