1	Houston	3.2	3.0	3.0	2.7	3.3	2.6
2	Florida St	2.8	3.0	3.0	2.2	3.3	1.5
3	Oklahoma St	2.7	2.3	3.0	2.8	2.6	1.7
4	North Texas	2.6	1.7	2.0	2.7	2.6	1.4
5	Middle Tenn	2.6	1.7	2.0	2.0	3.0	2.5
6	Oregon St	2.5	1.7	2.0	1.6	3.1	2.2
7	W Virginia	2.5	1.7	2.0	2.0	2.8	1.6
8	Tulane	2.4	2.3	2.0	2.8	2.1	2.0
9	Ball State	2.4	1.7	1.0	2.6	2.3	1.1
10	Vanderbilt	2.4	2.3	3.0	1.7	3.2	1.3
11	Clemson	2.4	2.0	4.0	1.8	2.8	1.8
12	TX Christian	2.3	1.7	1.0	2.4	2.2	2.6
13	Wash State	2.2	2.3	3.0	1.8	2.6	1.7
14	S Carolina	2.2	3.7	4.0	2.5	2.0	1.8
15	Buffalo	2.2	2.3	2.0	2.8	2.0	1.5
16	Oregon	2.2	1.7	2.0	2.8	1.7	3.2
17	Missouri	2.2	2.0	3.0	2.3	2.1	1.7
18	Arizona St	2.2	2.3	2.0	2.9	1.5	2.2
19	LA Tech	2.2	2.7	3.0	3.2	1.6	2.2
20	S Florida	2.2	2.7	1.0	2.2	2.2	0.8
21	Baylor	2.2	3.0	3.0	2.3	2.0	1.8
22	Utah State	2.2	3.0	2.0	2.4	2.0	1.6
23	N Illinois	2.2	1.3	2.0	0.8	2.8	1.8
24	Tennessee	2.1	2.3	1.0	3.0	1.0	1.4
25	Connecticut	2.1	2.7	2.0	2.3	1.8	1.0
26	Kansas	2.1	2.0	2.0	2.0	2.2	1.4
27	Louisville	2.1	1.7	1.0	1.7	2.5	1.8
28	Michigan St	2.0	1.3	1.0	2.2	1.9	1.5
29	Kansas St	2.0	2.7	1.0	1.9	2.2	2.5
30	Texas	2.0	1.0	0.0	2.0	2.0	1.6
31	Tulsa	2.0	3.7	2.0	2.3	1.7	1.8
32	Hawaii	2.0	3.0	2.0	2.8	1.2	1.5
33	UCLA	2.0	1.7	2.0	1.7	2.3	2.3
34	Central FL	2.0	1.3	1.0	2.5	1.6	1.9
35	Michigan	2.0	2.3	1.0	2.0	2.0	1.4
36	Oklahoma	1.9	3.0	5.0	1.8	2.0	1.2
37	VA Tech	1.9	1.3	1.0	2.4	1.6	1.6
38	E Carolina	1.9	1.7	3.0	2.6	1.4	1.6
39	Miami (FL)	1.9	2.0	0.0	2.3	1.5	1.8
40	Rice	1.9	1.0	1.0	2.5	1.4	2.1
41	Duke	1.8	1.7	0.0	1.7	2.0	1.7
42	Miss State	1.8	2.7	1.0	2.0	1.7	2.5
43	Ohio	1.8	1.3	0.0	2.3	1.3	1.7
44	Fresno St	1.8	2.0	2.0	1.2	2.5	2.8
45	Northwestern	1.8	0.3	1.0	1.3	2.4	2.3
46	Central Mich	1.8	2.7	3.0	2.2	1.6	1.5
47	Syracuse	1.8	1.7	1.0	1.8	1.7	1.4
48	Boise State	1.8	2.3	1.0	2.2	1.4	2.8
49	W Kentucky	1.7	2.7	1.0	1.2	2.0	1.7
50	Virginia	1.7	1.7	2.0	1.4	2.2	1.1
51	NC State	1.7	0.7	1.0	1.6	2.0	1.8
52	Iowa State	1.7	2.0	4.0	1.4	2.0	2.2
53	Purdue	1.7	2.7	2.0	1.8	1.6	1.8
54	Ohio State	1.7	1.3	2.0	1.7	1.7	1.8
55	Colorado St	1.7	1.3	3.0	1.2	2.0	1.8
56	Cincinnati	1.7	1.3	1.0	2.0	1.4	2.3
57	Washington	1.7	2.3	1.0	1.5	1.8	2.6
58	Arkansas St	1.7	2.7	1.0	2.0	1.4	1.8
59	N Carolina	1.7	1.7	2.0	2.2	1.2	1.9
60	Mississippi	1.7	1.7	2.0	1.7	1.7	2.2
61	Penn State	1.7	2.7	3.0	1.7	1.6	1.8
62	BYU	1.7	1.0	1.0	1.4	1.9	1.7
63	Texas A&M	1.7	0.7	2.0	2.1	1.0	1.1
64	USC	1.6	1.3	2.0	1.4	1.9	2.5
65	S Alabama	1.6	2.3	4.0	1.6	1.7	1.5
66	N Mex State	1.6	1.7	2.0	1.5	1.8	0.5
67	Wyoming	1.6	2.3	2.0	1.6	1.7	1.7
68	Idaho	1.6	1.7	3.0	1.2	1.9	1.9
69	Toledo	1.6	1.0	1.0	1.6	1.7	2.1
70	Texas State	1.6	0.3	0.0	1.2	2.0	2.1
71	LA Monroe	1.6	1.7	3.0	1.8	1.6	2.0
72	S Methodist	1.6	1.7	1.0	1.2	2.0	2.2
73	Fla Atlantic	1.6	1.3	0.0	1.6	1.6	1.5
74	Iowa	1.6	1.7	1.0	1.7	1.5	2.0
75	Minnesota	1.6	1.3	1.0	1.8	1.3	1.5
76	Arizona	1.6	2.0	2.0	1.8	1.4	2.2
77	Navy	1.6	2.3	2.0	1.5	1.6	1.4
78	Miami (OH)	1.6	1.0	1.0	2.0	1.3	1.1
79	S Mississippi	1.6	1.7	5.0	1.4	1.7	1.0
80	Akron	1.5	2.7	1.0	1.8	1.3	1.0
81	Bowling Grn	1.5	1.3	0.0	1.2	1.8	1.8
82	Marshall	1.5	1.3	1.0	2.2	1.1	1.5
83	LA Lafayette	1.5	1.0	3.0	0.8	1.9	1.4
84	Wisconsin	1.5	1.7	2.0	1.2	1.8	1.2
85	LSU	1.5	2.3	3.0	1.3	1.7	2.5
86	Maryland	1.5	1.0	0.0	2.0	1.1	1.6
87	Colorado	1.5	2.0	3.0	2.0	1.2	1.4
88	UNLV	1.5	1.3	1.0	1.7	1.3	1.4
89	U Mass	1.5	2.0	3.0	2.0	1.0	1.6
90	Nevada	1.5	1.0	1.0	2.0	1.0	1.3
91	W Michigan	1.5	2.3	0.0	2.2	1.0	1.4
92	Florida	1.5	0.3	1.0	2.0	1.0	2.4
93	Memphis	1.5	0.3	0.0	1.5	1.4	1.8
94	Army	1.5	1.7	0.0	2.0	1.1	1.2
95	Georgia State	1.4	1.3	1.0	1.8	1.2	1.0
96	Alabama	1.4	1.0	1.0	1.8	1.0	2.2
97	Texas Tech	1.4	1.3	1.0	1.4	1.4	0.9
98	Auburn	1.4	0.7	1.0	1.1	1.8	1.1
99	San Diego St	1.4	1.7	3.0	1.4	1.4	2.1
100	Indiana	1.4	1.0	0.0	1.1	1.8	1.0
101	San Jose St	1.4	0.7	1.0	1.0	1.7	2.3
102	Wake Forest	1.4	1.7	2.0	2.0	0.8	1.9
103	Stanford	1.4	1.3	2.0	1.6	1.1	1.9
104	Rutgers	1.3	1.0	1.0	1.3	1.3	2.6
105	Boston Col	1.3	1.3	2.0	1.8	1.0	1.5
106	Notre Dame	1.3	2.3	4.0	0.7	1.9	1.8
107	Utah	1.3	1.7	3.0	1.5	1.0	1.7
108	Arkansas	1.3	2.0	2.0	1.0	1.5	1.0
109	Pittsburgh	1.2	0.0	0.0	1.3	1.2	1.7
110	Nebraska	1.2	1.0	2.0	1.4	1.0	1.5
111	Temple	1.2	0.7	1.0	1.4	1.0	1.5
112	Kentucky	1.2	1.3	2.0	1.3	1.0	1.1
113	Florida Intl	1.2	1.0	3.0	0.6	1.7	1.5
114	Kent State	1.2	1.3	1.0	1.0	1.3	2.5
115	GA Tech	1.2	1.0	1.0	1.2	1.2	1.7
116	TX-San Ant	1.2	1.7	1.0	1.2	1.2	2.4
117	UAB	1.1	1.7	1.0	1.0	1.1	1.5
118	Georgia	1.1	2.0	1.0	1.2	1.0	2.2
119	California	1.0	0.7	1.0	1.2	0.8	1.9
120	TX El Paso	1.0	0.7	1.0	1.0	1.0	1.5
121	Illinois	0.9	0.7	0.0	0.5	1.4	1.5
122	New Mexico	0.8	0.0	0.0	0.8	0.8	1.8
123	Troy	0.8	1.7	1.0	0.2	1.1	1.7
124	E Michigan	0.8	1.3	2.0	1.0	0.7	1.3
125	Air Force	0.8	0.3	0.0	1.0	0.6	1.2
