1	Oregon	3.2	3.7	2.0	3.0	3.3	2.2
2	Fresno St	2.8	3.0	2.0	3.4	2.4	0.8
3	Boise State	2.8	2.3	3.0	2.3	3.1	2.0
4	Houston	2.6	3.3	6.0	2.7	2.4	2.2
5	Rutgers	2.6	1.7	3.0	3.0	2.3	2.5
6	Washington	2.6	3.3	1.0	2.4	2.7	1.6
7	TX Christian	2.6	2.0	0.0	1.8	3.1	1.8
8	Middle Tenn	2.5	3.0	0.0	3.0	2.3	1.7
9	LSU	2.5	2.7	2.0	2.3	2.8	2.2
10	Miss State	2.5	3.7	3.0	3.2	1.8	1.5
11	Kansas St	2.5	1.7	0.0	3.3	1.7	2.1
12	Kent State	2.5	1.7	0.0	2.5	2.4	2.5
13	USC	2.5	1.3	3.0	2.8	2.1	1.4
14	Florida	2.4	2.3	1.0	2.8	2.0	1.0
15	TX-San Ant	2.4	1.7	2.0	2.3	2.4	--
16	San Jose St	2.3	2.3	1.0	2.2	2.4	2.8
17	Northwestern	2.3	4.0	4.0	1.8	2.8	1.5
18	UCLA	2.3	1.3	3.0	2.6	2.0	1.5
19	Cincinnati	2.3	3.0	4.0	2.4	2.2	2.3
20	Alabama	2.2	1.3	1.0	2.2	2.3	1.7
21	Arizona St	2.2	2.3	1.0	2.4	2.1	2.6
22	Oregon St	2.2	1.7	1.0	2.7	1.8	1.9
23	S Methodist	2.2	2.3	4.0	3.0	1.5	1.2
24	Iowa State	2.2	1.7	1.0	2.0	2.3	1.9
25	LA Tech	2.2	0.7	2.0	1.7	2.7	2.5
26	Mississippi	2.2	2.3	2.0	2.0	2.3	1.2
27	Arizona	2.2	2.3	4.0	2.4	1.8	1.4
28	Georgia	2.2	2.3	3.0	2.0	2.3	2.2
29	Texas State	2.1	2.7	4.0	1.8	2.3	1.5
30	San Diego St	2.1	2.7	3.0	2.5	1.7	2.2
31	Toledo	2.1	1.3	2.0	1.8	2.3	2.1
32	Rice	2.1	1.7	3.0	1.8	2.2	2.2
33	Tulane	2.0	2.7	3.0	2.1	1.8	1.5
34	Iowa	2.0	2.0	2.0	2.5	1.4	1.4
35	LA Monroe	2.0	2.0	2.0	1.6	2.2	1.7
36	Stanford	1.9	1.3	1.0	1.9	2.0	1.7
37	Central FL	1.9	1.7	1.0	1.3	2.4	1.2
38	Notre Dame	1.9	1.7	2.0	2.2	1.7	1.1
39	California	1.9	1.7	1.0	2.2	1.6	1.8
40	N Carolina	1.9	1.3	1.0	2.3	1.4	2.0
41	Idaho	1.9	1.7	2.0	2.2	1.7	1.5
42	Wake Forest	1.9	2.0	3.0	1.8	2.0	1.8
43	Tulsa	1.8	1.3	3.0	1.3	2.3	2.2
44	Louisville	1.8	2.3	3.0	2.3	1.3	1.5
45	Penn State	1.8	1.7	1.0	1.3	2.6	1.9
46	NC State	1.8	1.7	0.0	2.0	1.7	2.6
47	Memphis	1.8	2.7	1.0	1.8	1.8	2.5
48	Miami (FL)	1.8	1.3	0.0	3.0	0.8	1.2
49	Colorado St	1.8	2.0	0.0	2.4	1.3	1.8
50	N Illinois	1.8	1.3	1.0	2.4	1.4	1.9
51	Ohio State	1.8	2.0	4.0	2.4	0.5	1.5
52	Baylor	1.8	2.0	0.0	2.0	1.6	2.2
53	Clemson	1.8	1.3	1.0	2.2	1.3	1.7
54	Arkansas St	1.8	1.3	1.0	1.0	2.3	2.3
55	New Mexico	1.8	0.7	1.0	1.6	1.9	1.1
56	S Carolina	1.8	2.3	2.0	2.2	1.3	2.7
57	Purdue	1.8	2.3	0.0	2.2	1.3	1.7
58	Bowling Grn	1.8	1.7	1.0	2.4	1.3	1.2
59	Pittsburgh	1.7	2.3	2.0	1.8	1.7	1.8
60	Wyoming	1.7	1.7	3.0	1.6	1.8	2.5
61	Utah	1.7	2.7	5.0	2.0	1.5	2.6
62	Wash State	1.7	2.3	2.0	2.5	1.3	1.4
63	Missouri	1.7	1.0	1.0	2.2	1.2	1.8
64	GA Tech	1.7	2.0	3.0	1.7	1.7	1.5
65	BYU	1.7	2.0	5.0	2.4	1.1	1.8
66	Duke	1.7	0.0	0.0	1.7	1.7	1.0
67	Ohio	1.7	1.7	3.0	1.4	1.9	1.8
68	Troy	1.7	1.7	2.0	1.3	2.0	1.6
69	W Kentucky	1.7	2.0	0.0	1.2	2.0	1.7
70	Oklahoma St	1.7	2.7	5.0	2.0	1.3	3.4
71	Maryland	1.6	2.0	1.0	1.4	1.8	2.0
72	Texas	1.6	1.7	3.0	1.8	1.4	2.0
73	W Virginia	1.6	1.3	2.0	1.7	1.4	1.9
74	U Mass	1.6	2.7	1.0	1.0	2.0	1.0
75	VA Tech	1.6	1.7	2.0	2.2	1.1	1.5
76	E Carolina	1.6	1.7	2.0	2.4	1.0	1.8
77	Utah State	1.6	3.0	2.0	1.8	1.4	1.2
78	Illinois	1.5	0.7	2.0	1.3	1.8	1.7
79	Marshall	1.5	1.7	0.0	1.6	1.5	2.2
80	Michigan St	1.5	2.0	2.0	1.4	1.7	1.8
81	Nebraska	1.5	1.3	2.0	2.0	1.1	1.4
82	TX El Paso	1.5	1.3	2.0	1.0	2.0	1.6
83	Minnesota	1.5	2.0	2.0	1.5	1.5	0.8
84	Florida Intl	1.5	2.0	1.0	0.8	2.2	1.5
85	Florida St	1.5	1.7	2.0	0.6	2.1	1.8
86	Central Mich	1.5	2.0	0.0	1.3	1.7	1.0
87	Temple	1.5	1.3	2.0	2.2	0.8	1.4
88	S Alabama	1.5	1.7	4.0	1.4	1.6	2.0
89	Buffalo	1.5	3.3	3.0	1.8	1.2	0.9
90	Hawaii	1.5	2.7	3.0	1.2	1.7	1.8
91	Fla Atlantic	1.5	1.7	0.0	0.8	1.9	1.5
92	UAB	1.5	1.0	0.0	1.4	1.5	1.8
93	Boston Col	1.5	1.0	1.0	1.6	1.3	1.1
94	Navy	1.4	1.7	1.0	1.2	1.5	2.0
95	LA Lafayette	1.4	1.7	1.0	1.4	1.4	1.7
96	Syracuse	1.4	2.0	1.0	1.5	1.4	1.7
97	UNLV	1.4	0.3	0.0	1.3	1.5	1.6
98	Michigan	1.4	1.0	1.0	0.8	1.9	2.1
99	Kansas	1.4	1.0	1.0	2.2	0.7	1.5
100	W Michigan	1.4	0.7	0.0	1.0	1.7	2.3
101	North Texas	1.4	2.0	3.0	1.2	1.4	2.1
102	Colorado	1.4	1.0	1.0	1.0	1.7	1.2
103	Tennessee	1.4	1.0	0.0	1.0	1.8	1.4
104	Nevada	1.3	1.3	3.0	0.8	1.7	1.9
105	Vanderbilt	1.3	3.3	5.0	1.6	1.1	2.2
106	E Michigan	1.3	1.0	0.0	1.2	1.3	0.9
107	Air Force	1.2	1.7	3.0	1.2	1.3	2.0
108	Oklahoma	1.2	1.0	1.0	0.8	1.6	2.1
109	Army	1.2	0.7	1.0	1.6	0.5	1.4
110	Wisconsin	1.2	1.0	0.0	1.0	1.3	1.8
111	Miami (OH)	1.1	1.0	0.0	1.2	1.0	1.4
112	Virginia	1.1	1.0	1.0	0.5	1.8	1.6
113	Auburn	1.1	1.0	1.0	1.0	1.2	1.8
114	Kentucky	1.1	1.7	0.0	1.3	0.8	2.0
115	Texas A&M	1.1	2.0	1.0	1.2	1.0	1.2
116	Ball State	1.1	0.7	0.0	1.6	0.8	1.4
117	Akron	1.0	1.3	2.0	1.0	1.0	1.2
118	Arkansas	1.0	0.7	0.0	0.5	1.6	1.7
119	S Mississippi	1.0	0.3	1.0	1.2	0.8	1.9
120	Indiana	1.0	1.0	1.0	0.6	1.3	1.4
121	Connecticut	1.0	0.7	1.0	1.2	0.8	2.7
122	Texas Tech	0.9	0.3	1.0	0.2	1.7	1.4
123	S Florida	0.8	0.3	0.0	0.8	0.8	2.2
124	N Mex State	0.5	0.3	0.0	0.4	0.7	1.7
