1	LA Tech	3.2	4.0	4.0	4.5	2.5	2.2
2	TX Christian	3.1	3.0	2.0	2.7	3.6	2.3
3	Michigan St	2.7	3.0	2.0	3.5	1.8	2.0
4	Florida Intl	2.7	2.7	2.0	2.5	3.0	1.2
5	Florida	2.6	3.0	4.0	2.0	3.2	1.5
6	Central FL	2.5	2.7	3.0	3.2	1.8	2.0
7	Louisville	2.5	2.3	2.0	2.4	2.5	2.1
8	Ball State	2.4	1.7	0.0	3.0	2.0	2.4
9	Mississippi	2.4	0.7	0.0	2.2	2.6	1.7
10	Temple	2.4	1.7	1.0	2.0	2.7	1.2
11	Tulane	2.4	1.0	1.0	2.4	2.3	2.4
12	Arkansas St	2.3	1.7	2.0	2.2	2.3	1.7
13	Arizona St	2.3	3.0	2.0	2.4	2.2	2.2
14	Memphis	2.3	2.7	2.0	1.8	2.7	1.5
15	Minnesota	2.3	2.0	1.0	2.8	1.6	1.6
16	GA Tech	2.2	2.0	0.0	1.6	2.7	1.2
17	Boise State	2.2	3.0	3.0	2.0	2.5	1.8
18	Ohio State	2.2	2.3	4.0	2.3	2.2	1.7
19	Georgia	2.2	2.0	2.0	1.8	2.6	1.1
20	Nevada	2.2	2.0	4.0	2.2	2.2	1.5
21	Houston	2.2	1.3	0.0	2.3	2.0	3.2
22	Bowling Grn	2.2	1.7	2.0	1.4	2.7	1.5
23	Baylor	2.1	2.3	1.0	2.0	2.2	2.2
24	Northwestern	2.1	3.3	1.0	1.7	2.6	1.8
25	Akron	2.1	2.3	1.0	2.6	1.7	1.5
26	Utah State	2.1	0.7	1.0	2.2	2.0	2.2
27	Washington	2.1	2.3	3.0	2.0	2.2	1.7
28	Auburn	2.0	1.3	3.0	1.7	2.4	1.4
29	Miss State	2.0	1.3	1.0	2.5	1.4	1.8
30	Virginia	2.0	2.7	3.0	2.5	1.4	1.7
31	Florida St	2.0	1.0	1.0	1.8	2.2	2.6
32	Oregon	2.0	1.0	2.0	1.8	2.2	2.2
33	Cincinnati	1.9	2.0	1.0	1.8	2.0	1.7
34	Nebraska	1.9	2.7	4.0	1.5	2.4	1.2
35	Duke	1.9	2.0	2.0	2.3	1.4	1.8
36	Miami (FL)	1.9	1.3	0.0	2.2	1.6	1.9
37	San Diego St	1.9	2.7	2.0	2.4	1.5	1.4
38	Arkansas	1.9	3.0	2.0	2.2	1.7	1.3
39	W Michigan	1.9	3.0	2.0	2.5	1.6	1.5
40	Arizona	1.8	2.0	0.0	2.0	1.7	1.6
41	W Kentucky	1.8	2.0	4.0	1.5	2.2	1.7
42	USC	1.8	1.7	2.0	1.8	1.8	1.6
43	Texas	1.8	2.0	2.0	2.2	1.5	2.0
44	Notre Dame	1.8	1.7	0.0	2.5	1.2	1.3
45	Miami (OH)	1.8	2.0	3.0	2.0	1.7	1.6
46	Syracuse	1.8	1.0	1.0	1.0	2.5	1.8
47	N Illinois	1.8	4.0	4.0	0.2	2.5	2.2
48	Penn State	1.8	2.0	1.0	1.7	1.8	1.7
49	Tennessee	1.7	1.7	3.0	1.8	1.6	2.1
50	North Texas	1.7	2.0	2.0	2.6	1.0	2.6
51	N Mex State	1.7	1.3	2.0	0.8	2.5	1.6
52	Ohio	1.7	2.3	2.0	2.4	1.2	1.8
53	Utah	1.7	1.0	1.0	1.6	1.8	1.3
54	Kansas St	1.7	2.3	1.0	1.8	1.6	2.0
55	Marshall	1.7	1.7	2.0	1.3	2.0	1.5
56	TX El Paso	1.7	1.3	2.0	1.8	1.5	1.0
57	S Alabama	1.7	2.7	3.0	1.3	2.0	1.6
58	Illinois	1.6	2.3	5.0	1.5	1.8	0.9
59	Kentucky	1.6	1.7	4.0	2.0	1.2	1.2
60	Maryland	1.6	1.0	2.0	1.8	1.5	1.5
61	S Florida	1.6	1.0	3.0	2.2	1.0	2.2
62	BYU	1.6	1.3	1.0	0.8	2.3	1.7
63	Clemson	1.6	2.0	1.0	2.2	1.0	2.4
64	Colorado St	1.6	2.7	1.0	2.2	1.2	1.7
65	NC State	1.6	1.7	2.0	1.7	1.6	1.7
66	Kansas	1.6	1.7	0.0	2.2	1.2	2.1
67	Wake Forest	1.6	1.3	1.0	1.6	1.7	1.4
68	Missouri	1.6	1.3	0.0	1.3	1.8	2.2
69	New Mexico	1.6	1.3	1.0	1.3	1.8	0.8
70	Oklahoma	1.6	1.0	1.0	1.2	2.0	1.9
71	Purdue	1.5	2.0	2.0	1.3	1.8	1.7
72	Middle Tenn	1.5	1.0	0.0	1.6	1.5	2.6
73	Air Force	1.5	1.0	1.0	2.6	0.7	0.8
74	Idaho	1.5	1.0	2.0	1.6	1.5	1.6
75	VA Tech	1.5	1.7	1.0	0.8	2.4	1.9
76	Kent State	1.5	1.7	2.0	1.3	1.8	1.2
77	N Carolina	1.5	1.3	0.0	1.2	1.8	1.7
78	Texas State	1.5	2.7	3.0	1.0	2.0	1.6
79	LSU	1.5	1.0	2.0	1.5	1.6	1.5
80	GA Southern	1.5	1.0	1.0	1.2	1.7	0.0
81	Indiana	1.5	2.7	4.0	1.8	1.3	1.4
82	Alabama	1.5	2.0	1.0	1.7	1.3	1.4
83	Fresno St	1.5	2.0	0.0	2.0	1.1	1.8
84	Rice	1.5	1.7	1.0	1.4	1.6	1.9
85	Hawaii	1.5	2.0	2.0	1.0	2.0	2.0
86	TX-San Ant	1.5	1.0	1.0	1.3	1.7	1.2
87	Wyoming	1.5	1.3	2.0	1.8	1.2	1.6
88	Central Mich	1.5	2.0	3.0	1.0	1.8	1.8
89	UAB	1.5	2.0	1.0	2.2	0.8	1.1
90	Troy	1.5	2.0	0.0	1.6	1.3	0.8
91	LA Lafayette	1.5	2.3	2.0	0.8	2.0	1.5
92	Iowa State	1.5	2.0	2.0	1.3	1.6	1.7
93	UNLV	1.4	2.0	1.0	1.6	1.3	1.5
94	U Mass	1.4	2.0	0.0	1.7	1.2	1.5
95	Texas Tech	1.4	1.7	1.0	2.0	0.8	1.4
96	Old Dominion	1.4	1.3	1.0	2.0	0.8	1.0
97	Connecticut	1.4	1.3	3.0	2.0	0.6	2.1
98	California	1.4	1.3	2.0	1.4	1.3	1.0
99	E Carolina	1.4	1.3	1.0	1.0	1.7	1.9
100	Buffalo	1.3	1.3	0.0	1.0	1.6	2.2
101	S Methodist	1.3	2.7	5.0	0.8	1.8	1.6
102	LA Monroe	1.3	1.0	0.0	1.2	1.4	1.6
103	App State	1.3	0.7	1.0	1.0	1.5	3.0
104	Navy	1.3	2.0	1.0	1.4	1.2	1.6
105	Rutgers	1.3	1.7	0.0	1.2	1.3	1.3
106	S Carolina	1.3	2.3	1.0	1.3	1.2	2.2
107	Wisconsin	1.2	0.7	0.0	2.0	0.5	1.5
108	Fla Atlantic	1.2	1.7	1.0	1.6	1.0	1.6
109	Tulsa	1.2	1.0	1.0	1.3	1.2	2.0
110	Army	1.2	1.0	1.0	1.5	1.0	1.5
111	San Jose St	1.2	0.7	0.0	1.2	1.1	1.4
112	Oregon St	1.2	1.3	1.0	1.2	1.2	2.5
113	Iowa	1.2	0.7	2.0	1.3	1.0	1.6
114	W Virginia	1.2	1.7	2.0	1.0	1.3	2.5
115	UCLA	1.2	1.0	0.0	0.5	1.8	2.0
116	Stanford	1.1	2.0	1.0	0.6	1.5	1.4
117	Oklahoma St	1.1	1.0	1.0	0.8	1.3	2.7
118	Boston Col	1.1	1.3	2.0	1.0	1.2	1.3
119	S Mississippi	1.1	0.3	0.0	1.2	1.0	1.6
120	Vanderbilt	1.1	0.7	2.0	1.1	1.0	2.4
121	E Michigan	1.0	0.0	0.0	1.2	0.9	0.8
122	Toledo	1.0	0.7	2.0	1.2	0.8	1.6
123	Pittsburgh	1.0	1.0	0.0	1.2	0.8	1.2
124	Colorado	0.9	0.0	0.0	1.0	0.8	1.5
125	Texas A&M	0.9	1.7	1.0	0.6	1.2	1.7
126	Michigan	0.8	1.0	0.0	0.7	1.0	2.0
127	Georgia State	0.6	0.7	0.0	1.0	0.3	1.4
128	Wash State	0.5	0.3	1.0	0.7	0.4	2.2
