1	Tulsa	2.8	3.3	6.0	2.2	3.3	1.7
2	Oregon	2.7	2.7	2.0	2.6	2.7	1.9
3	Hawaii	2.6	2.3	2.0	2.7	2.5	1.8
4	Oklahoma St	2.6	2.3	4.0	3.0	2.2	2.3
5	Toledo	2.5	2.7	1.0	2.8	2.3	1.8
6	Boston Col	2.5	1.7	3.0	2.2	2.8	1.9
7	VA Tech	2.5	1.7	2.0	1.3	3.4	1.8
8	Army	2.4	2.7	3.0	1.2	3.0	2.0
9	LSU	2.4	3.0	4.0	2.8	2.0	1.4
10	Stanford	2.4	3.0	1.0	2.4	2.4	1.3
11	W Michigan	2.4	2.7	2.0	2.6	2.2	1.8
12	Kent State	2.4	1.7	4.0	3.2	1.7	2.2
13	Miami (OH)	2.4	3.3	5.0	3.0	2.0	1.0
14	Florida	2.3	1.7	5.0	2.2	2.5	1.7
15	Miss State	2.3	2.3	2.0	2.7	2.0	1.8
16	Bowling Grn	2.3	1.3	0.0	3.2	1.7	1.5
17	NC State	2.2	2.0	5.0	1.6	2.7	1.1
18	Connecticut	2.2	3.3	2.0	3.8	1.1	1.8
19	Ohio State	2.2	1.3	1.0	2.9	1.2	2.7
20	Oklahoma	2.2	3.0	2.0	1.5	2.8	2.3
21	Miami (FL)	2.2	0.7	0.0	1.4	2.7	1.7
22	Tennessee	2.2	2.3	2.0	2.0	2.3	1.8
23	Troy	2.2	2.0	2.0	2.0	2.2	1.6
24	Buffalo	2.1	1.3	2.0	1.4	2.7	1.5
25	Maryland	2.0	2.7	4.0	2.0	2.0	1.6
26	Idaho	2.0	2.7	2.0	1.2	2.6	1.2
27	Florida St	2.0	3.0	5.0	1.7	2.3	2.2
28	Arkansas St	2.0	1.3	1.0	3.0	1.3	1.5
29	Illinois	2.0	2.0	2.0	2.0	2.0	1.2
30	Missouri	2.0	2.0	2.0	2.4	1.7	1.8
31	USC	1.9	2.3	3.0	2.0	1.9	1.7
32	Boise State	1.9	2.0	3.0	2.0	1.9	2.7
33	Notre Dame	1.9	2.3	4.0	2.1	1.7	1.6
34	Iowa	1.9	1.7	2.0	2.0	1.8	2.4
35	Texas A&M	1.9	2.3	1.0	1.8	2.0	1.7
36	Georgia	1.9	2.3	2.0	2.4	1.6	1.0
37	S Mississippi	1.9	1.7	1.0	1.8	2.0	2.0
38	Rutgers	1.9	1.3	3.0	1.4	2.3	2.5
39	Ball State	1.9	3.0	2.0	1.8	2.0	1.7
40	Utah	1.8	3.3	4.0	1.5	2.1	1.9
41	Florida Intl	1.8	1.7	4.0	1.0	2.4	1.4
42	Ohio	1.8	1.0	0.0	2.0	1.7	2.7
43	Navy	1.8	1.3	0.0	1.2	2.1	1.6
44	N Carolina	1.8	2.0	3.0	1.0	2.4	1.7
45	Wisconsin	1.8	3.0	0.0	2.2	1.5	1.9
46	Texas Tech	1.8	1.7	1.0	2.8	1.1	1.9
47	Purdue	1.8	2.7	2.0	2.5	1.0	2.0
48	LA Tech	1.8	2.3	0.0	0.8	3.0	1.5
49	N Illinois	1.8	1.0	1.0	2.2	1.6	1.8
50	S Carolina	1.8	1.3	1.0	2.5	1.1	1.3
51	LA Lafayette	1.8	1.0	2.0	1.2	2.1	2.1
52	Alabama	1.8	1.3	1.0	2.2	1.3	2.2
53	Arkansas	1.8	1.3	0.0	1.8	1.7	2.3
54	Tulane	1.7	2.0	2.0	1.7	1.8	0.7
55	Wash State	1.7	2.3	2.0	2.2	1.3	2.0
56	Auburn	1.7	2.0	2.0	1.7	1.7	1.9
57	Central FL	1.7	2.0	2.0	1.3	2.0	2.3
58	BYU	1.7	3.3	3.0	1.5	1.9	1.8
59	Pittsburgh	1.7	1.7	1.0	1.4	1.9	1.8
60	GA Tech	1.7	1.3	0.0	2.6	1.0	1.8
61	Air Force	1.7	2.3	4.0	1.8	1.6	2.5
62	Oregon St	1.7	1.3	2.0	2.0	1.3	1.2
63	Colorado	1.7	1.0	0.0	2.0	1.3	2.0
64	Kansas St	1.7	0.7	0.0	2.2	1.3	2.1
65	Temple	1.6	2.0	1.0	1.6	1.7	2.2
66	Mississippi	1.6	1.7	3.0	1.8	1.4	1.6
67	Iowa State	1.6	1.0	0.0	1.8	1.4	2.5
68	Nevada	1.6	0.7	2.0	1.8	1.4	1.4
69	Michigan St	1.6	1.0	0.0	2.0	1.2	1.2
70	Baylor	1.6	1.0	0.0	2.2	1.1	1.3
71	New Mexico	1.6	1.0	2.0	2.5	0.7	1.7
72	LA Monroe	1.5	1.3	2.0	2.0	1.2	1.7
73	San Jose St	1.5	2.0	0.0	2.0	1.3	1.7
74	California	1.5	1.3	3.0	2.3	0.6	1.7
75	Houston	1.5	1.7	3.0	1.4	1.7	2.1
76	E Carolina	1.5	1.3	2.0	2.3	0.9	2.5
77	Nebraska	1.5	1.3	0.0	2.0	1.1	2.0
78	Northwestern	1.5	1.3	2.0	1.5	1.5	2.3
79	UAB	1.5	1.3	1.0	1.7	1.3	1.8
80	W Virginia	1.5	1.7	1.0	1.7	1.3	1.8
81	Washington	1.5	1.3	2.0	1.8	1.1	1.9
82	Minnesota	1.5	1.3	2.0	1.7	1.2	2.0
83	Central Mich	1.5	1.7	0.0	2.0	1.1	1.5
84	Texas	1.4	2.3	2.0	1.7	1.0	2.6
85	Marshall	1.4	2.3	4.0	1.8	1.0	1.2
86	Clemson	1.4	0.7	2.0	1.7	1.2	2.2
87	Fla Atlantic	1.4	0.7	0.0	2.0	1.1	1.3
88	Penn State	1.4	1.7	2.0	1.7	1.2	1.8
89	Michigan	1.4	1.3	1.0	1.0	1.8	1.5
90	Middle Tenn	1.4	2.3	2.0	1.4	1.4	2.5
91	TX Christian	1.4	1.7	0.0	1.0	1.7	1.9
92	UNLV	1.4	1.3	1.0	2.3	0.6	1.4
93	Duke	1.4	1.3	0.0	1.5	1.2	1.7
94	Louisville	1.3	1.3	1.0	1.5	1.2	1.2
95	UCLA	1.3	1.3	2.0	1.3	1.3	2.3
96	Arizona St	1.3	1.3	1.0	2.0	0.8	1.7
97	Virginia	1.3	0.3	0.0	1.6	1.0	1.7
98	Akron	1.3	2.3	3.0	1.6	1.0	1.5
99	Utah State	1.3	1.0	0.0	1.4	1.2	1.6
100	Arizona	1.2	0.7	0.0	0.8	1.7	1.4
101	Vanderbilt	1.2	1.0	0.0	1.4	1.0	1.4
102	S Florida	1.2	2.3	2.0	1.2	1.3	1.7
103	Kentucky	1.2	1.3	1.0	1.3	1.2	1.7
104	San Diego St	1.2	0.3	1.0	0.7	1.8	1.1
105	Wake Forest	1.2	1.7	2.0	1.6	0.8	1.4
106	Syracuse	1.2	0.7	0.0	0.8	1.4	1.7
107	Cincinnati	1.2	1.7	2.0	1.2	1.2	1.2
108	W Kentucky	1.2	2.0	1.0	0.6	1.6	1.3
109	TX El Paso	1.2	1.0	2.0	0.8	1.4	1.5
110	Colorado St	1.2	2.3	0.0	1.0	1.3	1.5
111	North Texas	1.2	1.7	1.0	0.8	1.5	1.2
112	Rice	1.2	1.0	0.0	1.3	1.0	1.5
113	Wyoming	1.1	0.7	2.0	1.8	0.5	1.4
114	S Methodist	1.1	0.7	0.0	1.1	1.0	1.8
115	N Mex State	1.0	1.3	1.0	1.3	0.7	1.3
116	Kansas	1.0	1.3	2.0	0.8	1.2	1.4
117	Fresno St	1.0	0.3	0.0	0.7	1.3	1.2
118	E Michigan	1.0	0.7	0.0	1.0	1.0	1.9
119	Memphis	1.0	1.7	1.0	1.0	1.0	1.5
120	Indiana	0.8	0.3	1.0	1.0	0.7	2.5
