1	Ohio State	155.1	130.0	174.0	130.5	179.7	182.2
2	Notre Dame	161.6	136.7	152.0	160.1	163.6	203.4
3	Pittsburgh	168.4	115.3	79.0	179.5	155.0	189.4
4	Miss State	172.6	142.0	88.0	172.2	172.9	211.1
5	Auburn	173.7	151.3	104.0	156.7	197.4	168.2
6	Michigan	174.8	154.7	169.0	159.7	196.0	224.9
7	Rutgers	175.6	229.0	292.0	175.0	176.4	153.5
8	S Carolina	177.9	214.0	229.0	177.3	178.6	200.2
9	LSU	182.7	195.0	208.0	153.9	211.6	145.7
10	Utah	183.0	196.3	122.0	152.8	208.9	222.8
11	Troy	183.1	189.0	291.0	178.2	186.6	227.0
12	Clemson	184.0	277.3	233.0	181.7	186.3	177.7
13	W Virginia	188.8	166.0	242.0	178.2	197.9	254.5
14	USC	189.0	233.3	301.0	160.2	213.7	204.8
15	Army	194.1	158.0	7.0	245.0	165.0	168.3
16	Texas Tech	195.5	222.0	96.0	194.0	196.6	192.5
17	Arkansas St	197.2	183.7	123.0	174.0	220.5	160.9
18	Temple	198.8	204.0	276.0	171.8	225.7	208.8
19	Vanderbilt	200.4	204.3	146.0	178.6	238.5	198.1
20	Connecticut	202.8	165.0	268.0	194.7	211.0	186.1
21	UNLV	203.2	177.3	210.0	226.2	180.3	220.3
22	VA Tech	206.7	232.7	249.0	171.3	237.0	130.1
23	Miami (OH)	206.8	139.7	185.0	209.7	204.4	158.3
24	Wyoming	207.7	278.0	245.0	210.0	205.3	156.3
25	BYU	209.2	190.3	154.0	223.0	208.0	205.1
26	S Florida	210.9	250.3	180.0	185.8	228.9	191.8
27	New Mexico	211.6	150.3	137.0	222.3	200.8	242.8
28	Miami (FL)	212.2	277.7	369.0	182.9	253.2	191.4
29	Colorado St	212.3	265.0	229.0	146.0	218.9	186.5
30	NC State	212.7	241.3	217.0	231.2	190.6	175.8
31	Maryland	213.6	184.0	108.0	250.4	187.3	195.3
32	California	214.4	139.0	113.0	225.7	204.7	246.2
33	Penn State	214.5	227.3	164.0	214.0	215.0	202.0
34	Middle Tenn	215.3	234.7	288.0	135.2	272.6	210.9
35	Bowling Grn	216.6	265.0	324.0	203.0	225.1	174.2
36	Mississippi	217.0	183.0	192.0	219.8	213.6	204.2
37	N Carolina	217.0	234.7	215.0	210.2	222.7	185.1
38	Ohio	217.2	216.7	247.0	207.5	222.7	179.8
39	Kentucky	217.2	257.3	276.0	232.3	196.2	278.4
40	Boise State	218.5	287.0	154.0	182.0	255.0	208.2
41	Hawaii	219.2	182.7	175.0	238.8	202.8	255.9
42	Georgia	219.6	252.7	311.0	228.7	210.5	152.0
43	Michigan St	219.7	260.3	249.0	245.0	198.0	230.9
44	Wisconsin	219.9	330.0	365.0	193.5	246.3	136.0
45	TX Christian	220.2	312.0	335.0	182.7	252.3	169.8
46	GA Tech	220.9	260.7	285.0	261.7	180.2	199.2
47	Arkansas	221.6	255.3	136.0	209.3	233.8	190.6
48	N Illinois	222.9	181.7	326.0	225.0	221.7	249.7
49	LA Lafayette	224.4	114.7	99.0	270.2	186.2	208.7
50	Akron	224.9	270.0	382.0	254.5	210.1	186.2
51	Virginia	225.5	266.7	407.0	201.0	246.4	170.2
52	Alabama	225.5	200.0	322.0	240.3	210.7	173.1
53	Arizona St	227.8	273.7	174.0	225.1	232.2	206.2
54	Ball State	228.0	256.0	303.0	201.2	244.8	240.3
55	Oklahoma	228.1	166.3	176.0	186.6	269.6	188.4
56	Iowa	229.2	278.0	367.0	236.0	222.3	216.5
57	Oregon St	230.2	221.0	205.0	211.6	243.4	230.2
58	Buffalo	230.9	238.7	184.0	224.6	235.4	205.6
59	Wake Forest	231.0	239.0	98.0	223.8	237.1	216.8
60	E Michigan	232.5	249.3	246.0	259.8	216.9	187.0
61	UCLA	232.9	180.7	231.0	206.3	255.7	223.4
62	Central FL	233.3	256.3	39.0	269.3	197.3	249.5
63	Houston	233.7	274.0	249.0	227.0	234.3	204.9
64	Kansas	233.8	240.3	171.0	188.5	279.2	279.4
65	W Kentucky	234.5	204.0	202.0	122.0	257.0	159.0
66	S Mississippi	236.0	247.3	334.0	186.8	271.1	185.9
67	W Michigan	237.7	192.0	92.0	259.0	220.0	199.3
68	Arizona	238.5	205.0	247.0	244.6	233.3	215.4
69	Tennessee	238.6	279.0	155.0	199.7	277.6	180.8
70	UAB	239.3	237.0	309.0	172.8	277.3	212.5
71	San Diego St	239.5	215.3	227.0	245.4	234.7	179.3
72	Memphis	239.9	319.3	350.0	234.8	245.0	241.5
73	Fresno St	240.2	265.7	218.0	212.8	259.9	222.2
74	Toledo	240.8	235.7	242.0	231.3	252.2	202.4
75	Fla Atlantic	240.9	272.0	281.0	197.6	268.0	170.5
76	Kent State	242.4	267.0	335.0	297.0	211.1	158.9
77	Florida Intl	243.6	257.7	253.0	220.6	260.0	147.7
78	Air Force	244.1	320.3	305.0	288.2	212.6	213.4
79	Duke	244.1	162.3	75.0	256.2	235.4	237.1
80	Nebraska	244.7	305.0	241.0	229.9	265.4	231.8
81	Florida St	245.4	287.7	358.0	205.4	270.4	198.3
82	San Jose St	246.9	277.0	252.0	295.8	219.0	211.5
83	Purdue	247.5	258.0	292.0	265.3	229.7	241.7
84	Navy	249.2	187.0	238.0	272.2	232.7	221.1
85	Oregon	249.2	181.7	236.0	276.3	217.7	177.1
86	Texas A&M	250.8	241.3	143.0	209.2	292.3	195.8
87	Northwestern	251.8	241.0	220.0	281.2	216.6	204.0
88	Indiana	253.2	291.3	302.0	241.5	264.8	236.1
89	Utah State	254.2	284.0	191.0	252.2	255.6	249.8
90	Boston Col	255.1	177.0	131.0	317.0	202.0	212.5
91	North Texas	256.8	221.3	228.0	209.4	290.6	189.1
92	Marshall	257.2	279.3	389.0	259.4	255.3	249.2
93	Wash State	257.7	238.3	239.0	213.0	289.6	243.1
94	Missouri	258.0	251.7	197.0	268.8	251.2	190.9
95	Florida	258.5	290.0	373.0	226.6	295.8	194.3
96	Illinois	259.1	251.7	289.0	279.0	244.9	181.8
97	Nevada	260.8	291.0	354.0	225.0	286.4	197.7
98	Syracuse	260.9	293.3	431.0	252.9	272.2	214.2
99	Iowa State	261.0	321.0	354.0	228.2	300.4	245.8
100	Louisville	261.2	232.3	265.0	292.6	235.0	215.7
101	Colorado	261.3	309.7	256.0	233.2	285.4	227.6
102	Washington	261.4	359.0	442.0	297.1	219.7	240.2
103	Idaho	264.7	250.0	118.0	217.0	304.5	228.5
104	Stanford	265.6	299.0	252.0	249.1	298.5	177.0
105	Tulsa	266.6	284.0	183.0	270.8	263.5	165.3
106	Cincinnati	267.9	230.0	122.0	240.6	287.4	203.7
107	LA Monroe	269.2	295.7	240.0	278.0	264.1	198.9
108	Kansas St	271.3	372.0	313.0	259.8	280.8	192.3
109	Baylor	274.3	348.3	202.0	303.4	250.0	220.3
110	N Mex State	275.1	237.0	205.0	221.8	319.5	252.4
111	Texas	277.8	377.7	305.0	286.2	270.6	247.2
112	LA Tech	288.1	349.0	404.0	391.0	229.3	272.4
113	Oklahoma St	288.2	208.7	220.0	372.8	227.9	213.3
114	Tulane	288.5	294.3	222.0	298.3	276.8	250.2
115	E Carolina	289.0	245.3	270.0	264.2	310.3	184.2
116	Minnesota	298.3	160.7	118.0	283.7	315.8	270.8
117	S Methodist	301.4	309.7	343.0	345.0	257.8	246.0
118	Central Mich	306.8	336.7	546.0	302.2	308.8	215.1
119	TX El Paso	312.1	249.7	267.0	263.4	352.7	243.0
120	Rice	332.9	264.7	441.0	361.4	309.2	226.6
