1	Alabama	113.5	130.0	75.0	121.5	104.0	227.8
2	NC State	123.0	91.3	110.0	112.6	133.4	291.8
3	Missouri	149.3	197.7	206.0	182.5	109.4	218.8
4	VA Tech	153.9	146.3	189.0	115.8	192.0	240.3
5	LSU	157.2	179.0	287.0	132.3	192.0	184.2
6	Penn State	161.1	173.0	177.0	187.8	129.0	153.3
7	LA Lafayette	165.3	125.3	172.0	152.5	175.6	226.2
8	Wisconsin	166.3	190.3	264.0	160.3	172.3	213.4
9	Maryland	172.1	124.7	123.0	206.5	130.8	190.0
10	Miami (FL)	173.8	148.7	262.0	162.3	185.3	140.9
11	Fresno St	175.9	165.7	162.0	193.2	166.0	204.7
12	S Carolina	177.3	202.7	151.0	162.0	195.6	202.6
13	Miss State	179.5	157.3	138.0	184.8	171.5	282.2
14	Texas Tech	181.3	188.7	246.0	138.4	212.0	256.3
15	Auburn	182.0	198.0	299.0	142.4	237.4	195.1
16	Washington	187.0	193.0	240.0	151.2	230.0	233.4
17	Clemson	191.7	196.3	131.0	177.3	209.0	214.3
18	Ohio	192.7	155.3	190.0	214.8	178.0	218.6
19	Colorado St	193.6	200.7	203.0	171.2	216.0	222.0
20	Georgia	193.6	186.0	170.0	164.8	217.7	174.5
21	Cincinnati	194.2	138.0	137.0	200.0	190.0	200.5
22	Virginia	194.8	220.3	235.0	170.7	218.8	223.0
23	GA Tech	195.6	198.0	231.0	200.8	191.3	221.7
24	Oregon St	196.5	196.0	217.0	169.2	216.0	212.9
25	Nevada	196.8	224.0	271.0	180.6	210.3	235.2
26	Louisville	196.9	113.7	196.0	129.8	244.9	248.5
27	Tulsa	197.3	195.7	312.0	188.0	205.0	178.2
28	Navy	197.4	255.7	207.0	164.2	230.6	190.4
29	Connecticut	199.0	201.3	203.0	169.0	235.0	199.4
30	Kansas St	199.7	232.3	234.0	217.3	173.2	177.7
31	USC	200.0	209.3	245.0	175.3	221.1	276.2
32	S Mississippi	200.9	187.7	134.0	252.6	164.0	174.0
33	Utah State	201.1	239.7	332.0	204.0	200.8	192.8
34	Florida St	201.2	176.0	191.0	197.7	204.7	212.9
35	Vanderbilt	201.2	207.0	189.0	232.0	170.4	211.6
36	Ohio State	201.2	243.0	137.0	174.0	228.5	234.5
37	Iowa	201.3	148.7	228.0	189.7	213.0	221.8
38	Iowa State	201.8	149.3	240.0	--	201.8	233.4
39	Michigan	202.9	212.0	180.0	219.0	186.8	180.5
40	W Virginia	203.0	161.3	157.0	209.4	197.7	259.8
41	LA Monroe	203.1	238.0	195.0	200.3	204.5	240.4
42	Utah	203.3	247.3	251.0	188.5	218.2	200.2
43	Florida	203.9	206.3	171.0	199.5	208.3	218.6
44	Kentucky	204.0	316.0	402.0	199.5	209.4	203.9
45	Oklahoma	204.2	170.0	330.0	190.3	220.5	145.2
46	San Jose St	204.5	191.7	228.0	180.0	220.8	277.9
47	Troy	205.5	162.0	146.0	230.2	191.4	222.0
48	Mississippi	205.6	128.7	150.0	211.5	198.6	276.1
49	N Mex State	206.6	157.7	201.0	184.5	224.2	193.1
50	Duke	206.9	210.7	201.0	222.2	196.7	220.2
51	Houston	207.0	309.7	424.0	215.8	199.7	231.7
52	UNLV	207.3	223.3	175.0	193.6	218.7	239.8
53	Kent State	208.4	192.7	337.0	180.8	226.8	273.8
54	Michigan St	209.0	233.3	416.0	163.3	254.7	255.2
55	Boston Col	211.5	211.7	259.0	209.2	212.9	229.4
56	Wyoming	212.5	156.3	185.0	243.8	186.5	211.2
57	Buffalo	213.5	232.3	285.0	214.4	212.8	252.5
58	Texas	213.7	260.7	227.0	168.7	258.7	177.3
59	Rice	214.5	189.3	174.0	230.6	201.2	224.8
60	San Diego St	214.9	229.3	216.0	248.8	192.3	168.5
61	New Mexico	214.9	205.7	124.0	255.2	186.1	229.1
62	Air Force	215.0	217.7	229.0	211.7	220.0	191.8
63	Arkansas	216.5	185.0	173.0	198.6	248.0	187.0
64	Oregon	216.8	286.0	368.0	171.5	271.2	259.9
65	Central FL	217.2	236.0	426.0	237.4	200.3	198.4
66	Tulane	218.3	272.7	306.0	238.4	198.2	217.3
67	TX El Paso	218.8	214.3	333.0	238.4	202.5	269.2
68	N Carolina	219.5	179.7	249.0	210.4	227.2	278.2
69	Miami (OH)	220.2	267.0	114.0	222.2	219.2	227.5
70	Baylor	220.4	256.3	199.0	183.0	257.8	268.7
71	Oklahoma St	222.4	247.0	189.0	209.2	235.7	251.4
72	UCLA	222.8	254.3	329.0	171.7	274.0	200.7
73	E Carolina	223.5	220.0	227.0	230.4	217.8	197.6
74	Marshall	223.7	319.7	231.0	167.0	264.1	182.2
75	Illinois	223.8	225.7	184.0	242.3	196.0	185.7
76	N Illinois	224.4	228.7	122.0	219.8	227.0	219.4
77	Arkansas St	224.6	187.7	188.0	208.0	234.1	262.1
78	Kansas	227.8	234.7	262.0	238.2	215.4	222.7
79	BYU	229.3	185.3	184.0	203.7	260.0	176.2
80	Hawaii	229.8	355.0	416.0	247.9	193.8	247.2
81	LA Tech	231.2	193.0	72.0	218.0	240.7	272.2
82	Idaho	232.1	281.7	413.0	241.2	227.5	203.5
83	Wash State	233.2	248.0	177.0	234.2	232.3	227.7
84	Arizona St	236.0	255.3	281.0	238.5	233.5	248.4
85	Tennessee	236.4	277.7	241.0	203.7	274.5	186.1
86	Akron	237.0	268.0	208.0	264.4	214.2	243.6
87	Rutgers	237.0	232.3	264.0	245.8	228.2	216.4
88	North Texas	237.8	225.3	247.0	263.2	223.3	212.5
89	California	238.4	326.7	520.0	217.2	253.6	251.1
90	Syracuse	239.8	203.3	229.0	293.0	201.7	225.7
91	Purdue	239.9	267.0	370.0	185.8	294.0	205.6
92	Army	240.7	216.3	100.0	243.0	238.8	253.4
93	Texas A&M	245.0	222.3	233.0	262.0	228.0	206.4
94	Wake Forest	246.5	273.0	164.0	222.6	270.4	279.8
95	Temple	246.6	216.7	236.0	259.0	234.2	215.6
96	Stanford	248.9	305.3	167.0	258.2	237.8	296.3
97	Northwestern	251.8	248.0	405.0	249.0	254.5	253.2
98	Pittsburgh	252.9	226.3	328.0	241.6	262.3	217.6
99	Boise State	253.7	225.7	235.0	239.6	273.4	259.2
100	Minnesota	256.4	291.0	243.0	236.2	273.2	217.7
101	Central Mich	256.9	309.3	397.0	298.0	229.5	246.4
102	S Methodist	257.6	322.3	363.0	297.8	224.2	225.3
103	Indiana	257.6	308.0	590.0	228.4	282.0	241.5
104	Bowling Grn	257.8	341.7	324.0	289.2	239.9	212.2
105	S Florida	259.9	313.7	422.0	224.4	295.4	193.9
106	Colorado	260.2	298.7	328.0	227.8	288.0	281.2
107	Ball State	260.6	160.3	208.0	201.4	310.0	200.4
108	Arizona	263.4	326.7	414.0	249.7	284.0	279.2
109	Middle Tenn	267.3	277.7	144.0	226.0	294.8	258.0
110	UAB	270.0	295.3	405.0	260.0	277.1	208.2
111	Nebraska	272.1	333.0	222.0	228.2	316.0	177.8
112	Toledo	275.1	319.3	239.0	270.0	278.2	244.8
113	Memphis	276.9	297.3	365.0	243.5	296.0	185.6
114	W Michigan	278.1	278.0	169.0	316.0	252.8	250.1
115	Notre Dame	281.2	365.7	358.0	310.0	252.5	213.0
116	E Michigan	282.0	267.3	158.0	261.4	302.6	210.2
117	TX Christian	304.0	303.3	282.0	298.8	310.2	250.0
