1	USC	134.4	141.3	273.0	126.8	140.9	189.0
2	N Mex State	155.0	149.0	169.0	163.8	147.7	275.1
3	Clemson	158.5	203.0	237.0	142.4	172.0	184.0
4	Tennessee	160.4	128.0	97.0	126.4	208.0	238.6
5	N Illinois	164.2	100.7	144.0	122.2	194.3	222.9
6	S Carolina	164.3	173.0	147.0	160.7	168.0	177.9
7	San Jose St	168.1	120.0	71.0	134.2	196.3	246.9
8	TX Christian	168.1	116.5	222.0	122.6	206.0	220.2
9	UCLA	168.4	140.0	269.0	191.1	136.6	232.9
10	Florida St	168.9	155.3	132.0	196.2	146.2	245.4
11	Auburn	169.2	177.7	178.0	189.0	145.4	173.7
12	Connecticut	171.4	159.3	213.0	183.4	162.9	202.8
13	VA Tech	172.2	193.0	239.0	108.4	212.0	206.7
14	Wake Forest	172.5	100.7	32.0	180.1	163.7	231.0
15	Tulane	172.8	122.3	109.0	166.5	179.2	288.5
16	Miami (FL)	173.0	129.0	121.0	145.4	192.7	212.2
17	Boston Col	174.1	188.3	121.0	188.3	161.9	255.1
18	Vanderbilt	174.9	128.0	190.0	177.3	172.9	200.4
19	Florida	177.2	194.3	256.0	155.5	195.9	258.5
20	Utah	180.8	210.3	177.0	223.2	150.4	183.0
21	Miami (OH)	180.8	206.0	190.0	182.2	179.7	206.8
22	Bowling Grn	180.8	184.0	67.0	228.2	147.0	216.6
23	Oregon St	180.9	185.3	89.0	188.8	174.1	230.2
24	Purdue	181.2	106.0	92.0	189.2	171.6	247.5
25	Arizona	181.9	225.3	328.0	182.6	181.2	238.5
26	Miss State	182.3	246.7	241.0	192.6	173.7	172.6
27	Virginia	183.5	147.3	176.0	218.7	141.4	225.5
28	Penn State	185.9	252.3	413.0	164.7	207.2	214.5
29	Wyoming	187.2	170.3	236.0	202.7	168.6	207.7
30	Alabama	189.4	221.7	336.0	157.4	221.3	225.5
31	Georgia	189.8	134.3	205.0	162.6	209.3	219.6
32	W Virginia	191.6	207.3	277.0	167.0	216.2	188.8
33	Ohio State	191.8	247.3	414.0	158.3	225.2	155.1
34	Wash State	192.4	223.7	315.0	170.2	208.3	257.7
35	California	192.9	200.7	194.0	205.7	178.0	214.4
36	Pittsburgh	193.0	138.7	193.0	222.2	168.0	168.4
37	Notre Dame	195.7	249.0	326.0	226.5	169.3	161.6
38	E Carolina	197.1	237.3	204.0	200.6	195.1	289.0
39	Boise State	198.3	216.3	197.0	222.0	181.4	218.5
40	Troy	199.4	173.3	276.0	151.2	223.5	183.1
41	Ohio	199.5	246.0	274.0	235.2	179.1	217.2
42	Army	200.2	268.3	62.0	124.8	263.0	194.1
43	Rutgers	200.8	180.0	268.0	163.3	238.3	175.6
44	Fresno St	200.8	236.7	257.0	175.4	216.8	240.2
45	Kentucky	201.4	184.0	296.0	211.5	191.3	217.2
46	Navy	202.0	111.3	166.0	220.8	192.6	249.2
47	GA Tech	202.1	284.3	163.0	227.4	181.0	220.9
48	Hawaii	203.0	224.0	413.0	153.5	252.5	219.2
49	Toledo	203.0	220.3	240.0	210.5	195.5	240.8
50	Ball State	203.2	201.7	193.0	174.8	221.0	228.0
51	Wisconsin	204.2	206.3	276.0	217.3	191.0	219.9
52	S Florida	205.6	145.3	172.0	230.2	188.0	210.9
53	Illinois	206.1	193.3	230.0	161.6	243.2	259.1
54	Air Force	206.4	309.3	252.0	195.4	214.3	244.1
55	Iowa	206.8	216.0	270.0	218.2	195.5	229.2
56	Colorado	207.4	220.3	229.0	194.8	217.8	261.3
57	W Kentucky	209.8	267.3	292.0	188.8	223.8	234.5
58	UNLV	210.1	226.0	387.0	162.6	276.6	203.2
59	Washington	211.2	140.0	118.0	232.7	181.2	261.4
60	Cincinnati	211.5	158.0	140.0	177.8	232.6	267.9
61	Akron	211.6	231.3	220.0	281.8	161.4	224.9
62	Arizona St	212.3	208.0	284.0	198.0	229.4	227.8
63	San Diego St	212.4	317.3	316.0	234.4	194.0	239.5
64	Middle Tenn	212.8	225.7	243.0	197.6	223.7	215.3
65	Florida Intl	212.9	227.7	138.0	130.2	272.0	243.6
66	Arkansas	213.5	193.7	143.0	201.2	223.7	221.6
67	New Mexico	213.5	211.7	237.0	168.7	258.3	211.6
68	Michigan St	213.7	250.7	250.0	158.6	278.0	219.7
69	Kent State	213.7	231.7	240.0	225.2	207.1	242.4
70	Memphis	213.8	187.3	264.0	184.7	242.8	239.9
71	BYU	215.8	243.3	325.0	--	215.8	209.2
72	LA Lafayette	216.3	205.7	242.0	218.6	214.7	224.4
73	Northwestern	217.2	165.0	200.0	202.8	231.5	251.8
74	LSU	217.6	245.7	150.0	215.1	221.0	182.7
75	Arkansas St	218.9	198.0	181.0	248.8	201.9	197.2
76	Syracuse	218.9	211.0	272.0	210.8	225.7	260.9
77	Duke	219.5	221.0	190.0	211.5	229.0	244.1
78	Colorado St	219.7	203.3	186.0	262.4	189.1	212.3
79	Central FL	219.8	170.3	244.0	255.6	190.0	233.3
80	Fla Atlantic	221.4	310.7	253.0	197.5	232.0	240.9
81	Temple	221.7	294.0	166.0	241.6	207.4	198.8
82	N Carolina	224.9	296.3	332.0	219.0	230.8	217.0
83	Maryland	225.8	224.3	370.0	234.7	216.8	213.6
84	S Mississippi	226.3	232.3	255.0	185.2	261.6	236.0
85	E Michigan	226.4	362.3	378.0	201.0	240.9	232.5
86	Stanford	226.7	127.0	101.0	223.2	229.1	265.6
87	LA Monroe	228.9	229.0	239.0	255.5	213.7	269.2
88	Mississippi	229.8	210.0	364.0	188.2	271.5	217.0
89	Michigan	230.0	162.3	184.0	258.1	190.6	174.8
90	Nebraska	231.4	214.3	206.0	237.8	221.2	244.7
91	Buffalo	235.2	171.3	49.0	206.0	257.1	230.9
92	Houston	240.1	288.0	109.0	--	240.1	233.7
93	Texas Tech	240.2	236.3	292.0	227.4	250.8	195.5
94	Minnesota	242.2	282.7	345.0	225.3	259.0	298.3
95	Tulsa	242.4	147.3	143.0	208.5	271.4	266.6
96	Texas A&M	242.7	295.3	320.0	230.0	260.4	250.8
97	Louisville	248.1	281.0	447.0	217.6	301.5	261.2
98	Utah State	251.0	255.3	163.0	225.8	276.2	254.2
99	NC State	253.8	245.0	319.0	279.3	228.2	212.7
100	S Methodist	255.9	250.7	212.0	250.8	260.2	301.4
101	Marshall	255.9	219.0	313.0	237.0	271.7	257.2
102	Idaho	258.2	263.3	286.0	262.4	254.7	264.7
103	Texas	259.4	234.3	176.0	227.6	296.5	277.8
104	UAB	263.3	202.3	105.0	282.2	252.4	239.3
105	W Michigan	263.5	268.7	320.0	247.5	271.5	237.7
106	LA Tech	264.0	356.3	186.0	275.6	255.7	288.1
107	Baylor	265.9	284.3	309.0	269.5	261.6	274.3
108	Kansas	268.1	264.7	251.0	212.7	323.5	233.8
109	Oklahoma	269.3	259.7	231.0	276.6	264.8	228.1
110	Rice	269.5	264.7	217.0	275.3	264.4	332.9
111	Oregon	270.2	350.7	350.0	250.8	286.9	249.2
112	TX El Paso	270.2	287.0	244.0	229.8	310.7	312.1
113	Indiana	273.1	298.7	479.0	246.1	320.2	253.2
114	Kansas St	275.4	340.7	462.0	291.8	255.6	271.3
115	North Texas	275.5	236.0	205.0	310.6	250.4	256.8
116	Iowa State	286.4	293.7	279.0	304.6	271.2	261.0
117	Oklahoma St	288.1	266.3	258.0	274.8	301.3	288.2
118	Missouri	289.2	354.3	304.0	191.8	350.1	258.0
119	Central Mich	294.4	332.3	306.0	269.8	306.8	306.8
120	Nevada	318.9	290.0	198.0	336.6	306.3	260.8
