1	VA Tech	130.1	130.0	129.0	114.3	152.2	154.2
2	Wisconsin	136.0	137.7	136.0	122.2	149.8	249.8
3	LSU	145.7	101.7	148.0	149.6	139.4	183.2
4	Florida Intl	147.7	118.7	53.0	134.2	157.3	231.0
5	Georgia	152.0	74.7	147.0	161.3	142.7	169.6
6	Rutgers	153.5	148.0	131.0	96.8	194.0	228.5
7	Wyoming	156.3	222.3	162.0	125.0	187.7	207.4
8	Miami (OH)	158.3	156.3	133.0	153.4	161.9	207.9
9	Kent State	158.9	194.3	268.0	153.0	163.1	183.0
10	Arkansas St	160.9	169.3	107.0	106.2	188.2	199.7
11	Tulsa	165.3	169.3	240.0	145.0	179.9	183.3
12	Auburn	168.2	199.0	126.0	164.5	174.0	200.1
13	Army	168.3	91.0	11.0	158.5	173.9	170.0
14	TX Christian	169.8	130.0	80.0	152.4	182.3	221.2
15	Virginia	170.2	174.7	146.0	135.3	205.0	224.6
16	Fla Atlantic	170.5	187.3	153.0	169.0	171.1	176.6
17	Alabama	173.1	185.3	212.0	154.4	203.0	160.8
18	Bowling Grn	174.2	161.7	107.0	156.2	187.1	204.9
19	NC State	175.8	167.7	220.0	204.0	142.0	192.5
20	Stanford	177.0	172.0	217.0	160.8	188.6	289.4
21	Oregon	177.1	254.3	375.0	153.6	193.9	233.8
22	Clemson	177.7	229.3	309.0	183.0	171.5	196.0
23	San Diego St	179.3	203.7	175.0	161.0	194.5	220.8
24	Ohio	179.8	218.0	160.0	177.5	180.9	283.2
25	Tennessee	180.8	196.0	197.0	199.3	159.3	215.7
26	Illinois	181.8	202.0	269.0	174.7	190.4	235.3
27	Ohio State	182.2	236.7	214.0	179.0	185.8	207.9
28	E Carolina	184.2	198.3	130.0	218.3	154.9	184.9
29	N Carolina	185.1	210.0	291.0	143.8	234.6	211.0
30	S Mississippi	185.9	194.0	177.0	203.4	175.0	237.9
31	Connecticut	186.1	261.0	349.0	181.2	192.0	161.1
32	Akron	186.2	138.7	217.0	186.8	185.7	180.8
33	Colorado St	186.5	209.3	51.0	234.8	158.9	206.0
34	E Michigan	187.0	200.0	261.0	181.5	189.8	209.5
35	Oklahoma	188.4	264.0	267.0	143.3	222.2	216.1
36	North Texas	189.1	156.0	193.0	194.8	185.0	215.7
37	Pittsburgh	189.4	235.0	337.0	179.3	201.4	163.8
38	Arkansas	190.6	203.3	206.0	190.8	190.5	214.3
39	Missouri	190.9	223.7	356.0	129.5	252.3	217.0
40	Miami (FL)	191.4	197.7	207.0	149.7	233.2	152.2
41	S Florida	191.8	238.3	263.0	174.4	204.1	175.5
42	Kansas St	192.3	205.7	268.0	175.9	215.4	230.5
43	Texas Tech	192.5	245.3	263.0	172.2	207.0	185.0
44	Florida	194.3	134.3	35.0	210.2	180.7	204.9
45	Maryland	195.3	212.7	264.0	188.8	201.8	184.8
46	Texas A&M	195.8	220.7	235.0	208.3	183.2	297.4
47	Nevada	197.7	246.3	272.0	161.8	228.4	269.3
48	Vanderbilt	198.1	319.3	266.0	202.6	194.3	221.2
49	Florida St	198.3	250.7	240.0	203.8	189.6	212.2
50	LA Monroe	198.9	203.7	189.0	160.7	213.2	208.4
51	GA Tech	199.2	167.7	131.0	202.7	196.1	213.6
52	W Michigan	199.3	177.0	221.0	203.4	196.8	309.3
53	S Carolina	200.2	234.0	392.0	179.2	221.3	186.5
54	Penn State	202.0	205.3	267.0	175.0	229.0	211.7
55	Toledo	202.4	234.0	246.0	237.4	173.2	186.9
56	Notre Dame	203.4	229.7	332.0	217.0	187.5	264.6
57	Cincinnati	203.7	223.3	260.0	187.3	220.0	223.3
58	Northwestern	204.0	135.3	65.0	257.2	173.6	262.3
59	Mississippi	204.2	212.7	162.0	178.2	235.4	194.6
60	USC	204.8	232.3	309.0	197.5	211.0	230.4
61	Houston	204.9	207.7	323.0	200.9	209.7	223.9
62	BYU	205.1	262.3	166.0	187.0	220.6	282.4
63	Buffalo	205.6	309.3	346.0	214.6	199.1	173.6
64	Arizona St	206.2	293.7	559.0	169.4	232.6	289.0
65	Boise State	208.2	122.0	233.0	195.0	217.7	274.9
66	LA Lafayette	208.7	171.0	244.0	183.8	229.5	190.8
67	Temple	208.8	172.3	35.0	251.8	187.4	259.3
68	Middle Tenn	210.9	262.7	162.0	248.0	192.4	197.8
69	Miss State	211.1	152.3	142.0	212.0	210.0	200.5
70	San Jose St	211.5	198.3	249.0	171.8	251.2	288.4
71	UAB	212.5	287.0	278.0	242.2	182.8	220.8
72	Boston Col	212.5	173.3	81.0	236.7	188.3	221.8
73	Oklahoma St	213.3	199.3	168.0	187.6	231.7	215.0
74	Air Force	213.4	274.3	236.0	203.8	223.0	255.0
75	Syracuse	214.2	235.3	146.0	224.2	204.3	185.5
76	Central Mich	215.1	207.0	259.0	220.8	211.9	280.7
77	Arizona	215.4	215.7	214.0	234.3	192.6	234.3
78	Louisville	215.7	229.3	271.0	198.8	230.1	210.0
79	Iowa	216.5	267.7	308.0	193.5	239.5	256.1
80	Wake Forest	216.8	214.3	332.0	243.6	200.0	252.7
81	UNLV	220.3	181.3	211.0	180.4	253.5	250.1
82	Baylor	220.3	269.3	178.0	193.0	253.0	213.0
83	Navy	221.1	203.0	242.0	249.8	206.8	222.8
84	Fresno St	222.2	165.7	216.0	266.7	177.7	193.2
85	Utah	222.8	250.3	158.0	256.0	199.0	223.7
86	UCLA	223.4	249.3	325.0	216.0	232.0	235.3
87	Michigan	224.9	270.7	391.0	208.0	244.7	207.8
88	Rice	226.6	149.3	228.0	190.5	242.7	242.5
89	Troy	227.0	218.7	305.0	203.5	238.8	195.4
90	Colorado	227.6	246.0	278.0	245.0	213.2	248.2
91	Idaho	228.5	161.0	179.0	215.2	236.1	237.7
92	Oregon St	230.2	344.7	359.0	257.2	207.0	311.2
93	Michigan St	230.9	249.7	220.0	230.0	232.2	244.9
94	Nebraska	231.8	169.0	111.0	221.7	240.6	213.1
95	Indiana	236.1	268.7	260.0	197.2	282.8	217.7
96	Duke	237.1	253.7	253.0	221.5	255.8	213.5
97	Washington	240.2	224.0	328.0	213.7	266.7	275.7
98	Ball State	240.3	162.7	181.0	231.8	247.3	256.6
99	Memphis	241.5	294.3	398.0	252.3	228.6	295.7
100	Purdue	241.7	315.7	223.0	262.8	223.6	287.3
101	New Mexico	242.8	333.3	209.0	201.3	300.8	253.5
102	TX El Paso	243.0	206.3	218.0	293.3	192.7	228.4
103	Wash State	243.1	265.3	271.0	243.7	242.5	298.3
104	Iowa State	245.8	248.0	310.0	--	245.8	244.2
105	S Methodist	246.0	194.0	205.0	179.0	301.8	250.2
106	California	246.2	209.3	186.0	254.2	238.3	251.2
107	Texas	247.2	218.3	274.0	193.2	301.2	172.0
108	Marshall	249.2	273.7	135.0	293.2	224.0	175.4
109	Central FL	249.5	281.0	289.0	219.5	285.6	241.5
110	N Illinois	249.7	180.7	258.0	234.0	260.9	230.9
111	Utah State	249.8	242.7	331.0	280.0	228.1	261.5
112	Tulane	250.2	221.3	267.0	224.6	268.4	169.6
113	N Mex State	252.4	197.3	296.0	257.2	247.6	263.2
114	W Virginia	254.5	294.3	326.0	232.0	277.0	212.5
115	Hawaii	255.9	272.7	191.0	242.8	277.0	250.8
116	Minnesota	270.8	383.3	445.0	272.0	270.0	257.1
117	LA Tech	272.4	285.3	518.0	206.2	305.5	248.1
118	Kentucky	278.4	220.7	272.0	270.0	286.8	238.5
119	Kansas	279.4	260.0	356.0	268.7	292.2	223.8
