1	Iowa	143.2	86.0	12.0	155.7	130.7	206.8
2	Florida	147.0	202.3	170.0	136.2	156.3	177.2
3	E Michigan	150.1	171.3	117.0	120.4	171.3	226.4
4	TX Christian	154.5	165.3	240.0	155.0	154.1	168.1
5	Air Force	162.1	244.7	222.0	147.0	172.9	206.4
6	S Carolina	163.6	172.7	107.0	169.7	157.5	164.3
7	Army	165.2	139.0	61.0	185.4	148.3	200.2
8	Mississippi	165.3	154.7	119.0	191.0	143.8	229.8
9	VA Tech	167.1	200.0	235.0	151.0	180.9	172.2
10	Tennessee	169.2	161.0	209.0	190.4	135.4	160.4
11	Ohio State	171.5	181.0	81.0	158.1	187.2	191.8
12	Vanderbilt	173.2	179.7	221.0	165.6	179.5	174.9
13	Clemson	173.2	137.0	110.0	169.0	176.9	158.5
14	Alabama	176.0	207.7	195.0	194.5	160.1	189.4
15	Utah	176.2	185.0	214.0	162.7	187.7	180.8
16	Boise State	177.8	154.0	272.0	150.5	201.3	198.3
17	Nebraska	178.7	166.3	46.0	174.1	183.3	231.4
18	Texas	179.4	146.3	58.0	179.7	179.2	259.4
19	Kentucky	180.9	217.3	141.0	193.0	168.8	201.4
20	Virginia	184.6	188.7	185.0	187.8	180.8	183.5
21	N Carolina	187.6	174.3	163.0	233.4	149.5	224.9
22	Penn State	187.8	246.3	202.0	165.3	219.2	185.9
23	San Jose St	188.1	178.0	184.0	194.4	182.8	168.1
24	Oklahoma	189.2	184.0	117.0	168.8	203.7	269.3
25	Miami (OH)	190.4	170.7	166.0	185.4	194.0	180.8
26	UCLA	191.2	187.3	159.0	192.7	190.0	168.4
27	LSU	194.2	225.3	216.0	146.7	249.7	217.6
28	Fresno St	200.6	209.0	204.0	212.0	194.9	200.8
29	Colorado	201.8	119.0	73.0	220.7	183.0	207.4
30	Arizona St	202.4	143.0	148.0	205.3	198.8	212.3
31	Purdue	203.2	228.7	266.0	229.7	166.0	181.2
32	Bowling Grn	204.0	275.0	240.0	243.3	170.3	180.8
33	Hawaii	204.1	162.0	253.0	201.7	206.5	203.0
34	S Florida	204.8	172.0	130.0	202.5	206.1	205.6
35	Arizona	205.2	178.0	173.0	220.0	194.7	181.9
36	Akron	205.7	210.3	148.0	195.4	214.3	211.6
37	Oregon	207.6	295.3	266.0	180.0	239.8	270.2
38	N Mex State	208.6	186.7	288.0	169.8	236.3	155.0
39	Ohio	208.8	154.3	85.0	199.2	214.9	199.5
40	W Virginia	209.8	173.7	189.0	212.2	207.5	191.6
41	GA Tech	209.8	132.7	231.0	179.2	229.0	202.1
42	N Illinois	210.9	205.3	217.0	173.6	237.6	164.2
43	USC	212.3	215.0	218.0	192.7	229.1	134.4
44	Wyoming	212.3	174.0	169.0	269.0	171.9	187.2
45	Miami (FL)	212.6	213.3	260.0	205.0	218.0	173.0
46	LA Tech	214.2	195.7	300.0	257.5	189.4	264.0
47	Rutgers	214.3	196.7	220.0	202.4	224.2	200.8
48	Navy	214.5	244.7	291.0	139.8	261.2	202.0
49	Buffalo	215.2	198.3	31.0	244.4	190.8	235.2
50	North Texas	216.8	137.3	240.0	209.7	223.8	275.5
51	S Methodist	217.0	202.0	177.0	222.2	213.3	255.9
52	Louisville	217.3	192.3	163.0	209.4	223.8	248.1
53	Tulane	217.7	239.3	264.0	267.2	176.5	172.8
54	Middle Tenn	218.1	226.0	271.0	167.5	261.4	212.8
55	LA Lafayette	218.5	201.0	293.0	229.2	209.7	216.3
56	BYU	218.9	168.7	217.0	226.3	212.6	215.8
57	Minnesota	220.3	190.3	216.0	218.2	222.5	242.2
58	Temple	220.8	267.0	221.0	255.0	196.4	221.7
59	Wake Forest	220.9	219.3	387.0	262.8	170.6	172.5
60	San Diego St	221.2	240.7	274.0	250.8	196.5	212.4
61	Auburn	221.2	307.7	532.0	166.1	298.4	169.2
62	Pittsburgh	221.3	216.3	183.0	183.7	259.0	193.0
63	Georgia	225.3	211.3	362.0	203.2	241.1	189.8
64	Syracuse	225.6	131.3	173.0	245.4	191.0	218.9
65	Notre Dame	227.5	197.7	216.0	235.0	217.0	195.7
66	Michigan	227.8	224.7	67.0	234.1	216.8	230.0
67	Miss State	228.0	266.7	295.0	257.8	192.2	182.3
68	Northwestern	228.7	210.7	235.0	198.5	258.8	217.2
69	Kent State	229.1	188.7	181.0	289.6	178.7	213.7
70	Central Mich	230.7	258.7	403.0	170.5	257.4	294.4
71	Florida St	231.2	184.7	106.0	259.0	211.4	168.9
72	Oregon St	231.8	175.3	192.0	257.4	213.4	180.9
73	Wisconsin	231.8	249.7	188.0	212.6	245.6	204.2
74	Duke	232.1	311.0	372.0	273.5	204.5	219.5
75	Fla Atlantic	232.6	298.7	246.0	171.0	276.6	221.4
76	Texas Tech	233.2	249.3	248.0	228.0	238.5	240.2
77	Colorado St	233.6	160.3	137.0	241.2	227.3	219.7
78	Houston	233.8	185.7	161.0	--	233.8	240.1
79	Arkansas St	234.8	170.7	121.0	230.2	237.4	218.9
80	W Kentucky	235.2	187.7	146.0	--	235.2	209.8
81	Ball State	236.4	263.0	354.0	303.8	180.2	203.2
82	Baylor	237.0	203.0	269.0	194.2	272.7	265.9
83	Indiana	238.0	197.7	205.0	216.4	256.0	273.1
84	Boston Col	239.1	249.3	350.0	254.7	223.5	174.1
85	Illinois	239.3	295.7	183.0	221.2	254.3	206.1
86	Marshall	239.5	284.3	111.0	226.0	249.1	255.9
87	Cincinnati	239.9	321.7	482.0	210.8	260.7	211.5
88	Washington	240.7	175.0	215.0	214.7	277.0	211.2
89	Toledo	241.4	224.3	137.0	224.4	253.6	203.0
90	W Michigan	245.2	213.3	71.0	249.5	242.7	263.5
91	Connecticut	245.7	216.3	129.0	256.8	237.7	171.4
92	TX El Paso	246.0	215.3	347.0	287.8	204.2	270.2
93	Missouri	247.0	295.7	130.0	263.8	235.0	289.2
94	Oklahoma St	247.7	211.0	171.0	267.9	219.4	288.1
95	UNLV	248.0	230.0	341.0	288.8	199.0	210.1
96	Utah State	248.5	296.3	395.0	209.5	270.7	251.0
97	LA Monroe	249.9	185.3	116.0	213.0	271.0	228.9
98	Kansas	250.0	298.3	303.0	274.2	229.8	268.1
99	NC State	251.9	239.7	322.0	249.5	255.5	253.8
100	New Mexico	253.3	238.3	228.0	201.2	305.5	213.5
101	Maryland	254.3	233.7	227.0	203.2	315.6	225.8
102	Texas A&M	254.7	225.7	158.0	224.4	290.0	242.7
103	Iowa State	256.2	302.3	312.0	208.0	290.6	286.4
104	Kansas St	258.6	235.0	166.0	259.2	258.2	275.4
105	Florida Intl	258.8	298.3	220.0	--	258.8	212.9
106	Arkansas	258.9	145.7	209.0	289.4	237.1	213.5
107	Tulsa	263.6	215.0	94.0	286.4	244.7	242.4
108	Stanford	264.8	331.0	418.0	238.4	295.5	226.7
109	E Carolina	266.8	331.3	202.0	235.6	286.2	197.1
110	California	269.9	260.3	338.0	275.8	265.7	192.9
111	Central FL	272.8	232.0	294.0	243.8	301.7	219.8
112	Rice	273.4	322.7	463.0	223.7	323.2	269.5
113	S Mississippi	273.8	290.7	207.0	260.0	283.6	226.3
114	Wash State	274.6	268.0	196.0	315.3	233.8	192.4
115	Idaho	278.1	358.0	388.0	294.2	264.3	258.2
116	Michigan St	281.8	385.7	460.0	240.8	322.7	213.7
117	Memphis	284.7	407.3	268.0	243.2	319.3	213.8
118	Troy	286.8	338.7	395.0	221.2	327.8	199.4
119	Nevada	297.8	266.3	460.0	326.5	273.1	318.9
120	UAB	309.7	271.0	230.0	272.4	336.3	263.3
