1	Miami (FL)	152.2	217.0	196.0	141.0	163.3	173.8
2	VA Tech	154.2	200.3	216.0	138.3	167.9	153.9
3	Alabama	160.8	191.0	226.0	159.0	163.2	113.5
4	Connecticut	161.1	185.0	271.0	178.6	143.6	199.0
5	Pittsburgh	163.8	148.0	41.0	178.6	149.0	252.9
6	Tulane	169.6	223.7	276.0	193.7	159.3	218.3
7	Georgia	169.6	143.7	120.0	162.8	175.4	193.6
8	Army	170.0	123.0	41.0	152.0	188.0	240.7
9	Texas	172.0	197.3	365.0	178.0	166.9	213.7
10	Buffalo	173.6	206.7	147.0	159.2	185.7	213.5
11	Marshall	175.4	146.7	-3.0	192.0	158.8	223.7
12	S Florida	175.5	99.0	127.0	239.8	138.9	259.9
13	Fla Atlantic	176.6	190.7	114.0	153.5	189.9	231.0
14	Akron	180.8	95.7	170.0	185.2	178.1	237.0
15	Kent State	183.0	94.7	74.0	154.2	202.2	208.4
16	LSU	183.2	139.3	100.0	177.0	187.7	157.2
17	Tulsa	183.3	205.0	213.0	222.0	159.1	197.3
18	Maryland	184.8	226.0	113.0	195.0	176.3	172.1
19	E Carolina	184.9	242.0	278.0	201.8	170.8	223.5
20	Texas Tech	185.0	162.3	275.0	154.2	205.5	181.3
21	Syracuse	185.5	220.0	285.0	137.8	242.6	239.8
22	S Carolina	186.5	227.7	301.0	189.1	182.8	177.3
23	Toledo	186.9	227.7	192.0	205.5	176.3	275.1
24	LA Lafayette	190.8	136.7	136.0	201.8	183.5	165.3
25	NC State	192.5	207.3	159.0	195.2	189.4	123.0
26	Fresno St	193.2	224.7	234.0	162.0	215.4	175.9
27	Mississippi	194.6	161.0	105.0	187.8	201.4	205.6
28	Troy	195.4	159.7	146.0	226.2	174.8	205.5
29	Clemson	196.0	137.0	107.0	209.0	183.0	191.7
30	Middle Tenn	197.8	209.7	314.0	185.0	208.5	267.3
31	Arkansas St	199.7	182.7	253.0	158.5	223.3	224.6
32	Auburn	200.1	253.3	301.0	149.5	260.8	182.0
33	Miss State	200.5	135.3	158.0	207.0	194.0	179.5
34	Bowling Grn	204.9	258.0	298.0	206.8	203.3	257.8
35	Florida	204.9	252.3	346.0	186.1	231.2	203.9
36	Colorado St	206.0	163.3	144.0	240.0	181.7	193.6
37	Wyoming	207.4	258.0	211.0	154.8	251.2	212.5
38	Michigan	207.8	204.7	167.0	183.4	242.0	202.9
39	Miami (OH)	207.9	118.0	28.0	229.6	189.8	220.2
40	Ohio State	207.9	220.7	286.0	202.4	215.6	201.2
41	LA Monroe	208.4	198.7	82.0	191.5	219.7	203.1
42	E Michigan	209.5	238.7	269.0	234.0	189.0	282.0
43	Louisville	210.0	239.0	203.0	222.7	197.3	196.9
44	N Carolina	211.0	199.3	61.0	205.3	217.8	219.5
45	Penn State	211.7	268.0	258.0	210.7	213.0	161.1
46	Florida St	212.2	266.3	253.0	176.0	238.0	201.2
47	W Virginia	212.5	268.7	277.0	217.0	208.7	203.0
48	Baylor	213.0	251.0	383.0	278.2	169.5	220.4
49	Nebraska	213.1	177.3	270.0	208.7	218.4	272.1
50	Duke	213.5	197.3	238.0	186.0	241.0	206.9
51	GA Tech	213.6	262.0	381.0	185.8	241.3	195.6
52	Arkansas	214.3	195.7	194.0	170.0	258.6	216.5
53	Oklahoma St	215.0	262.0	206.0	212.0	218.0	222.4
54	North Texas	215.7	191.3	205.0	153.0	268.0	237.8
55	Tennessee	215.7	206.7	177.0	229.0	199.8	236.4
56	Oklahoma	216.1	200.3	243.0	201.7	230.5	204.2
57	Missouri	217.0	218.0	266.0	240.8	193.2	149.3
58	Indiana	217.7	186.0	124.0	191.4	244.0	257.6
59	San Diego St	220.8	279.0	326.0	204.3	237.2	214.9
60	UAB	220.8	268.7	286.0	215.2	224.5	270.0
61	TX Christian	221.2	200.0	254.0	210.2	229.0	304.0
62	Vanderbilt	221.2	179.0	125.0	232.2	210.2	201.2
63	Boston Col	221.8	264.7	317.0	190.8	252.8	211.5
64	Navy	222.8	310.3	431.0	203.8	236.3	197.4
65	Cincinnati	223.3	167.0	237.0	192.5	243.8	194.2
66	Utah	223.7	254.7	258.0	194.2	253.2	203.3
67	Kansas	223.8	250.7	214.0	214.5	235.0	227.8
68	Houston	223.9	189.0	340.0	196.4	246.8	207.0
69	Virginia	224.6	227.0	263.0	215.5	233.7	194.8
70	TX El Paso	228.4	233.0	304.0	207.8	245.5	218.8
71	Rutgers	228.5	325.0	467.0	175.4	272.7	237.0
72	USC	230.4	243.3	267.0	190.2	264.9	200.0
73	Kansas St	230.5	234.3	268.0	171.8	301.0	199.7
74	N Illinois	230.9	254.7	413.0	153.0	275.4	224.4
75	Florida Intl	231.0	197.7	316.0	189.0	252.0	344.7
76	Oregon	233.8	230.0	229.0	223.2	242.7	216.8
77	Arizona	234.3	215.3	246.0	183.4	285.2	263.4
78	Illinois	235.3	255.0	240.0	261.5	203.8	223.8
79	UCLA	235.3	333.0	416.0	228.5	242.2	222.8
80	Idaho	237.7	208.3	138.0	258.2	226.0	232.1
81	S Mississippi	237.9	175.0	213.0	201.0	259.0	200.9
82	Kentucky	238.5	280.7	221.0	230.6	246.4	204.0
83	Central FL	241.5	224.3	254.0	265.2	226.8	217.2
84	Rice	242.5	241.7	222.0	232.2	251.2	214.5
85	Iowa State	244.2	271.0	275.0	--	244.2	201.8
86	Michigan St	244.9	151.3	105.0	243.5	246.6	209.0
87	LA Tech	248.1	279.3	358.0	185.4	300.3	231.2
88	Colorado	248.2	268.7	196.0	271.2	228.6	260.2
89	Wisconsin	249.8	254.7	137.0	242.0	256.6	166.3
90	UNLV	250.1	258.0	194.0	246.6	253.0	207.3
91	S Methodist	250.2	232.3	360.0	199.0	311.6	257.6
92	Hawaii	250.8	276.7	421.0	283.1	205.6	229.8
93	California	251.2	275.3	352.0	252.2	250.3	238.4
94	Wake Forest	252.7	224.7	321.0	266.7	236.0	246.5
95	New Mexico	253.5	293.0	186.0	275.6	235.0	214.9
96	Air Force	255.0	229.3	162.0	240.8	266.8	215.0
97	Iowa	256.1	283.3	278.0	244.2	266.0	201.3
98	Ball State	256.6	312.7	327.0	320.0	220.4	260.6
99	Minnesota	257.1	351.3	365.0	257.0	257.2	256.4
100	Temple	259.3	228.7	120.0	274.4	246.7	246.6
101	Utah State	261.5	305.3	306.0	218.5	286.1	201.1
102	Northwestern	262.3	163.0	143.0	251.2	273.5	251.8
103	N Mex State	263.2	225.0	182.0	257.0	269.5	206.6
104	Notre Dame	264.6	255.7	342.0	214.2	315.0	281.2
105	Nevada	269.3	310.7	301.0	266.8	271.8	196.8
106	Boise State	274.9	264.3	256.0	247.7	302.2	253.7
107	Washington	275.7	218.0	283.0	246.5	310.8	187.0
108	Central Mich	280.7	318.3	281.0	290.8	272.3	256.9
109	BYU	282.4	236.3	228.0	276.0	287.7	229.3
110	Ohio	283.2	267.7	297.0	256.6	305.3	192.7
111	Purdue	287.3	171.3	169.0	334.5	230.6	239.9
112	San Jose St	288.4	290.3	135.0	296.0	283.3	204.5
113	Arizona St	289.0	365.7	374.0	231.0	370.2	236.0
114	Stanford	289.4	273.7	432.0	345.8	233.0	248.9
115	Memphis	295.7	283.0	455.0	273.2	314.5	276.9
116	Texas A&M	297.4	297.7	162.0	254.4	340.4	245.0
117	Wash State	298.3	316.0	228.0	299.0	297.6	233.2
118	W Michigan	309.3	339.3	160.0	356.8	277.7	278.1
119	Oregon St	311.2	234.3	262.0	342.6	279.8	196.5
