1	Miami (FL)	140.9	171.7	96.0	130.1	158.2	121.8
2	Oklahoma	145.2	203.3	153.0	102.0	177.6	183.5
3	Penn State	153.3	223.7	357.0	132.9	182.0	215.3
4	San Diego St	168.5	131.7	95.0	160.2	174.0	223.2
5	S Mississippi	174.0	207.7	124.0	200.7	151.1	154.8
6	Georgia	174.5	212.0	230.0	156.5	188.0	200.2
7	BYU	176.2	172.0	113.0	139.4	202.4	206.9
8	Texas	177.3	260.0	203.0	173.3	182.0	172.9
9	Kansas St	177.7	219.7	189.0	147.0	204.0	181.4
10	Nebraska	177.8	246.0	156.0	165.0	185.9	200.2
11	Tulsa	178.2	216.7	19.0	133.6	210.1	202.4
12	Michigan	180.5	271.7	342.0	155.4	209.8	224.5
13	Marshall	182.2	131.0	52.0	199.2	172.4	164.9
14	LSU	184.2	133.7	102.0	197.8	172.6	150.4
15	Memphis	185.6	197.0	152.0	216.8	154.3	174.0
16	Illinois	185.7	148.7	24.0	194.4	178.5	230.3
17	Tennessee	186.1	149.3	246.0	167.3	208.0	156.2
18	Arkansas	187.0	149.3	155.0	158.0	211.9	221.4
19	Maryland	190.0	156.7	86.0	217.8	170.1	222.2
20	Navy	190.4	281.7	497.0	193.2	188.7	215.5
21	Air Force	191.8	133.0	251.0	210.4	176.3	192.2
22	Utah State	192.8	187.7	250.0	175.2	201.5	258.4
23	N Mex State	193.1	188.0	85.0	182.3	197.1	201.0
24	S Florida	193.9	194.7	271.0	196.0	192.2	242.8
25	Auburn	195.1	197.0	203.0	210.8	179.3	187.4
26	E Carolina	197.6	178.7	208.0	191.8	203.3	238.6
27	Central FL	198.4	235.0	450.0	200.0	197.4	213.2
28	Connecticut	199.4	250.3	149.0	237.4	167.7	170.2
29	Utah	200.2	152.3	144.0	250.7	149.7	237.2
30	Ball State	200.4	150.7	150.0	203.6	197.7	234.2
31	Cincinnati	200.5	159.0	211.0	212.0	190.8	179.9
32	UCLA	200.7	212.3	133.0	207.3	195.0	228.2
33	S Carolina	202.6	190.3	302.0	191.2	225.2	186.7
34	Idaho	203.5	230.3	322.0	227.5	187.5	271.1
35	Kentucky	203.9	191.3	110.0	188.5	222.4	226.9
36	Fresno St	204.7	164.3	96.0	187.2	215.6	245.1
37	Purdue	205.6	222.7	327.0	197.3	215.3	356.5
38	Texas A&M	206.4	161.0	97.0	196.0	221.0	207.5
39	UAB	208.2	198.3	196.0	210.6	206.6	228.2
40	E Michigan	210.2	159.3	159.0	211.2	209.2	233.9
41	Wyoming	211.2	181.0	170.0	194.4	225.2	280.5
42	Vanderbilt	211.6	236.7	290.0	209.3	214.4	216.1
43	Bowling Grn	212.2	227.3	58.0	230.8	198.9	223.1
44	North Texas	212.5	203.0	254.0	177.2	234.6	190.4
45	Oregon St	212.9	201.5	--	217.7	207.2	223.8
46	Florida St	212.9	294.0	157.0	190.5	232.1	236.8
47	Notre Dame	213.0	230.0	209.0	228.7	197.3	204.8
48	Wisconsin	213.4	146.0	157.0	222.6	202.7	230.4
49	Clemson	214.3	202.3	384.0	213.0	215.7	196.7
50	Temple	215.6	142.0	91.0	251.0	192.0	214.1
51	Rutgers	216.4	166.0	161.0	208.3	224.5	186.8
52	Tulane	217.3	206.3	126.0	215.2	219.0	184.6
53	Pittsburgh	217.6	239.0	244.0	123.8	298.0	178.5
54	Minnesota	217.7	297.0	376.0	212.4	223.8	189.0
55	Florida	218.6	186.0	170.0	208.0	226.1	162.4
56	Ohio	218.6	256.0	119.0	244.0	197.5	212.7
57	Missouri	218.8	105.7	85.0	281.4	174.0	282.6
58	N Illinois	219.4	208.3	148.0	199.8	230.6	243.4
59	Duke	220.2	264.7	203.0	210.0	232.4	254.7
60	GA Tech	221.7	236.7	200.0	252.2	195.6	221.1
61	Iowa	221.8	283.3	268.0	227.0	215.8	273.4
62	Troy	222.0	231.7	317.0	318.0	198.0	187.0
63	Colorado St	222.0	210.7	223.0	210.0	234.0	199.3
64	Kansas	222.7	250.0	481.0	106.5	280.8	240.5
65	Virginia	223.0	205.7	246.0	178.7	261.0	214.4
66	Rice	224.8	238.3	344.0	198.5	237.9	242.1
67	S Methodist	225.3	203.3	180.0	252.0	198.7	244.3
68	Syracuse	225.7	198.3	199.0	254.3	191.4	315.7
69	LA Lafayette	226.2	261.0	284.0	233.6	220.0	197.9
70	Miami (OH)	227.5	307.5	--	168.6	264.4	266.8
71	Wash State	227.7	213.7	196.0	225.2	229.2	252.3
72	Alabama	227.8	265.3	275.0	223.0	235.4	177.2
73	New Mexico	229.1	107.0	--	180.5	287.4	208.2
74	Boston Col	229.4	225.3	240.0	239.3	220.9	172.1
75	Houston	231.7	338.0	527.0	232.2	231.3	269.3
76	Iowa State	233.4	205.7	108.0	250.2	213.2	186.6
77	Washington	233.4	218.7	157.0	199.8	257.4	259.5
78	Ohio State	234.5	273.7	294.0	240.4	225.2	243.1
79	Nevada	235.2	296.7	437.0	217.6	249.8	239.7
80	UNLV	239.8	231.0	321.0	229.2	250.3	209.3
81	VA Tech	240.3	328.0	394.0	221.5	259.2	219.8
82	LA Monroe	240.4	210.0	192.0	182.0	265.4	249.6
83	Indiana	241.5	215.0	222.0	230.0	251.0	185.5
84	Akron	243.6	181.3	190.0	253.5	237.0	224.0
85	Toledo	244.8	259.0	304.0	232.0	255.5	196.6
86	Central Mich	246.4	292.7	114.0	241.0	250.0	268.6
87	Hawaii	247.2	306.3	332.0	263.1	228.7	184.0
88	Arizona St	248.4	300.7	339.0	282.4	220.0	252.5
89	Louisville	248.5	280.0	--	230.5	266.5	206.9
90	TX Christian	250.0	171.5	--	256.7	243.3	183.0
91	W Michigan	250.1	247.0	225.0	247.0	251.9	192.0
92	California	251.1	288.0	398.0	248.3	253.2	278.8
93	Oklahoma St	251.4	245.7	259.0	321.3	181.5	274.9
94	Buffalo	252.5	319.3	211.0	280.2	229.3	229.8
95	Northwestern	253.2	318.3	386.0	260.0	247.4	188.8
96	Army	253.4	299.7	55.0	267.7	241.1	187.6
97	Michigan St	255.2	242.7	160.0	203.0	264.6	188.8
98	Texas Tech	256.3	240.3	40.0	252.3	261.0	239.6
99	Middle Tenn	258.0	266.7	218.0	243.2	270.3	231.4
100	Boise State	259.2	216.0	--	207.4	296.1	220.7
101	W Virginia	259.8	296.0	381.0	218.3	308.3	224.8
102	Oregon	259.9	241.3	172.0	272.5	249.1	304.6
103	Arkansas St	262.1	253.7	306.0	288.0	255.6	204.4
104	Baylor	268.7	356.0	180.0	291.3	241.6	244.5
105	TX El Paso	269.2	197.0	325.0	319.8	227.0	255.5
106	LA Tech	272.2	127.3	61.0	311.0	252.9	265.0
107	Kent State	273.8	221.3	172.0	254.6	289.8	193.4
108	Mississippi	276.1	195.7	307.0	291.3	258.3	204.2
109	USC	276.2	346.3	271.0	321.7	223.2	201.8
110	San Jose St	277.9	253.0	213.0	258.5	290.8	289.1
111	N Carolina	278.2	210.0	171.0	296.8	259.7	231.2
112	Arizona	279.2	333.0	281.0	282.9	274.2	239.7
113	Wake Forest	279.8	219.3	198.0	280.4	279.0	232.0
114	Colorado	281.2	181.7	146.0	268.2	294.3	189.5
115	Miss State	282.2	286.7	260.0	285.5	279.0	156.3
116	NC State	291.8	223.0	243.0	364.3	219.2	187.7
117	Stanford	296.3	330.7	192.0	321.5	281.9	252.0
