1	San Jose St	116.9	97.3	34.0	155.0	95.1	252.6
2	Iowa	157.2	162.7	202.0	152.7	162.6	178.7
3	LSU	162.9	174.0	144.0	163.0	162.8	205.1
4	Wisconsin	169.0	221.0	257.0	128.7	209.3	213.7
5	Georgia	170.9	115.0	64.0	175.0	166.0	227.9
6	Clemson	173.3	164.3	276.0	185.7	158.4	223.8
7	Georgia State	174.6	177.0	267.0	202.6	151.3	255.9
8	Penn State	185.0	194.0	180.0	190.1	177.8	237.3
9	Texas	186.2	213.0	233.0	188.8	183.7	224.2
10	Stanford	186.7	190.0	162.0	164.4	205.3	253.8
11	Ohio State	188.2	184.0	187.0	189.7	186.3	286.3
12	N Mex State	189.8	267.7	295.0	147.2	225.3	233.8
13	LA Monroe	189.9	137.3	136.0	201.2	181.9	246.2
14	Minnesota	191.6	212.7	215.0	197.3	184.8	219.5
15	San Diego St	192.4	169.7	133.0	205.6	181.3	245.9
16	Miami (FL)	192.7	194.7	134.0	243.3	132.0	267.0
17	Central FL	193.1	214.0	397.0	114.4	258.7	239.5
18	VA Tech	193.2	207.0	276.0	207.0	176.6	182.4
19	Michigan St	193.6	193.3	195.0	191.5	196.2	169.1
20	Michigan	193.7	207.0	183.0	144.7	262.2	231.3
21	Louisville	194.5	192.7	176.0	219.2	173.8	176.8
22	App State	194.7	171.7	208.0	211.2	183.7	441.0
23	Troy	196.5	234.7	142.0	217.4	179.2	330.0
24	Temple	197.8	145.7	151.0	182.2	210.8	296.6
25	Mississippi	198.5	229.3	282.0	194.2	203.8	220.2
26	Wake Forest	198.6	173.0	293.0	155.8	234.3	238.8
27	Nebraska	199.5	137.0	230.0	211.8	184.8	212.7
28	S Alabama	199.8	195.3	42.0	184.8	214.8	228.4
29	Houston	200.4	250.3	348.0	187.0	216.4	268.3
30	Marshall	201.7	243.0	72.0	217.2	186.2	215.1
31	TX El Paso	202.0	144.3	99.0	220.7	183.3	220.5
32	NC State	203.6	136.0	177.0	199.5	208.6	211.9
33	Duke	205.3	225.0	251.0	209.2	200.6	254.7
34	Missouri	205.4	207.0	262.0	186.2	224.7	271.6
35	S Florida	205.8	190.3	150.0	175.3	242.4	208.0
36	Tennessee	207.1	182.3	149.0	182.3	236.8	218.3
37	Northwestern	207.3	228.3	147.0	185.2	233.8	254.7
38	Florida	207.3	185.3	125.0	150.0	264.6	187.5
39	Pittsburgh	207.4	240.3	296.0	203.0	212.6	210.8
40	Connecticut	209.9	171.7	145.0	230.7	185.0	254.4
41	Syracuse	210.9	170.0	160.0	223.6	200.3	246.1
42	North Texas	211.1	140.0	277.0	197.8	222.2	227.8
43	Old Dominion	213.5	160.7	133.0	183.4	238.7	312.6
44	Kentucky	215.8	313.3	389.0	184.8	253.0	237.3
45	Idaho	216.2	234.3	223.0	202.4	227.7	296.1
46	Kent State	216.3	235.7	191.0	189.3	248.6	213.1
47	Central Mich	217.0	226.0	233.0	214.6	219.0	201.8
48	Florida Intl	217.1	235.3	105.0	230.0	197.8	241.2
49	Illinois	218.2	198.0	218.0	241.8	189.8	234.0
50	Purdue	219.5	175.0	119.0	217.3	222.2	221.6
51	Virginia	220.6	253.0	235.0	237.3	200.6	250.6
52	Vanderbilt	220.9	175.3	92.0	238.1	190.8	219.7
53	UNLV	222.2	200.3	46.0	160.4	266.3	224.1
54	Arkansas	222.6	201.7	265.0	148.6	284.3	245.5
55	Alabama	223.9	339.3	272.0	212.5	235.3	188.5
56	Boise State	225.0	212.7	332.0	239.0	208.7	252.5
57	Buffalo	225.2	161.7	168.0	277.5	183.4	209.2
58	Arkansas St	226.4	253.7	314.0	240.6	214.5	238.9
59	Boston Col	226.6	201.3	66.0	217.3	237.8	277.2
60	Utah State	226.9	143.3	215.0	192.6	251.4	238.8
61	UAB	228.6	249.0	263.0	236.0	222.5	284.5
62	Navy	228.8	188.3	177.0	249.6	208.0	219.0
63	W Michigan	229.0	230.0	159.0	234.0	226.1	164.1
64	Wyoming	229.3	179.0	141.0	210.4	245.0	260.6
65	TX-San Ant	229.5	296.7	287.0	199.0	260.0	233.2
66	Colorado St	229.6	133.7	135.0	204.8	250.3	284.3
67	Florida St	230.4	125.3	134.0	194.5	266.3	164.1
68	S Carolina	230.8	165.3	266.0	271.0	182.6	194.0
69	Tulane	231.5	263.7	255.0	160.6	290.5	226.2
70	Texas A&M	232.1	192.7	107.0	209.4	251.0	262.1
71	Rutgers	233.2	217.3	195.0	181.0	276.7	331.8
72	Army	234.0	169.7	178.0	231.0	236.4	204.9
73	Memphis	235.1	219.7	162.0	247.4	224.8	266.4
74	Akron	236.5	230.7	298.0	223.4	247.5	225.9
75	GA Southern	236.8	231.7	322.0	215.5	249.0	122.0
76	Fla Atlantic	237.5	183.0	282.0	268.4	215.4	160.7
77	Miami (OH)	237.6	203.0	174.0	249.4	227.8	260.9
78	Kansas St	237.8	287.0	412.0	187.7	298.0	224.3
79	N Illinois	238.3	186.7	163.0	267.0	224.0	248.8
80	Kansas	238.6	226.7	311.0	232.4	243.8	257.9
81	W Virginia	239.3	266.3	275.0	221.8	253.8	268.5
82	Notre Dame	239.8	278.7	372.0	227.2	252.5	198.2
83	Ball State	239.9	324.3	140.0	262.0	225.2	213.2
84	LA Tech	240.5	315.7	308.0	203.8	258.9	208.2
85	GA Tech	242.5	189.3	309.0	189.6	280.3	255.4
86	Fresno St	242.8	176.0	155.0	256.6	232.9	285.8
87	UCLA	243.3	201.0	234.0	206.3	280.3	217.6
88	Hawaii	243.9	296.7	162.0	244.0	243.8	281.1
89	Rice	245.1	304.7	408.0	219.8	263.1	203.1
90	Maryland	245.2	231.0	347.0	335.8	169.7	229.7
91	S Mississippi	247.5	179.0	176.0	245.4	249.3	210.9
92	New Mexico	249.1	307.3	366.0	240.2	258.0	259.4
93	Auburn	249.7	237.3	312.0	246.7	253.4	270.2
94	Utah	252.9	214.3	317.0	285.0	226.2	279.3
95	Texas Tech	255.5	243.0	292.0	191.6	308.7	211.2
96	U Mass	255.8	249.7	255.0	258.8	252.7	213.3
97	Colorado	256.2	284.7	311.0	225.5	286.8	278.6
98	Texas State	257.4	310.7	356.0	222.2	286.7	255.4
99	Ohio	258.9	169.3	218.0	234.2	279.5	224.2
100	TX Christian	259.4	231.3	152.0	247.2	274.0	234.1
101	Air Force	261.1	322.3	366.0	237.2	281.0	248.5
102	Indiana	261.2	214.0	123.0	237.8	280.7	300.6
103	Oregon St	263.1	295.3	367.0	257.8	269.4	229.5
104	S Methodist	263.7	157.3	67.0	287.7	239.7	276.7
105	Oregon	264.7	144.7	113.0	249.8	279.5	200.2
106	USC	265.7	283.3	245.0	258.0	273.3	214.6
107	Cincinnati	266.3	212.3	360.0	320.0	212.7	222.2
108	Washington	268.0	303.7	355.0	243.0	293.0	234.3
109	N Carolina	270.3	182.0	66.0	209.2	321.2	226.9
110	Arizona St	271.4	353.3	208.0	334.2	219.0	243.8
111	Tulsa	271.9	284.7	338.0	271.8	272.0	230.7
112	W Kentucky	272.2	192.0	417.0	233.7	310.8	181.8
113	Baylor	272.4	396.7	300.0	261.2	281.7	227.8
114	Oklahoma	272.7	250.0	273.0	228.3	317.0	212.5
115	Oklahoma St	273.8	229.0	120.0	254.0	290.3	252.4
116	E Michigan	273.9	306.0	341.0	250.2	287.4	259.0
117	Nevada	275.1	204.3	171.0	312.6	243.8	253.1
118	E Carolina	277.0	258.0	274.0	304.2	254.3	242.2
119	Toledo	277.4	158.7	119.0	280.8	274.5	244.5
120	Arizona	278.3	251.3	316.0	274.7	282.5	238.0
121	LA Lafayette	281.9	316.7	272.0	277.8	285.3	249.4
122	Middle Tenn	286.5	215.7	106.0	366.0	220.3	199.3
123	BYU	287.3	238.7	393.0	290.4	284.7	226.5
124	Iowa State	289.8	379.3	525.0	273.2	309.8	240.0
125	Bowling Grn	290.0	189.0	218.0	247.8	320.1	172.8
126	Miss State	291.5	239.0	327.0	273.0	313.6	211.0
127	Wash State	299.1	300.0	249.0	346.7	242.0	281.2
128	California	383.8	339.3	433.0	341.0	419.5	344.0
