1	Fresno St	163.8	163.0	212.0	157.4	168.4	282.8
2	Nebraska	167.3	206.7	427.0	145.8	185.7	194.1
3	Boise State	169.5	172.3	242.0	125.5	207.1	210.8
4	Michigan	169.5	237.0	341.0	143.2	192.0	190.5
5	Arizona St	169.5	169.0	37.0	156.0	179.1	282.8
6	Alabama	172.3	201.7	281.0	147.2	197.5	117.5
7	Michigan St	175.8	179.7	201.0	171.9	180.3	180.8
8	Florida St	178.3	148.0	176.0	156.2	194.1	203.1
9	BYU	182.5	202.3	144.0	216.6	158.1	198.4
10	Georgia	187.5	162.0	204.0	191.8	183.7	185.8
11	Wisconsin	188.2	184.0	157.0	180.0	195.1	172.5
12	Minnesota	188.6	246.0	284.0	179.8	197.3	218.5
13	Hawaii	191.8	104.7	148.0	182.0	200.0	253.1
14	Florida	192.0	208.3	266.0	167.7	216.3	163.0
15	Notre Dame	194.4	195.7	186.0	159.3	229.5	205.3
16	Louisville	195.8	183.7	175.0	189.2	202.5	234.0
17	Air Force	197.8	299.7	295.0	151.2	231.0	161.6
18	Washington	198.9	233.0	298.0	167.6	221.3	268.9
19	Army	199.0	100.0	130.0	177.9	236.0	177.7
20	Vanderbilt	199.2	241.0	383.0	123.4	253.4	188.2
21	Bowling Grn	199.7	218.0	395.0	195.6	202.6	217.6
22	Texas Tech	201.8	257.7	146.0	211.0	192.7	240.5
23	Colorado St	204.5	186.7	205.0	184.2	221.3	188.0
24	Pittsburgh	204.7	143.0	163.0	230.2	190.1	225.3
25	Virginia	204.9	211.7	129.0	213.0	195.2	219.8
26	S Carolina	205.2	224.7	214.0	247.7	162.7	142.0
27	Illinois	208.6	127.0	112.0	200.0	219.0	169.9
28	Oklahoma	208.8	275.7	307.0	184.4	226.1	241.5
29	VA Tech	210.5	148.3	129.0	209.8	211.0	202.5
30	Texas	212.0	153.3	194.0	191.0	230.0	209.8
31	Connecticut	212.0	320.0	284.0	199.7	224.3	293.0
32	Buffalo	212.2	239.3	228.0	196.2	225.5	211.4
33	Utah State	212.9	207.0	173.0	146.8	260.1	244.4
34	Fla Atlantic	213.8	200.3	168.0	225.0	207.4	223.3
35	LSU	214.6	340.3	346.0	205.1	227.8	177.0
36	Maryland	215.0	255.3	305.0	147.6	271.2	239.3
37	Iowa	217.2	218.7	63.0	225.3	207.4	228.5
38	E Michigan	217.5	261.7	173.0	213.8	220.7	217.7
39	Central FL	217.7	293.3	217.0	252.8	191.4	205.8
40	N Illinois	218.3	204.7	291.0	232.6	209.4	261.2
41	S Mississippi	219.0	200.0	162.0	204.7	233.3	223.7
42	San Diego St	219.0	192.3	244.0	149.7	288.3	227.9
43	Nevada	220.4	200.3	382.0	241.2	205.6	221.8
44	Navy	222.2	202.0	268.0	254.8	206.0	234.5
45	San Jose St	224.8	325.7	159.0	303.6	168.6	221.3
46	Penn State	225.8	272.0	191.0	215.3	240.6	197.8
47	Rutgers	226.1	247.3	193.0	211.0	236.9	177.3
48	Auburn	226.3	215.3	216.0	236.5	214.0	221.2
49	W Kentucky	226.3	219.0	253.0	186.0	255.1	240.0
50	USC	227.0	175.3	75.0	221.5	231.7	263.3
51	Miss State	227.2	241.0	196.0	206.0	248.5	198.2
52	S Alabama	228.7	258.7	181.0	237.0	222.7	195.5
53	Oregon St	228.8	171.0	241.0	162.7	294.8	207.0
54	Miami (OH)	229.5	162.0	137.0	199.8	246.4	195.2
55	Indiana	234.1	269.7	373.0	207.8	256.0	214.9
56	Tulsa	234.4	159.0	170.0	214.5	251.4	286.3
57	TX Christian	234.6	187.3	104.0	218.8	245.9	227.6
58	U Mass	234.8	217.0	82.0	199.8	259.7	196.0
59	Rice	235.2	185.7	48.0	235.2	235.2	278.7
60	Ohio	237.2	206.7	219.0	170.0	285.1	234.4
61	Stanford	239.0	173.7	83.0	303.3	174.7	253.2
62	GA Tech	239.9	152.0	107.0	261.8	221.1	197.9
63	Clemson	240.2	307.7	120.0	220.5	259.8	224.5
64	W Michigan	240.5	280.7	174.0	231.8	247.7	227.9
65	Texas State	240.9	161.0	248.0	298.8	192.7	294.5
66	Kentucky	241.2	200.0	293.0	241.8	240.4	201.3
67	UNLV	241.4	240.7	201.0	226.5	256.3	255.5
68	Kansas St	242.2	239.3	166.0	284.2	200.2	275.3
69	Oregon	243.1	224.3	151.0	205.3	280.8	258.3
70	Ohio State	243.5	140.3	171.0	227.5	275.5	182.0
71	Arkansas St	243.6	239.3	157.0	197.6	276.4	228.2
72	Mississippi	245.5	256.7	185.0	245.5	245.5	194.2
73	Syracuse	245.5	244.7	197.0	313.0	211.8	267.7
74	Temple	245.8	182.3	215.0	220.0	271.6	190.8
75	TX El Paso	246.0	265.0	207.0	255.0	237.0	258.3
76	Purdue	246.3	273.0	311.0	255.8	236.8	233.9
77	Memphis	247.0	197.0	193.0	180.6	302.3	304.4
78	Missouri	248.4	409.0	410.0	210.8	293.4	272.0
79	Utah	249.5	247.7	306.0	243.2	254.7	241.9
80	N Mex State	249.9	255.7	82.0	267.6	235.2	243.4
81	UCLA	250.6	167.7	188.0	241.1	260.0	226.6
82	Central Mich	251.1	270.7	199.0	293.5	208.7	256.6
83	Wash State	251.5	252.0	194.0	247.2	254.0	236.3
84	Boston Col	252.2	233.7	245.0	254.0	250.7	247.6
85	Akron	252.2	232.0	327.0	273.0	234.8	213.8
86	Northwestern	254.7	173.0	106.0	241.0	268.3	232.2
87	Wyoming	255.1	195.7	164.0	243.0	265.2	197.2
88	Ball State	255.3	247.3	272.0	229.4	271.5	284.3
89	N Carolina	257.7	209.7	216.0	246.3	271.4	248.5
90	Colorado	258.0	170.7	128.0	243.8	269.8	255.4
91	Troy	258.4	234.7	176.0	252.3	264.5	261.4
92	Marshall	259.2	320.3	439.0	227.2	285.8	255.2
93	Tulane	259.7	287.0	370.0	257.9	262.2	241.2
94	UAB	259.7	206.7	244.0	238.0	277.8	282.2
95	North Texas	260.4	254.3	173.0	275.0	252.0	265.8
96	Cincinnati	260.8	291.0	360.0	249.2	270.5	270.4
97	Middle Tenn	261.4	236.0	238.0	264.5	259.6	211.6
98	Texas A&M	261.7	287.7	278.0	227.8	281.1	276.3
99	Florida Intl	262.1	299.7	226.0	225.2	299.0	226.6
100	S Florida	265.5	284.0	211.0	268.4	263.2	253.8
101	Wake Forest	266.3	283.3	229.0	272.8	258.4	237.2
102	NC State	268.5	219.0	108.0	194.2	321.6	221.0
103	Duke	269.6	283.0	332.0	286.3	252.8	249.5
104	California	269.9	329.7	359.0	271.5	268.0	219.2
105	S Methodist	269.9	357.3	362.0	258.7	281.2	233.8
106	New Mexico	271.5	253.7	254.0	290.0	258.3	251.6
107	Kent State	274.0	219.0	213.0	330.5	248.9	188.6
108	E Carolina	274.9	345.3	324.0	228.6	308.0	202.2
109	LA Monroe	276.5	295.3	337.0	309.6	255.9	236.0
110	Idaho	276.5	211.3	117.0	308.5	258.3	288.3
111	Iowa State	281.2	172.7	93.0	297.3	265.0	238.4
112	Miami (FL)	281.8	341.3	432.0	257.2	302.3	197.5
113	Toledo	284.6	300.3	229.0	263.0	300.0	276.2
114	Houston	290.2	292.7	346.0	277.4	308.2	214.5
115	Arkansas	291.2	266.0	217.0	238.5	354.4	204.9
116	Tennessee	291.5	239.7	245.0	286.8	297.0	170.5
117	Kansas	292.2	407.3	407.0	252.8	325.0	273.0
118	TX-San Ant	292.5	341.0	324.0	333.7	267.8	--
119	LA Lafayette	294.1	339.0	278.0	231.0	339.1	272.3
120	Oklahoma St	296.6	340.0	212.0	286.3	306.8	271.8
121	Arizona	309.8	253.3	256.0	317.0	299.8	309.8
122	Baylor	326.8	343.3	329.0	269.4	367.7	305.2
123	W Virginia	329.6	140.3	142.0	368.9	274.6	204.0
124	LA Tech	340.4	329.3	367.0	314.8	366.0	238.8
