1	TX Christian	134.7	151.7	159.0	136.0	133.7	154.5
2	Air Force	139.3	121.3	41.0	114.8	156.9	162.1
3	Boise State	150.9	131.0	93.0	145.2	155.9	177.8
4	Nebraska	158.2	192.3	72.0	129.7	182.6	178.7
5	Miami (FL)	158.2	159.3	201.0	149.6	164.4	212.6
6	Texas	161.6	249.0	128.0	189.7	122.2	179.4
7	Ohio State	165.5	213.7	277.0	154.2	183.6	171.5
8	Syracuse	169.0	155.3	258.0	154.2	177.4	225.6
9	Louisville	169.8	180.0	226.0	167.0	172.7	217.3
10	LSU	174.2	240.7	218.0	138.3	210.0	194.2
11	Florida	177.5	196.0	211.0	160.0	195.0	147.0
12	Temple	178.7	146.7	155.0	189.6	169.7	220.8
13	W Virginia	178.9	233.0	275.0	161.3	196.5	209.8
14	Penn State	180.6	170.3	101.0	155.0	206.2	187.8
15	Kentucky	181.1	216.0	96.0	184.2	178.0	180.9
16	Pittsburgh	181.8	177.3	211.0	174.6	186.9	221.3
17	Buffalo	184.7	153.0	193.0	151.6	212.3	215.2
18	Alabama	184.8	195.0	219.0	153.3	216.2	176.0
19	Georgia	186.0	122.0	117.0	187.4	185.0	225.3
20	Minnesota	187.0	155.7	127.0	193.2	179.6	220.3
21	Arkansas	191.8	213.0	221.0	197.8	187.4	258.9
22	BYU	192.2	203.7	245.0	178.8	203.7	218.9
23	Tulane	193.9	215.7	180.0	211.0	173.4	217.7
24	Washington	194.4	162.7	98.0	185.8	201.7	240.7
25	California	196.3	209.0	237.0	181.3	214.2	269.9
26	Clemson	196.4	189.0	189.0	217.3	175.5	173.2
27	Middle Tenn	196.8	225.3	297.0	214.4	184.3	218.1
28	Fla Atlantic	197.8	248.3	324.0	233.5	179.9	232.6
29	Virginia	198.7	207.7	182.0	226.6	170.8	184.6
30	S Florida	199.0	182.0	246.0	150.8	247.2	204.8
31	Florida Intl	199.8	176.7	132.0	210.6	193.1	258.8
32	Wisconsin	200.5	205.3	219.0	190.0	211.0	231.8
33	Army	202.4	234.0	302.0	181.0	213.1	165.2
34	W Kentucky	203.0	229.7	304.0	176.6	221.9	235.2
35	N Illinois	203.7	210.7	288.0	166.2	220.3	210.9
36	Kent State	205.1	149.7	133.0	196.6	212.2	229.1
37	Missouri	205.4	141.7	200.0	244.8	177.3	247.0
38	S Methodist	208.1	170.3	30.0	198.7	217.4	217.0
39	Kansas St	208.8	208.3	239.0	183.6	226.7	258.6
40	Wyoming	209.3	162.3	97.0	228.8	193.0	212.3
41	Stanford	209.4	209.7	222.0	245.8	183.4	264.8
42	North Texas	209.6	173.7	77.0	243.3	175.8	216.8
43	Miami (OH)	210.6	195.7	161.0	201.4	215.7	190.4
44	GA Tech	210.9	240.7	117.0	268.8	169.6	209.8
45	N Carolina	211.1	246.0	312.0	197.0	221.1	187.6
46	VA Tech	212.1	265.3	287.0	171.0	247.3	167.1
47	Oklahoma	212.9	209.3	223.0	187.5	232.0	189.2
48	UCLA	214.6	218.3	203.0	233.3	195.8	191.2
49	Central FL	214.9	230.0	198.0	198.8	228.7	272.8
50	Notre Dame	215.1	181.7	319.0	234.4	192.5	227.5
51	San Diego St	215.2	225.3	147.0	207.8	222.5	221.2
52	Central Mich	216.5	212.3	332.0	250.2	197.1	230.7
53	New Mexico	218.8	178.0	210.0	237.8	199.8	253.3
54	LA Monroe	219.9	196.3	330.0	240.4	202.8	249.9
55	Boston Col	222.8	211.7	192.0	215.3	230.2	239.1
56	E Michigan	223.5	224.3	102.0	175.2	258.0	150.1
57	Illinois	223.6	250.7	313.0	172.0	260.4	239.3
58	Bowling Grn	224.2	244.0	251.0	225.4	223.4	204.0
59	Arizona	224.3	218.3	240.0	237.2	211.5	205.2
60	Fresno St	224.7	192.7	300.0	200.0	249.3	200.6
61	Utah	225.2	365.7	341.0	212.2	236.3	176.2
62	Florida St	225.2	200.7	275.0	172.3	270.4	231.2
63	Ball State	225.2	160.7	248.0	230.5	221.7	236.4
64	Hawaii	225.3	227.0	343.0	235.4	213.5	204.1
65	Rutgers	225.6	309.3	352.0	197.8	248.8	214.3
66	Colorado St	225.9	226.7	267.0	196.6	246.9	233.6
67	Purdue	226.1	269.7	330.0	197.0	261.0	203.2
68	Michigan St	226.2	257.3	271.0	209.2	243.2	281.8
69	Vanderbilt	226.2	181.3	73.0	196.4	268.0	173.2
70	Iowa State	226.3	172.3	172.0	204.0	253.0	256.2
71	UNLV	227.8	290.7	423.0	170.7	276.7	248.0
72	Oregon St	228.2	195.0	145.0	185.2	271.2	231.8
73	Houston	229.5	273.3	373.0	228.6	230.2	233.8
74	Connecticut	229.6	304.0	429.0	210.4	243.3	245.7
75	W Michigan	229.6	248.3	282.0	246.0	216.0	245.2
76	Arkansas St	230.2	193.7	266.0	219.8	237.6	234.8
77	Oregon	230.6	314.0	265.0	231.4	230.0	207.6
78	TX El Paso	230.8	290.3	295.0	200.2	252.6	246.0
79	Toledo	231.3	227.0	140.0	249.3	215.9	241.4
80	Wake Forest	233.3	278.7	277.0	189.2	270.0	220.9
81	Texas A&M	234.1	180.3	158.0	249.3	218.8	254.7
82	Kansas	234.1	251.3	179.0	245.2	220.8	250.0
83	NC State	235.2	341.3	196.0	176.0	277.6	251.9
84	LA Lafayette	236.8	169.7	164.0	284.0	203.1	218.5
85	Duke	238.3	194.7	264.0	255.2	218.0	232.1
86	S Carolina	239.5	210.3	90.0	273.7	210.1	163.6
87	Miss State	240.2	273.3	254.0	237.8	242.5	228.0
88	Navy	240.4	194.0	276.0	285.0	218.1	214.5
89	Marshall	240.5	267.0	370.0	242.5	238.5	239.5
90	Idaho	240.5	210.7	310.0	237.6	242.6	278.1
91	Cincinnati	240.6	226.3	158.0	261.0	216.2	239.9
92	Nevada	241.2	219.0	121.0	272.0	214.9	297.8
93	Tennessee	241.6	242.7	234.0	249.2	234.0	169.2
94	Wash State	241.7	197.0	256.0	253.8	231.7	274.6
95	Iowa	242.1	265.0	434.0	187.8	296.3	143.2
96	Maryland	242.8	275.0	311.0	275.6	219.4	254.3
97	Troy	244.6	197.3	209.0	202.2	271.1	286.8
98	Indiana	245.0	279.0	252.0	248.6	242.0	238.0
99	Mississippi	245.8	289.7	288.0	236.5	257.0	165.3
100	N Mex State	246.2	250.0	315.0	274.7	217.8	208.6
101	Northwestern	247.0	213.0	369.0	254.0	243.5	228.7
102	UAB	248.0	249.3	156.0	289.2	206.8	309.7
103	Ohio	249.5	267.7	382.0	215.0	274.1	208.8
104	Utah State	251.0	275.0	251.0	248.4	253.2	248.5
105	S Mississippi	251.7	350.3	178.0	255.2	249.1	273.8
106	E Carolina	252.1	247.0	181.0	278.8	229.1	266.8
107	Arizona St	256.5	293.0	266.0	282.2	239.3	202.4
108	USC	259.5	177.7	230.0	235.5	280.1	212.3
109	Colorado	259.8	229.0	142.0	269.3	250.2	201.8
110	Auburn	261.3	314.7	374.0	272.7	248.0	221.2
111	Akron	261.7	249.0	268.0	276.8	249.2	205.7
112	San Jose St	264.5	316.0	250.0	213.5	293.6	188.1
113	Michigan	265.2	234.0	281.0	239.7	290.7	227.8
114	Oklahoma St	275.8	307.3	280.0	311.1	234.7	247.7
115	Baylor	278.2	291.7	242.0	253.0	296.3	237.0
116	Memphis	288.8	288.0	252.0	295.2	282.3	284.7
117	Texas Tech	294.8	301.0	146.0	267.4	314.3	233.2
118	LA Tech	302.2	290.3	159.0	237.7	379.6	214.2
119	Rice	303.7	304.3	248.0	297.3	310.0	273.4
120	Tulsa	330.3	330.0	479.0	288.0	360.6	263.6
