1	Alabama	123.4	90.7	62.0	118.7	129.0	184.8
2	S Carolina	142.0	106.0	116.0	77.5	206.5	239.5
3	Air Force	161.6	127.3	216.0	124.2	192.8	139.3
4	Florida	163.0	103.7	162.0	173.0	153.0	177.5
5	Illinois	169.9	125.3	201.0	179.7	156.2	223.6
6	Tennessee	170.5	151.0	15.0	158.4	191.8	241.6
7	LSU	172.2	157.3	218.0	126.2	205.1	174.2
8	Wisconsin	172.5	225.3	276.0	155.0	187.4	200.5
9	Rutgers	176.8	163.3	220.0	191.5	162.2	225.6
10	Army	177.7	96.0	13.0	138.0	192.6	202.4
11	Michigan St	180.8	253.3	288.0	157.5	200.9	226.2
12	Ohio State	182.0	129.0	132.0	192.9	169.3	165.5
13	Georgia	185.8	153.3	318.0	172.2	194.2	186.0
14	Colorado St	187.1	176.3	191.0	245.6	138.3	225.9
15	Vanderbilt	188.2	150.7	80.0	182.0	194.5	226.2
16	Kent State	188.6	120.7	113.0	194.2	184.0	205.1
17	Michigan	190.5	190.3	214.0	182.9	202.6	265.2
18	Temple	190.8	138.3	127.0	183.3	198.2	178.7
19	Nebraska	194.1	197.3	230.0	194.2	194.0	158.2
20	Mississippi	194.2	118.3	70.0	206.0	180.0	245.8
21	Miami (OH)	195.2	241.3	203.0	226.3	164.0	210.6
22	Wyoming	195.8	197.0	169.0	162.5	214.9	209.3
23	Miami (FL)	197.5	175.0	196.0	149.7	255.0	158.2
24	GA Tech	197.7	231.7	193.0	211.2	184.2	210.9
25	Penn State	197.8	267.0	532.0	158.8	236.7	180.6
26	Miss State	198.2	235.7	224.0	183.4	208.7	240.2
27	BYU	198.4	225.3	235.0	190.5	206.3	192.2
28	Kentucky	201.3	194.7	215.0	205.3	196.4	181.1
29	E Carolina	202.2	242.3	341.0	182.7	221.7	252.1
30	VA Tech	202.5	193.0	128.0	219.4	191.9	212.1
31	Florida St	203.1	185.0	187.0	195.7	210.5	225.2
32	W Virginia	204.0	204.3	250.0	164.2	243.8	178.9
33	Arkansas	204.9	169.3	173.0	209.0	202.0	191.8
34	Notre Dame	205.3	217.3	249.0	186.4	227.3	215.1
35	Central FL	205.8	281.3	249.0	144.8	256.7	214.9
36	Oregon St	207.0	196.0	305.0	220.6	195.7	228.2
37	Texas	209.8	244.0	188.0	169.3	244.6	161.6
38	Boise State	210.8	206.0	395.0	183.2	234.6	150.9
39	Buffalo	211.4	213.7	236.0	194.6	225.3	184.7
40	Middle Tenn	211.5	166.3	23.0	221.7	201.3	196.8
41	Akron	213.8	206.0	337.0	213.8	213.8	261.7
42	Houston	214.5	197.3	137.0	254.7	180.1	229.5
43	Indiana	214.9	189.0	216.0	238.8	195.0	245.0
44	E Michigan	216.5	136.0	98.0	195.5	230.5	223.5
45	Bowling Grn	217.6	230.3	157.0	211.0	223.2	224.2
46	Minnesota	218.5	157.3	78.0	202.5	237.6	187.0
47	California	219.2	222.3	146.0	181.6	246.1	196.3
48	Virginia	219.8	202.7	181.0	215.2	224.5	198.7
49	NC State	221.0	247.7	274.0	198.6	239.7	235.2
50	Auburn	221.2	240.0	312.0	182.0	260.5	261.3
51	San Jose St	221.3	207.0	276.0	181.0	250.1	264.5
52	Nevada	221.8	172.3	165.0	202.3	238.6	241.2
53	Fla Atlantic	222.5	259.7	193.0	201.4	237.6	197.8
54	S Mississippi	223.7	221.3	117.0	207.0	234.1	251.7
55	Clemson	224.0	295.0	401.0	235.3	214.3	196.4
56	Pittsburgh	225.3	236.0	239.0	211.9	244.2	181.8
57	UCLA	226.6	263.3	148.0	193.2	251.6	214.6
58	Florida Intl	226.6	254.3	226.0	228.8	224.7	199.8
59	TX Christian	227.6	186.7	264.0	185.5	269.7	134.7
60	San Diego St	227.9	316.0	492.0	285.2	170.7	215.2
61	W Michigan	227.9	208.3	177.0	212.0	235.9	229.6
62	Arkansas St	228.2	290.7	342.0	202.0	246.9	230.2
63	Iowa	228.5	168.3	161.0	266.8	190.2	242.1
64	S Methodist	233.8	241.0	195.0	200.4	257.6	208.1
65	Purdue	233.9	286.3	439.0	226.2	241.7	226.1
66	Louisville	234.0	254.7	264.0	209.8	251.3	169.8
67	Northwestern	234.2	222.3	329.0	205.4	254.7	247.0
68	Ohio	234.4	239.3	96.0	196.6	258.0	249.5
69	Navy	234.5	223.7	77.0	255.2	222.7	240.4
70	LA Monroe	236.0	198.3	79.0	233.0	237.7	219.9
71	Wash State	236.3	271.3	291.0	229.8	240.0	241.7
72	Wake Forest	237.2	166.3	129.0	241.0	233.3	233.3
73	Iowa State	238.4	203.3	196.0	265.6	219.0	226.3
74	LA Tech	238.9	179.0	206.0	304.5	206.1	302.2
75	Maryland	239.3	307.3	306.0	222.0	260.0	242.8
76	W Kentucky	240.5	246.7	303.0	273.8	212.8	203.0
77	Texas Tech	240.5	294.3	257.0	236.4	244.0	294.8
78	Tulane	241.2	306.7	358.0	242.4	240.4	193.9
79	Oklahoma	241.5	186.0	216.0	268.8	218.0	212.9
80	Utah	242.0	246.0	137.0	238.4	244.6	225.2
81	N Mex State	243.4	192.7	123.0	220.8	262.7	246.2
82	Utah State	244.4	262.3	220.0	234.8	251.3	251.0
83	Boston Col	247.6	240.3	245.0	253.8	242.5	222.8
84	N Carolina	248.5	218.7	176.0	246.0	251.0	211.1
85	Duke	249.5	232.3	321.0	231.8	270.6	238.3
86	New Mexico	251.6	222.3	394.0	201.4	293.5	218.8
87	Hawaii	253.1	245.3	363.0	247.0	259.2	225.3
88	Stanford	253.2	310.3	399.0	223.0	288.5	209.4
89	S Florida	253.8	245.7	237.0	253.0	254.8	199.0
90	Marshall	255.2	228.7	163.0	246.0	260.9	240.5
91	Colorado	255.4	254.0	185.0	294.4	231.0	259.8
92	UNLV	255.5	159.7	199.0	224.2	273.3	227.8
93	Central Mich	255.5	258.0	275.0	234.8	267.4	216.5
94	TX El Paso	258.3	214.7	211.0	251.2	264.2	230.8
95	Oregon	259.5	257.3	296.0	283.0	232.0	230.6
96	N Illinois	261.2	247.3	353.0	158.8	325.2	203.7
97	Troy	261.4	223.0	356.0	274.8	251.9	244.6
98	USC	263.3	241.3	261.0	271.7	251.6	259.5
99	North Texas	265.8	196.3	91.0	267.5	264.2	209.6
100	Syracuse	267.7	230.7	259.0	282.3	250.2	169.0
101	Washington	268.9	326.0	295.0	298.3	239.5	194.4
102	Cincinnati	270.4	207.7	168.0	278.6	264.6	240.6
103	Oklahoma St	271.8	324.3	347.0	310.3	238.9	275.8
104	Missouri	272.0	234.7	317.0	240.8	294.3	205.4
105	LA Lafayette	272.3	338.0	413.0	236.5	290.2	236.8
106	Kansas	273.0	257.3	180.0	312.2	240.3	234.1
107	Kansas St	275.3	162.7	216.0	254.0	296.7	208.8
108	Toledo	276.2	236.3	159.0	362.0	214.9	231.3
109	Texas A&M	276.3	170.0	226.0	249.9	307.2	234.1
110	Rice	278.7	246.3	179.0	239.0	307.0	303.7
111	Fresno St	280.4	296.0	281.0	287.2	275.6	224.7
112	UAB	282.2	206.7	181.0	297.0	271.7	248.0
113	Arizona St	282.8	309.3	298.0	309.0	256.7	256.5
114	Ball State	284.3	267.0	267.0	207.8	339.0	225.2
115	Tulsa	286.3	330.0	250.0	301.7	273.1	330.3
116	Idaho	288.3	268.3	361.0	269.0	304.3	240.5
117	Connecticut	293.0	276.3	217.0	295.0	290.6	229.6
118	Memphis	304.4	281.7	285.0	324.0	288.0	288.8
119	Baylor	305.2	397.3	438.0	313.8	296.5	278.2
120	Arizona	309.8	347.3	328.0	247.8	361.5	224.3
