1	Miami (OH)	5.5	2.3	2.0	3.2	7.6	1.7
2	GA Tech	3.8	1.7	0.0	3.5	4.0	2.7
3	Penn State	3.5	2.0	1.0	4.6	2.3	3.0
4	Oregon St	3.5	1.7	2.0	5.0	2.4	3.2
5	USC	3.5	5.0	5.0	3.7	3.3	2.6
6	Ohio State	3.4	2.0	1.0	4.7	2.2	2.9
7	Georgia	3.4	6.0	8.0	3.0	3.8	2.4
8	Illinois	3.3	2.0	2.0	3.2	3.4	1.8
9	Virginia	3.3	4.3	3.0	3.8	2.9	2.4
10	VA Tech	3.2	3.7	4.0	3.0	3.4	2.3
11	Cincinnati	3.2	5.0	4.0	2.2	3.9	2.2
12	Rutgers	3.2	5.3	6.0	3.0	3.4	3.2
13	TX Christian	3.2	4.0	5.0	4.0	2.4	2.9
14	N Carolina	3.1	3.7	3.0	3.0	3.2	1.9
15	Indiana	3.1	1.0	0.0	2.5	3.7	1.2
16	Stanford	3.1	2.7	2.0	2.9	3.5	1.2
17	Michigan St	3.1	2.0	3.0	3.3	2.9	1.3
18	W Virginia	3.1	3.0	3.0	3.3	2.9	2.6
19	Pittsburgh	3.0	3.3	2.0	3.2	2.8	1.6
20	UCLA	3.0	3.0	3.0	3.5	2.6	3.1
21	Oregon	2.9	2.7	3.0	2.9	3.0	2.1
22	Hawaii	2.9	1.3	0.0	3.6	2.3	2.2
23	Utah	2.8	1.7	1.0	3.5	2.3	1.8
24	Fresno St	2.8	1.7	3.0	3.8	2.1	2.3
25	Central FL	2.8	3.0	1.0	3.7	1.9	2.1
26	Boise State	2.8	2.0	2.0	3.2	2.3	2.8
27	Wyoming	2.8	1.7	4.0	2.3	3.2	2.3
28	Washington	2.7	2.3	4.0	1.4	4.2	2.3
29	LSU	2.6	1.7	5.0	2.6	2.7	3.0
30	Vanderbilt	2.6	2.0	3.0	3.0	2.0	2.0
31	Purdue	2.6	3.3	6.0	2.7	2.5	2.2
32	Miami (FL)	2.6	2.0	0.0	3.1	1.8	2.6
33	Middle Tenn	2.5	2.3	5.0	3.0	2.1	2.6
34	BYU	2.4	2.7	3.0	2.0	2.5	1.8
35	Michigan	2.3	0.3	1.0	2.7	1.8	3.3
36	Connecticut	2.3	2.3	2.0	2.3	2.3	1.6
37	W Michigan	2.3	4.3	6.0	2.8	1.8	3.5
38	NC State	2.3	2.3	2.0	2.2	2.4	1.8
39	Iowa	2.2	2.0	0.0	1.8	2.7	1.5
40	Wash State	2.2	2.3	1.0	3.4	1.4	3.0
41	S Mississippi	2.2	2.3	3.0	2.2	2.3	1.8
42	Troy	2.2	1.7	1.0	3.0	1.7	2.3
43	Wake Forest	2.2	1.7	2.0	2.2	2.3	1.9
44	Florida St	2.2	3.0	3.0	3.0	1.8	2.0
45	Arizona St	2.2	2.3	2.0	2.0	2.6	2.1
46	Oklahoma	2.2	1.0	0.0	2.3	2.1	1.9
47	Kansas St	2.2	1.7	0.0	2.8	1.7	3.0
48	Clemson	2.2	2.0	1.0	3.0	1.3	2.5
49	Wisconsin	2.2	1.3	0.0	3.3	1.0	2.3
50	Missouri	2.2	1.7	3.0	2.4	2.0	2.6
51	Texas	2.2	2.7	4.0	2.7	1.7	3.0
52	Florida	2.2	2.7	3.0	2.0	2.3	2.5
53	Tulsa	2.1	2.7	5.0	2.5	1.9	1.6
54	Tulane	2.1	1.7	1.0	2.2	2.0	1.6
55	Ohio	2.1	2.0	2.0	3.2	1.4	1.6
56	Arizona	2.1	2.7	2.0	3.0	1.3	1.3
57	Colorado St	2.1	2.0	1.0	1.0	2.2	1.8
58	S Florida	2.1	1.7	1.0	2.4	1.9	3.0
59	Duke	2.1	2.0	2.0	2.8	1.6	1.1
60	E Carolina	2.1	1.3	1.0	1.7	2.4	1.4
61	Florida Intl	2.0	1.7	4.0	2.4	1.7	2.1
62	Boston Col	2.0	2.3	0.0	1.7	2.3	2.0
63	Akron	2.0	1.3	1.0	2.5	1.8	1.3
64	Maryland	2.0	3.0	5.0	2.0	2.0	1.4
65	N Illinois	2.0	2.7	4.0	2.8	1.6	1.9
66	Buffalo	1.9	2.0	4.0	2.0	1.9	2.1
67	Texas Tech	1.9	1.7	2.0	1.2	2.4	2.1
68	New Mexico	1.9	3.0	3.0	2.8	1.0	2.4
69	Central Mich	1.8	2.3	2.0	1.2	2.1	2.1
70	Bowling Grn	1.8	2.3	1.0	2.4	1.5	2.2
71	UNLV	1.8	2.3	1.0	1.5	2.2	1.5
72	Auburn	1.8	2.0	3.0	2.0	1.6	2.3
73	Air Force	1.8	2.3	0.0	2.2	1.6	1.5
74	Kentucky	1.8	1.3	1.0	1.4	2.4	1.8
75	Mississippi	1.8	2.0	2.0	1.8	1.8	1.2
76	Arkansas	1.8	1.3	1.0	1.7	1.8	2.5
77	Nevada	1.8	2.0	2.0	2.2	1.4	2.8
78	Alabama	1.8	1.7	1.0	1.7	1.8	1.0
79	Houston	1.8	2.3	2.0	2.0	1.7	1.5
80	S Carolina	1.7	0.7	2.0	1.7	1.8	2.5
81	Baylor	1.7	0.0	0.0	1.8	1.7	0.7
82	Tennessee	1.7	3.3	3.0	1.7	1.7	1.3
83	California	1.7	1.3	0.0	1.7	1.7	1.9
84	Ball State	1.7	2.0	1.0	1.2	2.0	1.7
85	S Methodist	1.7	1.0	1.0	1.7	1.7	2.5
86	Kansas	1.7	2.7	5.0	1.3	2.0	2.6
87	W Kentucky	1.7	2.0	3.0	2.0	1.6	1.0
88	LA Tech	1.6	1.3	1.0	1.8	1.6	0.6
89	Louisville	1.6	1.3	1.0	1.6	1.7	3.3
90	Notre Dame	1.6	2.3	5.0	0.7	2.8	2.4
91	Temple	1.6	0.7	1.0	1.3	1.8	1.2
92	Oklahoma St	1.6	2.3	1.0	1.4	1.7	3.0
93	Kent State	1.5	0.3	1.0	1.8	1.4	2.5
94	Rice	1.5	1.0	0.0	1.2	1.8	2.5
95	San Jose St	1.5	2.0	1.0	2.8	0.9	1.3
96	Colorado	1.5	1.3	1.0	1.3	1.7	1.9
97	Idaho	1.5	2.0	2.0	1.8	1.2	1.4
98	LA Monroe	1.5	0.7	2.0	2.0	1.1	1.5
99	LA Lafayette	1.5	2.0	1.0	1.4	1.5	2.1
100	Northwestern	1.5	3.0	0.0	2.2	0.6	2.0
101	Iowa State	1.4	0.7	1.0	1.7	1.0	2.1
102	TX El Paso	1.4	1.0	2.0	1.2	1.5	1.7
103	Texas A&M	1.3	1.7	0.0	1.7	1.0	1.5
104	Miss State	1.3	1.3	3.0	1.0	1.6	1.6
105	N Mex State	1.3	2.0	1.0	1.6	1.0	0.7
106	UAB	1.3	0.7	1.0	2.2	0.7	1.9
107	Fla Atlantic	1.2	2.3	1.0	1.0	1.4	1.7
108	E Michigan	1.2	0.3	1.0	1.8	0.9	1.4
109	North Texas	1.2	1.3	2.0	1.2	1.1	1.3
110	Nebraska	1.1	1.3	0.0	1.6	0.4	2.4
111	Arkansas St	1.0	1.7	3.0	0.8	1.2	1.0
112	Utah State	1.0	1.0	2.0	1.2	0.9	0.8
113	Memphis	1.0	1.3	1.0	1.2	0.8	1.5
114	San Diego St	1.0	0.0	0.0	1.0	1.0	1.2
115	Marshall	1.0	1.0	0.0	1.4	0.7	2.2
116	Minnesota	0.9	1.3	1.0	0.3	1.6	1.8
117	Army	0.9	0.7	1.0	1.0	0.9	0.9
118	Navy	0.8	1.0	0.0	0.8	0.9	2.3
119	Syracuse	0.8	0.7	2.0	0.3	1.4	2.8
120	Toledo	0.7	0.7	0.0	0.5	1.0	1.7
