1	USC	4.2	6.3	9.0	5.0	3.3	0.3
2	Wash State	3.8	4.7	7.0	3.6	4.0	0.2
3	Kansas St	3.3	2.3	0.0	3.7	3.0	0.0
4	TX Christian	3.2	3.5	--	2.5	4.0	0.0
5	Hawaii	3.2	3.7	1.0	3.6	2.8	0.0
6	LSU	3.2	3.7	5.0	3.2	3.3	0.2
7	Michigan St	3.2	2.0	0.0	2.5	3.4	0.0
8	Oklahoma	3.2	2.0	5.0	2.8	3.5	0.1
9	Washington	3.2	1.3	3.0	3.0	3.3	0.2
10	Notre Dame	3.2	4.7	3.0	2.5	3.8	0.2
11	Texas	3.1	2.3	0.0	2.3	4.0	0.2
12	Wisconsin	3.1	2.7	1.0	4.6	1.3	0.1
13	Connecticut	3.0	2.3	3.0	3.8	2.3	0.0
14	Purdue	2.9	3.7	3.0	2.3	3.7	0.0
15	Miami (FL)	2.8	5.3	1.0	2.5	3.4	0.0
16	Memphis	2.8	3.3	3.0	3.0	2.7	0.0
17	Ohio State	2.8	1.3	2.0	3.0	2.4	0.5
18	Ohio	2.7	3.0	3.0	2.8	2.7	0.3
19	California	2.7	2.7	2.0	2.7	2.8	0.2
20	Oregon	2.7	4.3	1.0	3.7	1.9	0.2
21	Auburn	2.7	4.0	6.0	2.8	2.5	0.1
22	Iowa	2.6	2.7	3.0	2.7	2.5	0.3
23	VA Tech	2.6	2.3	2.0	2.5	2.7	0.4
24	Texas Tech	2.5	2.3	1.0	2.7	2.3	0.2
25	GA Tech	2.5	3.0	7.0	3.2	2.0	0.2
26	Florida St	2.5	1.7	2.0	3.3	1.9	0.2
27	Miami (OH)	2.5	2.5	--	2.6	2.5	0.1
28	Maryland	2.5	2.0	2.0	3.4	1.9	0.3
29	S Mississippi	2.5	4.3	3.0	3.0	2.0	0.0
30	New Mexico	2.5	3.5	--	2.0	3.0	0.0
31	N Illinois	2.5	1.0	2.0	3.2	2.0	1.2
32	Arizona St	2.5	1.7	2.0	2.6	2.3	0.2
33	Oklahoma St	2.4	1.0	0.0	3.0	1.8	0.2
34	Nevada	2.4	1.0	0.0	2.6	2.2	0.0
35	NC State	2.3	2.0	1.0	2.3	2.3	0.1
36	Fresno St	2.3	2.7	2.0	1.8	2.6	0.7
37	UCLA	2.3	1.3	1.0	3.2	1.6	0.0
38	San Diego St	2.3	0.7	1.0	2.2	2.3	0.2
39	Kentucky	2.3	2.0	2.0	2.2	2.4	0.2
40	W Michigan	2.3	2.3	2.0	1.8	2.6	0.9
41	Clemson	2.2	3.7	6.0	2.0	2.5	0.2
42	Rutgers	2.2	2.7	2.0	2.5	2.0	0.0
43	Michigan	2.2	2.0	1.0	3.3	1.0	0.2
44	Georgia	2.2	4.0	5.0	1.8	2.5	0.3
45	Central Mich	2.2	2.7	0.0	3.0	1.7	1.4
46	Oregon St	2.2	1.5	--	2.5	1.8	0.0
47	Baylor	2.2	3.3	1.0	1.7	2.8	0.1
48	Colorado St	2.2	3.0	3.0	1.8	2.5	0.3
49	BYU	2.2	0.7	0.0	1.2	2.9	0.2
50	S Florida	2.1	2.0	1.0	2.0	2.2	0.0
51	Akron	2.1	1.3	1.0	2.2	2.0	0.2
52	Arizona	2.1	2.0	1.0	2.4	1.6	0.0
53	Bowling Grn	2.1	0.3	1.0	1.8	2.3	0.2
54	Virginia	2.1	2.7	5.0	1.8	2.3	0.3
55	Nebraska	2.1	2.3	5.0	2.0	2.1	0.4
56	Minnesota	2.0	2.0	4.0	2.0	2.0	0.0
57	Marshall	2.0	2.3	3.0	2.8	1.6	0.2
58	North Texas	2.0	2.3	1.0	3.0	1.4	0.7
59	Louisville	2.0	2.5	--	2.7	1.3	0.3
60	Tennessee	2.0	1.3	1.0	2.6	1.3	0.2
61	Illinois	2.0	2.0	4.0	2.0	2.0	0.0
62	Alabama	2.0	0.3	0.0	2.0	2.0	0.0
63	Mississippi	2.0	3.0	3.0	2.3	1.7	0.2
64	Houston	1.9	2.0	6.0	0.8	2.9	0.1
65	Boise State	1.9	0.0	--	1.4	2.3	0.2
66	Tulsa	1.9	2.3	1.0	2.6	1.4	0.1
67	Florida	1.9	1.3	2.0	1.4	2.3	0.2
68	Cincinnati	1.9	0.7	0.0	1.8	2.0	0.0
69	Stanford	1.9	0.7	0.0	2.8	1.4	0.0
70	Missouri	1.8	1.0	0.0	2.2	1.6	0.3
71	Utah	1.8	2.0	5.0	2.2	1.5	0.0
72	Utah State	1.8	1.3	0.0	3.0	1.1	0.0
73	Temple	1.7	0.3	0.0	1.5	1.8	0.0
74	N Mex State	1.6	2.0	3.0	1.3	1.8	0.1
75	Vanderbilt	1.6	1.3	0.0	2.3	0.8	0.0
76	Syracuse	1.6	1.3	3.0	1.7	1.6	0.1
77	Northwestern	1.6	1.3	2.0	1.2	2.0	0.0
78	LA Monroe	1.6	1.3	3.0	1.7	1.6	0.0
79	Idaho	1.6	2.7	3.0	2.0	1.3	0.1
80	Penn State	1.6	1.3	0.0	2.6	0.2	0.2
81	UNLV	1.6	1.7	4.0	1.8	1.3	0.2
82	Texas A&M	1.6	1.0	1.0	2.1	0.8	0.0
83	Pittsburgh	1.5	2.7	1.0	1.2	1.9	0.2
84	Rice	1.5	1.3	1.0	1.8	1.4	0.2
85	E Michigan	1.5	2.7	4.0	1.2	1.8	0.4
86	Colorado	1.5	2.0	0.0	1.3	1.7	0.2
87	Duke	1.5	1.3	3.0	1.5	1.4	0.1
88	Air Force	1.5	1.7	1.0	2.6	0.5	0.2
89	San Jose St	1.4	1.0	0.0	1.2	1.5	0.0
90	TX El Paso	1.4	1.7	5.0	2.8	0.2	0.0
91	LA Lafayette	1.4	1.7	4.0	1.4	1.3	0.0
92	Kansas	1.3	1.0	0.0	2.2	0.9	0.3
93	N Carolina	1.3	1.3	2.0	1.5	1.2	0.2
94	S Carolina	1.3	0.7	0.0	1.2	1.5	0.2
95	UAB	1.3	0.7	0.0	0.8	1.7	0.2
96	Army	1.3	1.3	2.0	1.5	1.1	0.0
97	W Virginia	1.3	1.3	1.0	1.7	0.8	0.0
98	Arkansas St	1.3	2.0	3.0	2.5	1.0	0.3
99	Tulane	1.3	1.3	2.0	1.6	1.0	0.0
100	Wyoming	1.3	0.7	1.0	1.4	1.2	0.5
101	Ball State	1.3	0.7	1.0	1.4	1.2	0.2
102	Buffalo	1.3	1.0	1.0	2.4	0.3	0.0
103	Miss State	1.2	0.3	0.0	1.5	1.0	0.0
104	LA Tech	1.2	0.7	0.0	1.2	1.2	0.2
105	Indiana	1.1	1.3	3.0	1.2	1.0	0.0
106	Kent State	1.1	1.3	2.0	1.0	1.2	0.0
107	Middle Tenn	1.1	0.3	0.0	0.8	1.3	0.0
108	Central FL	1.1	1.3	0.0	1.5	0.9	0.0
109	Navy	1.1	1.3	1.0	1.5	0.9	0.2
110	Arkansas	1.1	0.3	1.0	1.3	0.9	0.0
111	Boston Col	1.1	1.3	1.0	0.5	1.6	0.2
112	S Methodist	1.0	0.7	2.0	0.8	1.2	0.0
113	E Carolina	0.9	2.0	0.0	0.5	1.3	0.2
114	Wake Forest	0.9	0.3	0.0	0.7	1.2	0.1
115	Iowa State	0.9	1.7	0.0	1.2	0.6	0.5
116	Toledo	0.8	0.7	0.0	1.4	0.3	0.2
117	Troy	0.7	0.7	1.0	1.0	0.6	0.0
