1	Rutgers	3.8	4.3	1.0	4.4	3.3	2.9
2	Oklahoma	3.8	3.7	3.0	3.5	4.0	2.9
3	Louisville	3.7	3.3	3.0	3.7	3.7	2.5
4	Ohio State	3.7	2.7	5.0	5.0	1.8	2.1
5	Nebraska	3.5	3.3	4.0	3.7	3.4	1.8
6	TX Christian	3.4	4.7	5.0	3.4	3.4	2.2
7	Auburn	3.3	5.3	3.0	4.5	1.8	2.7
8	Penn State	3.2	4.0	1.0	3.9	2.4	1.7
9	NC State	3.1	5.3	6.0	3.0	3.2	3.1
10	S Florida	3.0	2.0	3.0	2.8	3.1	2.5
11	Boise State	2.9	2.7	2.0	3.2	2.7	2.2
12	Boston Col	2.8	5.0	3.0	3.3	2.3	2.0
13	Florida	2.8	3.0	1.0	2.9	2.6	1.8
14	Fresno St	2.8	1.7	0.0	2.6	2.9	2.2
15	LSU	2.7	3.0	4.0	3.0	2.4	2.9
16	Oregon	2.6	1.3	0.0	2.2	3.0	2.7
17	California	2.6	3.3	1.0	2.0	3.2	3.1
18	Georgia	2.6	2.7	2.0	2.5	2.7	3.1
19	Notre Dame	2.6	3.7	1.0	2.2	3.0	2.4
20	Clemson	2.6	3.3	3.0	3.3	1.8	3.6
21	Navy	2.6	3.0	3.0	2.2	2.9	1.3
22	GA Tech	2.6	3.3	0.0	2.5	2.7	2.9
23	Texas	2.5	2.3	3.0	2.7	2.4	1.8
24	Tennessee	2.5	3.0	4.0	2.2	2.8	2.5
25	N Carolina	2.5	2.3	3.0	2.7	2.2	1.8
26	S Mississippi	2.5	2.0	4.0	2.2	2.6	2.7
27	Florida St	2.4	2.7	0.0	2.8	2.1	3.0
28	Nevada	2.4	2.3	3.0	3.0	1.8	2.2
29	Wash State	2.4	1.7	0.0	2.4	2.4	2.6
30	Akron	2.4	1.3	0.0	2.2	2.5	2.5
31	W Virginia	2.3	0.3	0.0	3.2	1.5	2.0
32	S Carolina	2.2	2.0	0.0	3.4	0.6	1.2
33	Missouri	2.2	2.3	1.0	2.5	2.0	2.2
34	Miami (FL)	2.2	2.7	2.0	3.3	1.2	3.2
35	USC	2.2	2.0	0.0	1.7	2.7	3.7
36	Iowa State	2.2	3.0	6.0	--	2.2	1.8
37	New Mexico	2.2	5.7	3.0	2.6	1.8	3.0
38	Utah	2.1	2.3	0.0	2.7	1.5	2.8
39	UCLA	2.1	2.0	0.0	2.5	1.7	1.8
40	Oklahoma St	2.0	2.0	0.0	2.0	2.0	1.4
41	Central FL	2.0	1.3	1.0	2.6	1.6	1.3
42	Wisconsin	2.0	1.7	4.0	2.2	1.9	2.6
43	Colorado	2.0	2.7	3.0	2.7	1.4	2.2
44	Tulsa	1.9	2.7	0.0	1.4	2.2	1.5
45	BYU	1.9	1.3	1.0	2.4	1.5	2.6
46	Arkansas St	1.9	1.3	0.0	3.0	1.3	1.2
47	Wyoming	1.9	0.7	0.0	2.6	1.3	1.8
48	Baylor	1.9	0.7	2.0	0.8	2.7	1.7
49	VA Tech	1.8	2.7	4.0	1.0	2.6	2.4
50	Arizona St	1.8	0.7	0.0	1.1	2.8	3.0
51	Syracuse	1.8	2.3	5.0	1.7	2.0	2.0
52	Stanford	1.8	1.0	1.0	2.8	0.8	2.7
53	Arkansas	1.8	2.7	1.0	2.4	1.2	1.5
54	Miss State	1.8	2.0	4.0	2.6	1.0	1.3
55	Michigan	1.8	2.7	5.0	1.4	2.2	1.8
56	Kansas	1.7	2.0	2.0	1.8	1.6	2.0
57	Iowa	1.7	2.7	2.0	1.4	2.0	2.6
58	Connecticut	1.7	2.0	3.0	2.0	1.4	2.1
59	Maryland	1.6	2.0	5.0	2.2	1.2	2.5
60	Memphis	1.6	2.0	3.0	2.2	1.2	1.7
61	Houston	1.5	1.0	1.0	1.0	2.0	1.5
62	Texas A&M	1.5	2.3	3.0	2.0	1.0	2.2
63	Alabama	1.5	1.7	4.0	1.9	1.0	2.0
64	Virginia	1.5	0.3	0.0	1.7	1.3	2.5
65	Purdue	1.5	2.3	7.0	0.7	2.4	2.5
66	Florida Intl	1.4	2.3	4.0	2.3	1.0	2.3
67	Duke	1.4	2.7	5.0	0.6	2.2	1.1
68	Kansas St	1.4	2.0	2.0	0.8	2.0	1.8
69	TX El Paso	1.4	0.0	0.0	0.8	1.8	3.1
70	Central Mich	1.4	2.3	7.0	0.6	2.0	1.2
71	San Diego St	1.3	1.3	1.0	1.5	1.2	2.8
72	Oregon St	1.3	1.0	3.0	0.8	1.8	2.9
73	Arizona	1.3	1.7	1.0	1.2	1.4	1.9
74	Indiana	1.3	1.3	1.0	1.0	1.6	2.0
75	Texas Tech	1.3	0.7	0.0	1.2	1.3	1.7
76	Minnesota	1.2	0.3	1.0	1.5	1.0	1.8
77	Troy	1.2	1.7	4.0	1.0	1.3	3.1
78	San Jose St	1.2	1.7	1.0	1.8	0.8	1.5
79	Pittsburgh	1.2	0.3	0.0	1.0	1.4	1.9
80	E Carolina	1.2	1.3	1.0	1.2	1.2	1.6
81	Army	1.1	0.7	1.0	1.4	0.8	1.8
82	Washington	1.1	0.0	0.0	0.8	1.4	2.3
83	Colorado St	1.1	0.0	0.0	0.8	1.3	1.1
84	Kentucky	1.0	1.7	3.0	1.4	0.6	1.5
85	Hawaii	1.0	0.3	1.0	1.1	0.8	2.0
86	Marshall	1.0	1.3	2.0	1.0	1.0	3.1
87	Toledo	1.0	2.7	3.0	1.8	0.6	1.8
88	S Methodist	1.0	2.7	5.0	1.2	0.8	0.9
89	Middle Tenn	1.0	1.7	1.0	1.0	1.0	2.3
90	Cincinnati	1.0	2.3	2.0	0.8	1.2	2.3
91	Northwestern	0.9	1.3	1.0	1.2	0.7	1.9
92	Temple	0.9	0.7	1.0	0.8	1.0	1.2
93	Bowling Grn	0.9	2.0	2.0	0.6	1.2	2.0
94	Michigan St	0.9	0.0	0.0	1.2	0.6	1.6
95	LA Monroe	0.9	0.7	0.0	0.5	1.2	1.3
96	UAB	0.9	1.7	1.0	0.2	1.3	2.2
97	Vanderbilt	0.9	0.7	1.0	0.6	1.2	1.3
98	Utah State	0.8	1.7	4.0	0.2	1.1	1.7
99	Wake Forest	0.8	0.7	1.0	0.7	1.0	1.8
100	Mississippi	0.8	0.3	0.0	0.2	1.4	2.0
101	LA Tech	0.7	0.7	0.0	0.4	1.0	2.8
102	Ohio	0.7	0.0	0.0	1.2	0.3	2.3
103	Air Force	0.7	1.0	2.0	0.4	1.0	1.6
104	UNLV	0.7	0.7	0.0	0.4	1.0	2.3
105	E Michigan	0.7	0.3	1.0	0.8	0.7	1.9
106	North Texas	0.7	0.7	2.0	1.4	0.2	1.9
107	Miami (OH)	0.7	1.0	2.0	1.0	0.5	2.9
108	Tulane	0.7	1.0	0.0	1.7	0.3	1.6
109	LA Lafayette	0.7	0.0	0.0	1.2	0.3	0.8
110	Ball State	0.6	1.0	1.0	1.0	0.4	1.5
111	Idaho	0.6	1.7	2.0	0.5	0.7	2.2
112	Buffalo	0.6	0.3	1.0	0.8	0.5	2.4
113	Rice	0.6	0.7	1.0	0.6	0.7	2.6
114	Illinois	0.5	0.7	2.0	1.0	0.0	1.0
115	Kent State	0.5	0.0	0.0	0.0	0.8	3.0
116	W Michigan	0.5	0.0	0.0	0.0	0.8	1.4
117	N Mex State	0.5	0.7	1.0	0.7	0.3	1.2
118	N Illinois	0.5	1.7	2.0	0.5	0.4	2.6
119	Fla Atlantic	0.3	0.0	0.0	0.0	0.4	1.7
