1	USC	3.7	2.7	2.0	4.0	3.4	4.2
2	Clemson	3.6	2.7	1.0	4.5	2.6	2.2
3	Miami (FL)	3.2	4.0	5.0	3.3	3.0	2.8
4	NC State	3.1	3.0	3.0	1.8	4.4	2.3
5	TX El Paso	3.1	4.0	3.0	2.6	3.5	1.4
6	Georgia	3.1	4.0	7.0	3.6	2.7	2.2
7	Troy	3.1	1.3	0.0	3.2	3.0	0.7
8	California	3.1	3.0	1.0	4.4	2.1	2.7
9	Marshall	3.1	1.7	0.0	3.4	2.9	2.0
10	Florida St	3.0	2.3	0.0	4.0	2.0	2.5
11	New Mexico	3.0	5.3	1.0	3.4	2.7	2.5
12	Arizona St	3.0	2.3	2.0	3.3	2.7	2.5
13	Kent State	3.0	4.0	6.0	3.0	3.0	1.1
14	Oklahoma	2.9	3.7	1.0	2.4	3.5	3.2
15	Oregon St	2.9	4.7	2.0	4.6	1.7	2.2
16	Miami (OH)	2.9	2.3	0.0	4.8	2.0	2.5
17	LSU	2.9	3.7	3.0	3.7	1.8	3.2
18	GA Tech	2.9	1.3	0.0	2.6	3.2	2.5
19	Rutgers	2.9	0.7	0.0	3.6	2.2	2.2
20	San Diego St	2.8	1.7	4.0	3.8	2.2	2.3
21	LA Tech	2.8	3.0	2.0	3.6	2.1	1.2
22	Utah	2.8	4.3	9.0	2.0	3.5	1.8
23	Stanford	2.7	4.3	3.0	2.5	3.0	1.9
24	Oregon	2.7	2.0	4.0	2.7	2.8	2.7
25	Auburn	2.7	0.3	1.0	3.0	2.2	2.7
26	S Mississippi	2.7	2.3	5.0	3.0	2.4	2.5
27	BYU	2.6	2.3	2.0	2.3	3.0	2.2
28	N Illinois	2.6	0.3	1.0	3.0	2.4	2.5
29	Wash State	2.6	2.7	4.0	3.0	2.3	3.8
30	Rice	2.6	1.7	2.0	4.2	1.3	1.5
31	Wisconsin	2.6	2.0	1.0	2.0	3.2	3.1
32	Iowa	2.6	3.3	5.0	3.2	2.0	2.6
33	Maryland	2.5	2.7	6.0	2.3	2.8	2.5
34	Virginia	2.5	3.0	1.0	1.5	3.5	2.1
35	Purdue	2.5	4.0	3.0	3.0	2.0	2.9
36	Louisville	2.5	2.0	2.0	2.8	2.3	2.0
37	S Florida	2.5	2.7	3.0	2.2	2.8	2.1
38	Tennessee	2.5	1.0	1.0	2.3	2.7	2.0
39	Akron	2.5	2.3	0.0	1.8	3.0	2.1
40	Notre Dame	2.4	2.3	3.0	1.7	3.2	3.2
41	VA Tech	2.4	2.7	2.0	1.8	3.0	2.6
42	Buffalo	2.4	3.3	1.0	3.6	1.3	1.3
43	Cincinnati	2.3	3.7	3.0	1.8	2.7	1.9
44	Ohio	2.3	4.0	4.0	2.0	2.5	2.7
45	Middle Tenn	2.3	2.7	2.0	3.8	1.3	1.1
46	UNLV	2.3	2.3	3.0	2.0	2.5	1.6
47	Washington	2.3	2.7	3.0	2.3	2.2	3.2
48	Boise State	2.2	0.7	0.0	2.9	1.4	1.9
49	Texas A&M	2.2	1.0	1.0	3.0	1.5	1.6
50	Idaho	2.2	2.0	3.0	1.5	2.6	1.6
51	Colorado	2.2	1.7	2.0	1.5	2.9	1.5
52	Nevada	2.2	2.7	3.0	2.6	1.8	2.4
53	Fresno St	2.2	1.7	1.0	2.2	2.1	2.3
54	TX Christian	2.2	1.3	0.0	2.3	2.0	3.2
55	Missouri	2.2	1.3	4.0	1.2	3.4	1.8
56	UAB	2.2	1.7	1.0	3.4	1.3	1.3
57	Connecticut	2.1	2.3	4.0	2.7	1.4	3.0
58	Ohio State	2.1	1.7	1.0	2.7	1.5	2.8
59	W Virginia	2.0	3.3	2.0	2.4	1.7	1.3
60	Alabama	2.0	1.7	0.0	1.8	2.2	2.0
61	Mississippi	2.0	2.3	4.0	2.2	1.8	2.0
62	Bowling Grn	2.0	0.3	0.0	3.8	1.0	2.1
63	Indiana	2.0	3.0	5.0	1.6	2.3	1.1
64	Syracuse	2.0	3.0	5.0	2.4	1.7	1.6
65	Kansas	2.0	3.3	6.0	1.7	2.4	1.3
66	Boston Col	2.0	1.7	2.0	1.5	2.3	1.1
67	Hawaii	2.0	1.0	2.0	2.9	0.2	3.2
68	Northwestern	1.9	2.7	1.0	2.3	1.5	1.6
69	North Texas	1.9	1.7	1.0	3.8	0.9	2.0
70	Pittsburgh	1.9	1.3	2.0	2.2	1.7	1.5
71	E Michigan	1.9	2.0	3.0	2.2	1.6	1.5
72	Arizona	1.9	3.0	3.0	1.5	2.5	2.1
73	Texas	1.8	3.3	1.0	2.7	1.0	3.1
74	Iowa State	1.8	2.0	3.0	--	1.8	0.9
75	Wyoming	1.8	3.0	6.0	1.0	2.5	1.3
76	N Carolina	1.8	3.3	1.0	1.4	2.2	1.3
77	Army	1.8	1.7	2.0	1.4	2.2	1.3
78	Minnesota	1.8	3.3	3.0	2.0	1.7	2.0
79	Wake Forest	1.8	2.7	4.0	1.8	1.8	0.9
80	Kansas St	1.8	2.3	3.0	2.0	1.5	3.3
81	Nebraska	1.8	1.0	1.0	1.8	1.8	2.1
82	Toledo	1.8	2.0	0.0	2.6	1.2	0.8
83	UCLA	1.8	3.3	4.0	1.5	2.0	2.3
84	Florida	1.8	2.3	0.0	2.5	1.0	1.9
85	Michigan	1.8	0.7	1.0	2.3	1.2	2.2
86	Memphis	1.7	0.7	2.0	2.5	1.3	2.8
87	Penn State	1.7	1.0	0.0	1.3	2.2	1.6
88	Utah State	1.7	2.3	5.0	1.0	1.8	1.8
89	Baylor	1.7	1.7	0.0	1.8	1.6	2.2
90	Texas Tech	1.7	2.0	3.0	2.2	1.3	2.5
91	E Carolina	1.6	2.3	4.0	2.0	1.3	0.9
92	Tulane	1.6	2.3	3.0	1.4	1.8	1.3
93	Air Force	1.6	1.0	1.0	2.2	0.8	1.5
94	Michigan St	1.6	1.0	0.0	1.7	1.5	3.2
95	Kentucky	1.5	1.7	0.0	2.3	0.6	2.3
96	Houston	1.5	0.7	1.0	2.2	1.0	1.9
97	Tulsa	1.5	2.3	3.0	1.2	1.8	1.9
98	San Jose St	1.5	2.7	2.0	2.2	1.0	1.4
99	Ball State	1.5	2.7	3.0	2.2	0.8	1.3
100	Arkansas	1.5	2.0	4.0	2.0	0.5	1.1
101	Oklahoma St	1.4	0.7	0.0	2.0	0.8	2.4
102	W Michigan	1.4	1.7	3.0	1.2	1.5	2.3
103	LA Monroe	1.3	1.7	2.0	1.7	1.2	1.6
104	Navy	1.3	1.3	0.0	1.4	1.2	1.1
105	Vanderbilt	1.3	0.7	0.0	1.6	1.0	1.6
106	Miss State	1.3	0.7	1.0	1.8	0.5	1.2
107	Central FL	1.3	2.7	2.0	2.0	0.7	1.1
108	N Mex State	1.2	1.7	0.0	2.2	0.4	1.6
109	Temple	1.2	1.7	3.0	1.4	1.0	1.7
110	Central Mich	1.2	2.3	5.0	1.8	0.8	2.2
111	Arkansas St	1.2	1.0	1.0	2.0	0.7	1.3
112	S Carolina	1.2	0.7	2.0	1.2	1.2	1.3
113	Duke	1.1	0.7	0.0	1.2	1.0	1.5
114	Colorado St	1.1	0.3	0.0	1.6	0.6	2.2
115	Illinois	1.0	2.0	1.0	1.3	0.5	2.0
116	S Methodist	0.9	1.7	0.0	1.2	0.7	1.0
117	LA Lafayette	0.8	1.3	0.0	1.2	0.4	1.4
