1	Pittsburgh	3.5	2.3	3.0	3.8	3.2	1.6
2	Texas Tech	3.2	2.7	1.0	3.8	2.7	2.4
3	Nebraska	3.1	4.0	2.0	2.6	3.7	2.5
4	Syracuse	3.1	4.3	0.0	3.7	2.0	1.4
5	Oregon	3.1	3.0	4.0	3.0	3.2	2.5
6	VA Tech	3.0	4.7	6.0	2.5	3.4	2.4
7	Oklahoma	3.0	1.7	1.0	3.2	2.9	2.7
8	Texas	3.0	3.0	5.0	3.5	2.6	3.5
9	Cincinnati	3.0	1.7	2.0	1.4	4.1	2.5
10	Central FL	3.0	2.3	1.0	3.5	2.5	1.9
11	Florida	3.0	2.7	4.0	2.2	3.7	1.7
12	Middle Tenn	2.9	2.7	0.0	4.2	1.9	2.1
13	Wisconsin	2.9	4.0	5.0	2.6	3.1	1.7
14	Rutgers	2.8	3.7	6.0	3.6	2.2	2.2
15	Arizona	2.8	2.7	0.0	2.4	3.0	1.8
16	Kent State	2.7	1.0	2.0	2.8	2.7	1.4
17	Texas A&M	2.7	1.7	0.0	3.0	2.3	1.3
18	USC	2.7	1.0	2.0	2.8	2.6	2.2
19	S Mississippi	2.7	1.3	1.0	3.2	2.3	1.5
20	Penn State	2.7	1.7	2.0	2.1	3.4	2.3
21	Purdue	2.6	2.3	3.0	2.1	3.2	1.9
22	W Virginia	2.6	3.3	5.0	2.5	2.7	1.5
23	N Carolina	2.5	2.3	2.0	2.6	2.5	1.8
24	Troy	2.5	3.0	2.0	2.4	2.6	3.0
25	TX Christian	2.5	1.3	0.0	2.8	2.3	2.6
26	Michigan St	2.5	2.0	1.0	3.0	2.0	1.5
27	Missouri	2.5	2.0	1.0	2.4	2.6	2.5
28	N Illinois	2.5	2.7	5.0	2.4	2.6	1.6
29	Clemson	2.5	0.7	1.0	3.5	1.6	0.7
30	Mississippi	2.5	2.3	1.0	2.4	2.5	2.9
31	Kansas	2.5	1.7	1.0	1.6	3.2	1.9
32	Connecticut	2.4	2.7	3.0	3.4	1.7	1.6
33	Temple	2.4	2.3	1.0	3.2	1.9	1.8
34	Ohio State	2.4	1.0	1.0	3.0	1.7	1.9
35	Nevada	2.4	1.0	2.0	3.0	1.9	2.2
36	Maryland	2.4	1.3	2.0	3.0	1.6	2.2
37	Washington	2.3	4.3	5.0	2.4	2.2	1.3
38	Iowa	2.3	3.3	3.0	2.2	2.5	1.2
39	Utah	2.3	3.3	4.0	2.5	2.1	2.0
40	Tulsa	2.3	1.0	1.0	1.6	2.8	2.0
41	LA Monroe	2.3	2.0	1.0	2.5	2.1	1.2
42	California	2.2	1.7	3.0	3.0	1.7	2.5
43	Northwestern	2.2	2.3	3.0	2.3	2.2	1.8
44	Alabama	2.2	1.3	1.0	3.0	1.6	1.7
45	Army	2.2	1.3	0.0	1.6	2.7	1.6
46	Auburn	2.2	2.7	3.0	2.4	1.8	1.5
47	S Carolina	2.2	1.7	1.0	2.2	2.2	2.4
48	Oklahoma St	2.2	3.3	3.0	1.9	2.6	1.1
49	Colorado	2.2	1.7	3.0	2.7	1.7	2.2
50	BYU	2.2	1.0	0.0	2.2	2.1	1.2
51	S Florida	2.1	0.7	1.0	2.0	2.1	1.5
52	Wake Forest	2.1	1.0	0.0	2.5	1.6	1.8
53	Marshall	2.1	3.0	4.0	2.6	1.7	1.5
54	Georgia	2.0	1.7	2.0	2.8	1.4	2.2
55	LA Tech	2.0	2.0	4.0	3.2	1.3	1.6
56	Arkansas	2.0	2.3	3.0	1.6	2.3	1.9
57	Central Mich	2.0	2.7	4.0	2.2	1.9	2.6
58	Boise State	1.9	1.7	2.0	1.5	2.3	1.8
59	UCLA	1.9	2.3	3.0	2.5	1.4	1.5
60	E Carolina	1.9	1.0	0.0	2.4	1.6	1.8
61	New Mexico	1.9	1.3	1.0	2.0	1.8	1.4
62	S Methodist	1.9	1.3	3.0	2.2	1.7	1.5
63	Colorado St	1.9	2.7	4.0	1.6	2.2	0.7
64	Arizona St	1.9	0.3	1.0	1.5	2.4	1.8
65	Indiana	1.9	1.3	4.0	2.2	1.7	2.0
66	Virginia	1.9	1.3	2.0	2.2	1.6	2.1
67	Louisville	1.9	2.7	2.0	2.4	1.5	1.2
68	NC State	1.8	1.3	1.0	1.3	2.5	1.7
69	Wyoming	1.8	2.3	3.0	1.4	2.0	1.5
70	Air Force	1.8	0.3	0.0	2.6	1.1	2.1
71	Michigan	1.7	1.7	2.0	1.3	2.5	2.4
72	Buffalo	1.7	3.7	4.0	1.0	2.3	1.0
73	Ohio	1.7	2.0	2.0	1.4	1.9	1.7
74	GA Tech	1.7	1.0	2.0	2.2	1.4	1.7
75	Rice	1.7	1.0	0.0	2.2	1.2	1.7
76	Minnesota	1.7	2.3	2.0	1.0	2.3	2.2
77	Miami (FL)	1.7	1.3	1.0	2.0	1.4	2.3
78	Notre Dame	1.7	0.7	1.0	1.4	2.0	2.1
79	Florida Intl	1.7	2.0	4.0	--	1.7	1.4
80	Toledo	1.7	1.0	0.0	1.4	1.9	1.0
81	San Jose St	1.6	3.0	2.0	1.6	1.7	2.5
82	Stanford	1.6	0.7	0.0	1.9	1.3	2.8
83	Bowling Grn	1.6	1.0	1.0	1.0	2.1	1.7
84	Houston	1.6	0.3	1.0	--	1.6	1.5
85	Kansas St	1.6	1.3	2.0	3.0	0.7	2.1
86	Duke	1.6	1.3	2.0	1.2	1.8	1.4
87	UAB	1.6	1.7	1.0	1.8	1.4	1.0
88	Vanderbilt	1.5	1.3	0.0	0.8	2.2	2.2
89	Illinois	1.5	0.3	0.0	1.2	1.8	2.5
90	Tennessee	1.5	1.3	1.0	1.8	1.2	1.8
91	Navy	1.5	2.3	4.0	1.8	1.4	1.2
92	Boston Col	1.5	1.7	1.0	0.8	2.2	1.8
93	N Mex State	1.5	1.7	0.0	1.6	1.4	1.1
94	Arkansas St	1.5	3.0	7.0	1.0	1.7	1.9
95	Baylor	1.5	0.7	1.0	1.0	1.8	1.5
96	W Michigan	1.5	2.3	1.0	1.8	1.3	2.2
97	Memphis	1.5	1.3	2.0	1.6	1.3	1.2
98	LA Lafayette	1.5	2.3	4.0	1.4	1.5	1.2
99	Hawaii	1.4	1.7	2.0	1.7	1.2	2.0
100	E Michigan	1.4	2.3	0.0	2.2	0.9	1.1
101	San Diego St	1.4	1.3	2.0	1.4	1.3	0.9
102	Utah State	1.4	2.0	3.0	1.8	1.1	1.1
103	Miss State	1.4	0.7	1.0	1.3	1.4	1.4
104	Oregon St	1.3	0.7	1.0	2.0	0.9	2.6
105	LSU	1.3	0.3	1.0	2.0	0.5	2.2
106	UNLV	1.3	1.0	3.0	1.5	1.0	0.8
107	TX El Paso	1.2	1.7	1.0	1.5	1.0	1.8
108	Tulane	1.2	1.3	2.0	1.4	1.0	1.5
109	Florida St	1.2	1.0	0.0	1.2	1.1	2.6
110	Kentucky	1.2	0.3	0.0	1.2	1.2	2.1
111	Miami (OH)	1.2	1.0	0.0	1.4	1.0	0.9
112	Idaho	1.2	1.0	1.0	1.5	0.9	0.9
113	Wash State	1.1	1.3	1.0	1.3	0.8	1.0
114	Iowa State	1.0	1.3	2.0	1.0	1.0	1.3
115	Ball State	1.0	1.3	1.0	1.2	0.8	1.8
116	North Texas	1.0	0.3	0.0	1.3	0.7	1.0
117	Fla Atlantic	1.0	0.3	0.0	1.8	0.4	0.8
118	Fresno St	0.9	1.0	2.0	0.5	1.1	1.4
119	Akron	0.9	1.7	2.0	0.6	1.2	0.9
120	W Kentucky	0.9	1.7	3.0	--	0.9	1.7
