1	Texas	3.5	4.3	3.0	4.3	2.5	2.2
2	Troy	3.0	3.3	4.0	4.2	2.4	2.2
3	Mississippi	2.9	5.7	2.0	2.8	3.0	1.8
4	Stanford	2.8	1.3	1.0	4.0	1.9	3.1
5	Oklahoma	2.7	1.0	0.0	3.2	2.4	2.2
6	Florida St	2.6	3.0	3.0	2.6	2.7	2.2
7	Oregon St	2.6	5.0	5.0	3.3	2.0	3.5
8	TX Christian	2.6	1.0	2.0	3.2	2.1	3.2
9	Central Mich	2.6	2.7	4.0	3.0	2.4	1.8
10	San Jose St	2.5	1.7	2.0	2.4	2.7	1.5
11	Illinois	2.5	0.7	0.0	3.2	2.0	3.3
12	Nebraska	2.5	4.7	5.0	3.0	1.8	1.1
13	California	2.5	3.0	2.0	2.7	2.3	1.7
14	Cincinnati	2.5	3.7	3.0	3.0	2.1	3.2
15	Oregon	2.5	3.0	2.0	2.2	2.7	2.9
16	Missouri	2.5	2.3	5.0	2.6	2.4	2.2
17	S Carolina	2.4	2.3	1.0	3.0	1.8	1.7
18	Michigan	2.4	3.3	3.0	3.1	1.4	2.3
19	VA Tech	2.4	2.7	1.0	2.2	2.5	3.2
20	Texas Tech	2.4	2.7	4.0	1.8	2.8	1.9
21	Miami (FL)	2.3	2.3	0.0	3.0	1.9	2.6
22	Penn State	2.3	2.0	1.0	3.0	1.7	3.5
23	LSU	2.2	3.0	1.0	1.3	3.6	2.6
24	Minnesota	2.2	3.3	3.0	1.0	3.5	0.9
25	USC	2.2	1.7	1.0	3.5	1.1	3.5
26	Vanderbilt	2.2	1.0	0.0	3.7	1.0	2.6
27	Colorado	2.2	1.7	4.0	1.4	2.8	1.5
28	Georgia	2.2	2.3	6.0	0.8	3.1	3.4
29	Rutgers	2.2	1.3	1.0	2.2	2.2	3.2
30	Nevada	2.2	2.3	2.0	1.8	2.4	1.8
31	W Michigan	2.2	1.7	3.0	3.0	1.8	2.3
32	Maryland	2.2	1.0	3.0	3.0	1.3	2.0
33	Virginia	2.1	1.3	1.0	1.7	2.6	3.3
34	Kansas St	2.1	1.7	3.0	2.3	1.8	2.2
35	Kentucky	2.1	1.0	0.0	2.3	1.8	1.8
36	Middle Tenn	2.1	4.0	2.0	3.6	1.0	2.5
37	Air Force	2.1	2.7	1.0	2.2	2.0	1.8
38	Notre Dame	2.1	4.0	8.0	1.7	2.4	1.6
39	Tulsa	2.0	1.0	2.0	2.0	2.0	2.1
40	Indiana	2.0	2.0	1.0	2.3	1.5	3.1
41	Hawaii	2.0	3.0	2.0	3.2	1.0	2.9
42	Utah	2.0	2.7	8.0	1.2	2.6	2.8
43	Ohio State	1.9	2.7	3.0	1.3	2.5	3.4
44	Kansas	1.9	2.0	3.0	2.0	1.8	1.7
45	Central FL	1.9	1.3	2.0	2.8	1.2	2.8
46	Arkansas St	1.9	0.7	0.0	1.8	2.0	1.0
47	Purdue	1.9	0.7	1.0	2.3	1.4	2.6
48	Arkansas	1.9	2.3	4.0	2.2	1.7	1.8
49	Wake Forest	1.8	3.0	2.0	2.1	1.5	2.2
50	Boise State	1.8	1.0	0.0	1.4	2.1	2.8
51	Tennessee	1.8	2.3	1.0	1.7	2.0	1.7
52	Arizona St	1.8	3.0	1.0	2.0	1.6	2.2
53	E Carolina	1.8	2.3	0.0	2.8	1.2	2.1
54	Boston Col	1.8	1.0	1.0	0.7	2.7	2.0
55	Ball State	1.8	2.0	4.0	1.8	1.8	1.7
56	Arizona	1.8	2.0	2.0	1.6	2.0	2.1
57	Northwestern	1.8	2.3	1.0	1.7	1.8	1.5
58	Temple	1.8	1.0	1.0	1.2	2.1	1.6
59	N Carolina	1.8	2.0	4.0	2.0	1.5	3.1
60	TX El Paso	1.8	1.7	0.0	2.3	1.2	1.4
61	GA Tech	1.7	2.0	2.0	1.6	1.8	3.8
62	Ohio	1.7	2.3	1.0	2.0	1.6	2.1
63	Alabama	1.7	1.0	2.0	1.6	1.9	1.8
64	W Kentucky	1.7	1.7	2.0	1.8	1.7	1.7
65	Florida	1.7	1.0	2.0	2.0	1.4	2.2
66	Rice	1.7	0.7	0.0	2.0	1.4	1.5
67	Bowling Grn	1.7	3.7	4.0	2.0	1.4	1.8
68	NC State	1.7	1.7	0.0	1.8	1.5	2.3
69	Wisconsin	1.7	2.7	2.0	1.5	1.8	2.2
70	Army	1.6	1.3	0.0	1.4	1.8	0.9
71	Pittsburgh	1.6	2.0	5.0	1.5	1.7	3.0
72	LA Tech	1.6	1.3	0.0	2.6	0.9	1.6
73	Connecticut	1.6	0.7	2.0	1.2	1.9	2.3
74	N Illinois	1.6	1.0	3.0	1.6	1.6	2.0
75	Baylor	1.5	1.7	2.0	1.8	1.2	1.7
76	Marshall	1.5	2.0	4.0	2.4	0.8	1.0
77	S Methodist	1.5	2.0	2.0	1.6	1.5	1.7
78	Michigan St	1.5	2.7	2.0	1.4	1.7	3.1
79	S Mississippi	1.5	2.0	4.0	1.2	1.9	2.2
80	W Virginia	1.5	1.3	1.0	1.5	1.5	3.1
81	Houston	1.5	1.0	2.0	--	1.5	1.8
82	Tulane	1.5	0.0	0.0	1.8	1.2	2.1
83	UCLA	1.5	2.0	0.0	1.3	1.8	3.0
84	S Florida	1.5	1.0	1.0	1.6	1.4	2.1
85	Wyoming	1.5	1.3	0.0	1.7	1.2	2.8
86	Auburn	1.5	0.7	0.0	1.5	1.4	1.8
87	New Mexico	1.4	1.0	1.0	2.2	0.7	1.9
88	Florida Intl	1.4	0.7	2.0	2.0	1.0	2.0
89	Fresno St	1.4	1.7	1.0	1.6	1.2	2.8
90	Syracuse	1.4	2.3	4.0	1.2	1.5	0.8
91	Kent State	1.4	1.7	2.0	1.8	1.1	1.5
92	Miss State	1.4	1.7	1.0	1.6	1.2	1.3
93	Duke	1.4	1.3	0.0	1.0	1.8	2.1
94	Washington	1.3	3.0	2.0	1.0	1.8	2.7
95	Texas A&M	1.3	1.3	3.0	1.1	1.6	1.3
96	Iowa State	1.3	1.0	1.0	1.4	1.2	1.4
97	Louisville	1.2	0.0	0.0	1.6	0.5	1.6
98	LA Monroe	1.2	1.3	2.0	0.2	1.7	1.5
99	Iowa	1.2	1.0	1.0	1.8	0.5	2.2
100	Memphis	1.2	2.0	3.0	1.7	0.7	1.0
101	BYU	1.2	0.7	1.0	--	1.2	2.4
102	LA Lafayette	1.2	0.7	0.0	1.2	1.1	1.5
103	Navy	1.2	0.7	0.0	1.8	0.9	0.8
104	E Michigan	1.1	1.3	2.0	1.2	1.0	1.2
105	N Mex State	1.1	0.3	0.0	1.4	0.8	1.3
106	Oklahoma St	1.1	1.3	2.0	1.0	1.2	1.6
107	Utah State	1.1	3.0	6.0	1.3	0.8	1.0
108	UAB	1.0	1.0	1.0	0.8	1.1	1.3
109	Wash State	1.0	3.0	5.0	0.6	1.3	2.2
110	Buffalo	1.0	1.0	2.0	0.8	1.1	1.9
111	Toledo	1.0	1.3	2.0	1.2	0.8	0.7
112	North Texas	1.0	1.3	4.0	1.2	0.9	1.2
113	Akron	0.9	1.0	2.0	0.4	1.3	2.0
114	Idaho	0.9	1.7	2.0	1.4	0.5	1.5
115	Miami (OH)	0.9	0.7	1.0	1.0	0.8	5.5
116	San Diego St	0.9	1.3	1.0	0.6	1.2	1.0
117	Fla Atlantic	0.8	0.3	1.0	1.8	0.4	1.2
118	UNLV	0.8	0.3	0.0	0.7	1.0	1.8
119	Clemson	0.7	1.0	0.0	0.8	0.7	2.2
120	Colorado St	0.7	0.3	0.0	1.4	0.1	2.1
