1	W Michigan	3.5	3.7	4.0	3.8	3.4	0.5
2	Michigan	3.3	2.3	1.0	3.7	2.8	1.8
3	Louisville	3.3	2.3	4.0	3.5	3.1	3.7
4	Oregon St	3.2	3.0	3.0	2.5	3.9	1.3
5	Rutgers	3.2	2.0	3.0	3.6	2.9	3.8
6	UCLA	3.1	2.7	1.0	3.4	2.7	2.1
7	Oklahoma St	3.0	1.3	2.0	3.2	2.9	2.0
8	Penn State	3.0	2.3	2.0	3.5	2.5	3.2
9	Texas	3.0	1.7	2.0	3.7	2.3	2.5
10	Wash State	3.0	2.3	2.0	1.5	4.5	2.4
11	Kansas St	3.0	2.3	0.0	3.7	2.0	1.4
12	LSU	3.0	2.3	1.0	3.6	2.0	2.7
13	S Florida	3.0	3.3	6.0	2.8	3.1	3.0
14	Ohio State	2.9	2.7	1.0	3.9	1.8	3.7
15	TX Christian	2.9	3.3	5.0	2.8	3.0	3.4
16	Syracuse	2.8	1.7	0.0	4.0	1.7	1.8
17	Nevada	2.8	2.7	4.0	3.0	2.6	2.4
18	Boise State	2.8	2.7	2.0	3.0	2.6	2.9
19	GA Tech	2.7	2.3	1.0	3.5	2.0	2.6
20	Kansas	2.6	3.7	1.0	2.5	2.8	1.7
21	USC	2.6	4.0	6.0	1.8	3.3	2.2
22	Middle Tenn	2.6	2.3	2.0	2.5	2.6	1.0
23	Missouri	2.6	1.3	0.0	2.8	2.3	2.2
24	W Virginia	2.6	1.3	2.0	1.7	3.5	2.3
25	Miami (FL)	2.6	2.3	1.0	2.7	2.5	2.2
26	Arkansas	2.5	3.3	6.0	2.6	2.5	1.8
27	Rice	2.5	2.7	2.0	2.5	2.6	0.6
28	Florida	2.5	2.3	5.0	2.0	3.0	2.8
29	Kent State	2.5	1.0	0.0	2.0	2.9	0.5
30	S Carolina	2.5	3.3	3.0	1.8	3.2	2.2
31	Clemson	2.5	1.7	4.0	1.9	3.2	2.6
32	S Methodist	2.5	3.0	4.0	2.6	2.3	1.0
33	New Mexico	2.4	2.0	1.0	1.9	3.2	2.2
34	Virginia	2.4	0.7	2.0	2.2	2.7	1.5
35	Georgia	2.4	3.7	3.0	2.3	2.5	2.6
36	Nebraska	2.4	3.3	5.0	2.3	2.4	3.5
37	Notre Dame	2.4	1.7	1.0	2.7	2.0	2.6
38	VA Tech	2.3	1.3	2.0	3.1	1.2	1.8
39	Wyoming	2.3	2.0	1.0	2.7	2.0	1.9
40	Navy	2.3	4.3	3.0	2.0	2.5	2.6
41	Wisconsin	2.3	1.7	1.0	3.3	1.3	2.0
42	Washington	2.3	3.7	5.0	2.2	2.5	1.1
43	Fresno St	2.3	2.7	1.0	2.7	2.0	2.8
44	Troy	2.3	3.0	0.0	2.0	2.5	1.2
45	Auburn	2.3	1.3	2.0	1.9	3.0	3.3
46	Hawaii	2.2	2.3	4.0	2.6	1.6	1.0
47	Purdue	2.2	0.7	0.0	2.7	1.9	1.5
48	Marshall	2.2	3.7	0.0	2.2	2.1	1.0
49	Bowling Grn	2.2	1.7	1.0	1.8	2.4	0.9
50	Cincinnati	2.2	2.0	2.0	2.5	1.8	1.0
51	Central Mich	2.1	3.0	3.0	1.6	2.4	1.4
52	LA Lafayette	2.1	2.3	1.0	1.8	2.3	0.7
53	Iowa State	2.1	2.3	3.0	--	2.1	2.2
54	Central FL	2.1	3.0	4.0	2.7	1.4	2.0
55	Oregon	2.1	2.0	1.0	2.6	1.7	2.6
56	Florida Intl	2.1	1.7	1.0	1.8	2.3	1.4
57	Buffalo	2.1	2.3	3.0	2.8	1.6	0.6
58	Texas Tech	2.1	2.0	2.0	2.4	1.9	1.3
59	Arizona St	2.1	3.0	4.0	2.2	2.0	1.8
60	Northwestern	2.0	2.0	3.0	1.8	2.1	0.9
61	Boston Col	2.0	2.3	2.0	1.8	2.2	2.8
62	Florida St	2.0	1.7	1.0	2.1	1.8	2.4
63	Vanderbilt	2.0	3.3	2.0	2.2	1.8	0.9
64	Wake Forest	1.9	1.3	2.0	1.0	2.5	0.8
65	N Illinois	1.9	2.0	2.0	1.8	2.0	0.5
66	California	1.9	2.0	2.0	2.2	1.7	2.6
67	UAB	1.9	2.0	1.0	2.2	1.7	0.9
68	N Carolina	1.9	2.7	3.0	1.7	2.2	2.5
69	Colorado	1.9	1.7	1.0	1.8	2.0	2.0
70	Oklahoma	1.9	2.3	3.0	1.5	2.1	3.8
71	BYU	1.8	3.0	4.0	1.0	2.6	1.9
72	Kentucky	1.8	2.7	4.0	1.7	2.0	1.0
73	Minnesota	1.8	2.7	2.0	1.2	2.3	1.2
74	Colorado St	1.8	1.3	1.0	2.0	1.7	1.1
75	NC State	1.8	2.0	3.0	2.2	1.4	3.1
76	Illinois	1.8	2.3	3.0	1.5	2.2	0.5
77	S Mississippi	1.8	1.3	1.0	2.4	1.4	2.5
78	Utah	1.8	1.3	2.0	1.2	2.1	2.1
79	Fla Atlantic	1.7	1.3	2.0	2.0	1.6	0.3
80	Toledo	1.7	1.3	0.0	2.0	1.5	1.0
81	Ball State	1.7	2.0	3.0	1.4	2.0	0.6
82	TX El Paso	1.7	1.3	1.0	1.5	1.8	1.4
83	Miami (OH)	1.7	1.3	1.0	1.6	1.7	0.7
84	Miss State	1.6	1.0	2.0	2.2	1.0	1.8
85	Connecticut	1.6	2.0	1.0	1.7	1.6	1.7
86	Pittsburgh	1.6	0.3	0.0	0.5	3.0	1.2
87	Ohio	1.6	2.7	1.0	1.2	1.8	0.7
88	Tulsa	1.6	2.0	1.0	1.8	1.4	1.9
89	Tulane	1.6	1.3	0.0	2.4	1.0	0.7
90	UNLV	1.5	1.3	1.0	1.6	1.5	0.7
91	LA Monroe	1.5	2.0	2.0	1.0	1.8	0.9
92	Memphis	1.5	3.0	2.0	1.8	1.2	1.6
93	Houston	1.5	2.0	3.0	1.1	2.0	1.5
94	Texas A&M	1.5	2.0	0.0	1.8	1.2	1.5
95	Iowa	1.5	0.7	0.0	1.0	2.0	1.7
96	Air Force	1.5	1.0	2.0	1.8	1.2	0.7
97	Maryland	1.4	1.0	3.0	1.8	1.0	1.6
98	E Michigan	1.4	0.7	0.0	0.8	1.8	0.7
99	E Carolina	1.4	1.0	1.0	1.8	1.0	1.2
100	Idaho	1.4	1.7	1.0	2.2	0.9	0.6
101	San Jose St	1.3	1.0	1.0	1.0	1.7	1.2
102	Akron	1.3	1.0	0.0	2.2	0.7	2.4
103	Michigan St	1.3	2.0	3.0	1.3	1.4	0.9
104	North Texas	1.3	1.0	0.0	1.4	1.3	0.7
105	Tennessee	1.3	0.3	0.0	2.3	0.2	2.5
106	Arizona	1.3	0.0	0.0	0.7	2.0	1.3
107	Temple	1.2	1.0	1.0	2.2	0.8	0.9
108	Indiana	1.2	1.0	1.0	1.7	0.6	1.3
109	San Diego St	1.2	2.0	3.0	1.2	1.2	1.3
110	Mississippi	1.2	1.3	1.0	0.7	1.8	0.8
111	Stanford	1.2	1.7	2.0	1.2	1.1	1.8
112	Duke	1.1	0.3	0.0	1.3	0.8	1.4
113	Alabama	1.0	1.3	1.0	1.1	0.8	1.5
114	Arkansas St	1.0	1.0	1.0	0.5	1.2	1.9
115	Army	0.9	0.7	1.0	0.5	1.1	1.1
116	Utah State	0.8	1.3	0.0	0.6	1.0	0.8
117	Baylor	0.7	0.3	0.0	0.8	0.6	1.9
118	N Mex State	0.7	1.0	1.0	0.6	0.8	0.5
119	LA Tech	0.6	0.7	0.0	1.5	0.1	0.7
