1	Arizona St	4.2	4.0	4.0	4.8	3.7	1.4
2	Stanford	3.9	3.7	1.0	4.0	3.9	3.0
3	Tulsa	3.5	3.3	5.0	3.8	3.3	2.1
4	S Carolina	3.5	4.3	3.0	2.8	4.2	2.5
5	UCLA	3.4	2.3	2.0	2.1	4.6	1.0
6	Utah State	3.3	2.3	3.0	3.0	3.6	1.7
7	Bowling Grn	3.1	3.0	1.0	4.6	2.0	1.8
8	Houston	3.0	2.7	3.0	3.0	3.0	2.2
9	San Jose St	3.0	2.7	2.0	2.6	3.3	1.3
10	Boise State	2.9	3.3	4.0	2.8	3.0	1.7
11	N Illinois	2.8	2.3	0.0	3.0	2.8	2.0
12	Penn State	2.8	3.3	3.0	3.0	2.6	2.4
13	Clemson	2.8	4.7	6.0	2.2	3.5	1.7
14	VA Tech	2.8	4.0	3.0	3.2	2.6	3.1
15	USC	2.8	2.7	2.0	3.5	2.1	2.5
16	NC State	2.8	1.0	1.0	3.8	2.0	2.7
17	Notre Dame	2.8	2.3	2.0	3.0	2.5	1.8
18	Mississippi	2.8	2.7	4.0	2.7	2.8	1.1
19	Connecticut	2.8	3.0	1.0	2.8	2.7	2.8
20	LSU	2.7	3.0	5.0	2.0	3.6	2.7
21	Alabama	2.7	3.0	3.0	3.0	2.3	2.2
22	Memphis	2.6	4.3	4.0	2.0	3.2	1.0
23	Texas	2.6	4.0	10.0	2.0	3.1	2.2
24	Kansas St	2.6	1.7	1.0	3.2	2.0	1.5
25	Fresno St	2.6	3.7	5.0	3.6	1.9	1.7
26	Texas A&M	2.5	1.3	1.0	3.0	2.3	3.9
27	Buffalo	2.5	4.0	0.0	2.6	2.5	1.3
28	Wash State	2.5	3.7	3.0	3.2	2.1	0.7
29	Ohio State	2.5	3.3	4.0	2.5	2.5	1.8
30	Arkansas	2.5	3.0	3.0	1.7	3.4	2.2
31	Utah	2.5	2.0	3.0	2.8	2.2	2.2
32	W Kentucky	2.4	0.3	1.0	1.0	3.4	2.0
33	Vanderbilt	2.4	2.7	3.0	3.0	2.0	2.1
34	Kent State	2.4	4.7	2.0	3.0	2.1	2.3
35	N Carolina	2.4	2.0	1.0	2.7	2.0	1.6
36	San Diego St	2.3	3.7	2.0	2.3	2.3	2.2
37	Florida	2.3	2.7	5.0	2.3	2.3	2.2
38	BYU	2.3	3.3	3.0	2.2	2.4	1.4
39	Florida St	2.3	2.7	3.0	2.0	2.6	3.1
40	Georgia	2.3	2.3	4.0	1.7	2.9	2.7
41	Illinois	2.3	1.7	1.0	2.3	2.2	3.2
42	Cincinnati	2.3	2.7	0.0	2.8	1.8	3.6
43	Hawaii	2.3	3.3	6.0	2.4	2.2	2.7
44	Northwestern	2.2	2.7	3.0	2.3	2.2	1.2
45	Washington	2.2	3.3	1.0	2.8	1.9	2.2
46	Syracuse	2.2	3.3	3.0	3.0	1.9	2.3
47	E Carolina	2.2	3.7	1.0	2.2	2.1	1.6
48	TX Christian	2.2	2.0	3.0	1.6	2.6	1.9
49	Rice	2.2	3.3	2.0	2.8	1.8	1.8
50	Temple	2.1	1.7	0.0	1.8	2.4	2.5
51	California	2.1	1.7	1.0	1.8	2.4	2.1
52	Maryland	2.1	1.0	0.0	1.8	2.3	1.9
53	Wisconsin	2.0	2.7	0.0	1.8	2.1	1.5
54	GA Tech	2.0	1.3	0.0	1.7	2.3	1.5
55	Wake Forest	2.0	1.3	2.0	1.8	2.2	0.8
56	Ohio	2.0	1.7	5.0	2.8	1.4	1.5
57	Kentucky	2.0	1.3	1.0	2.2	1.8	1.7
58	LA Lafayette	2.0	2.0	1.0	2.8	1.4	1.7
59	Central FL	1.9	2.3	4.0	2.3	1.6	1.5
60	Oregon St	1.9	1.3	2.0	1.5	2.3	1.5
61	Oregon	1.9	1.0	1.0	1.2	2.7	3.3
62	Indiana	1.9	1.7	0.0	1.8	2.0	1.6
63	LA Monroe	1.8	2.0	0.0	1.6	2.0	1.8
64	Nebraska	1.8	1.0	2.0	2.5	1.3	1.3
65	S Methodist	1.8	3.0	7.0	2.0	1.7	2.1
66	Rutgers	1.8	3.0	4.0	1.6	2.0	2.2
67	Minnesota	1.8	1.7	1.0	2.2	1.5	1.7
68	Oklahoma St	1.8	0.7	1.0	2.0	1.7	2.3
69	Auburn	1.8	2.0	0.0	2.0	1.6	1.8
70	Pittsburgh	1.8	1.7	1.0	2.0	1.7	3.3
71	Louisville	1.8	1.3	3.0	1.7	1.8	2.6
72	W Michigan	1.7	1.3	0.0	2.0	1.5	1.9
73	S Florida	1.7	2.7	4.0	2.4	1.2	3.3
74	Michigan	1.7	3.0	3.0	1.5	1.9	2.3
75	Purdue	1.7	1.7	2.0	0.8	2.5	1.7
76	Oklahoma	1.7	1.7	0.0	2.0	1.4	3.7
77	Florida Intl	1.7	3.3	4.0	1.5	1.8	2.7
78	Duke	1.7	1.3	2.0	2.0	1.3	1.5
79	TX El Paso	1.7	2.3	4.0	2.7	0.7	2.0
80	Marshall	1.6	2.7	3.0	1.2	2.0	2.1
81	LA Tech	1.6	1.0	0.0	1.3	1.8	2.3
82	W Virginia	1.6	0.7	2.0	1.9	1.2	2.6
83	New Mexico	1.6	1.7	0.0	2.6	0.9	0.8
84	S Mississippi	1.6	0.3	0.0	2.0	1.2	1.9
85	Virginia	1.5	1.3	3.0	1.2	2.0	1.6
86	Colorado St	1.5	0.7	0.0	1.4	1.7	2.3
87	UAB	1.5	2.3	1.0	1.6	1.5	0.7
88	Colorado	1.5	1.0	0.0	2.0	1.2	2.0
89	Missouri	1.5	0.7	1.0	1.8	1.2	1.8
90	Michigan St	1.5	2.3	4.0	1.0	2.2	3.5
91	Ball State	1.5	2.0	0.0	1.4	1.6	1.3
92	Tulane	1.5	1.7	2.0	1.6	1.4	1.7
93	S Alabama	1.5	1.3	2.0	1.0	1.9	2.0
94	Nevada	1.5	0.3	0.0	1.8	1.3	1.8
95	TX-San Ant	1.5	1.7	5.0	2.0	1.2	--
96	Arkansas St	1.4	1.0	1.0	1.2	1.6	2.7
97	Miss State	1.4	1.0	0.0	1.5	1.3	2.2
98	North Texas	1.4	1.7	2.0	1.2	1.4	2.1
99	Akron	1.4	2.0	3.0	1.4	1.3	0.5
100	Central Mich	1.3	2.7	1.0	1.3	1.3	1.0
101	Toledo	1.3	1.7	0.0	1.6	1.1	1.7
102	Baylor	1.3	2.0	6.0	1.2	1.4	1.4
103	Texas Tech	1.3	1.7	3.0	0.8	1.8	1.3
104	Tennessee	1.3	1.7	4.0	1.3	1.2	1.3
105	Miami (OH)	1.3	1.0	2.0	2.5	0.6	2.1
106	Idaho	1.3	1.0	2.0	1.5	1.1	1.5
107	Arizona	1.2	0.3	0.0	1.9	0.4	0.7
108	Navy	1.2	1.0	0.0	1.2	1.2	1.3
109	UNLV	1.2	2.3	3.0	1.3	1.2	1.2
110	Air Force	1.2	2.3	2.0	2.0	0.7	0.9
111	Middle Tenn	1.1	0.7	0.0	1.5	0.9	1.5
112	Iowa	1.1	1.0	2.0	1.2	1.0	1.7
113	Army	1.1	0.7	1.0	1.1	1.0	1.5
114	Iowa State	1.1	0.3	0.0	1.3	0.8	1.4
115	Troy	1.1	1.0	0.0	1.3	0.8	1.7
116	Texas State	1.0	2.0	6.0	1.6	0.5	1.0
117	U Mass	1.0	1.3	1.0	1.0	1.0	2.0
118	Wyoming	1.0	1.0	0.0	0.2	1.7	1.5
119	Miami (FL)	0.9	1.0	1.0	1.0	0.8	1.6
120	Fla Atlantic	0.9	0.7	0.0	0.5	1.1	1.4
121	N Mex State	0.8	1.0	2.0	0.4	1.2	1.2
122	Kansas	0.8	1.3	3.0	0.8	0.8	0.5
123	E Michigan	0.6	0.3	0.0	0.4	0.8	1.1
124	Boston Col	0.5	0.0	0.0	0.6	0.5	0.6
