1	Utah	4.4	3.0	3.0	3.6	5.0	2.9
2	Utah State	3.9	3.3	5.0	3.8	4.0	2.7
3	VA Tech	3.8	5.0	4.0	2.8	5.0	3.2
4	Washington	3.5	3.3	4.0	3.8	3.2	2.8
5	Clemson	3.5	2.7	4.0	3.2	3.8	2.9
6	Arizona St	3.4	4.0	4.0	3.8	3.0	3.0
7	Louisville	3.4	2.7	3.0	3.8	3.0	3.2
8	Stanford	3.3	4.0	5.0	3.6	3.0	3.1
9	Texas	3.2	4.0	2.0	3.5	3.0	3.0
10	Missouri	3.2	2.7	2.0	2.5	4.0	2.9
11	LA Monroe	3.2	3.0	1.0	5.0	1.9	1.3
12	Ohio State	3.1	3.7	3.0	3.1	3.0	2.9
13	Baylor	3.0	2.7	4.0	4.2	2.0	2.1
14	Boise State	3.0	4.0	4.0	3.0	3.0	2.3
15	Miss State	3.0	1.3	1.0	2.5	3.6	1.7
16	Tennessee	3.0	3.7	3.0	2.7	3.4	1.5
17	Arizona	2.9	3.3	0.0	2.7	3.2	1.7
18	Rice	2.9	1.0	0.0	3.8	2.3	1.4
19	Michigan St	2.9	2.3	3.0	2.8	3.0	2.4
20	TX Christian	2.9	2.7	2.0	1.8	4.2	2.7
21	Wisconsin	2.8	1.3	1.0	3.0	2.7	1.8
22	Marshall	2.8	2.3	2.0	1.7	3.8	2.0
23	Texas A&M	2.7	1.0	1.0	2.6	2.8	1.7
24	Virginia	2.7	2.7	2.0	4.0	1.2	2.3
25	UAB	2.7	3.7	7.0	2.8	2.7	1.5
26	Cincinnati	2.7	2.3	2.0	3.0	2.3	2.6
27	Maryland	2.6	1.7	1.0	2.8	2.5	2.8
28	Arkansas St	2.6	1.3	2.0	2.8	2.5	1.6
29	Oregon	2.6	2.7	4.0	3.0	2.2	1.9
30	Oregon St	2.5	2.3	4.0	3.2	1.8	1.9
31	LA Lafayette	2.5	3.0	2.0	2.2	2.8	1.4
32	USC	2.5	3.3	4.0	2.8	2.2	2.4
33	App State	2.5	2.7	2.0	3.2	2.0	0.0
34	Penn State	2.5	1.3	1.0	2.7	2.2	2.3
35	Nebraska	2.5	2.3	4.0	2.3	2.6	2.8
36	Central FL	2.5	3.3	5.0	1.6	3.2	2.2
37	Rutgers	2.5	2.3	1.0	3.6	1.5	2.4
38	W Michigan	2.5	2.3	0.0	3.5	1.9	1.0
39	Air Force	2.5	1.3	3.0	2.0	2.8	1.2
40	Michigan	2.4	2.7	0.0	2.7	2.0	1.9
41	LA Tech	2.4	2.3	2.0	3.0	2.1	1.5
42	Wash State	2.4	3.3	1.0	2.3	2.4	1.8
43	Boston Col	2.4	1.3	3.0	2.0	2.8	2.6
44	Oklahoma	2.3	1.7	2.0	2.5	2.2	2.5
45	Florida Intl	2.3	2.7	1.0	2.3	2.2	1.1
46	Florida	2.3	1.0	1.0	2.4	2.2	1.7
47	Oklahoma St	2.3	2.0	2.0	3.0	1.7	1.8
48	Texas State	2.3	1.3	1.0	3.2	1.5	1.5
49	Temple	2.3	2.3	4.0	1.4	3.0	1.5
50	Duke	2.3	4.0	4.0	2.8	1.6	1.6
51	NC State	2.3	1.7	4.0	0.8	4.0	1.5
52	Memphis	2.3	1.7	0.0	2.8	1.8	2.3
53	N Illinois	2.2	3.0	4.0	1.2	2.8	2.1
54	Houston	2.2	3.0	4.0	1.2	3.4	2.6
55	Kentucky	2.2	1.3	3.0	2.5	1.8	1.8
56	Ohio	2.2	2.3	4.0	1.8	2.5	2.9
57	Alabama	2.2	1.0	0.0	2.2	2.2	1.8
58	Mississippi	2.1	1.7	3.0	2.5	1.6	1.4
59	Syracuse	2.1	1.3	3.0	1.8	2.3	2.8
60	Toledo	2.1	2.7	3.0	2.2	2.0	2.8
61	Wake Forest	2.1	3.0	2.0	1.8	2.3	2.1
62	Middle Tenn	2.1	0.7	0.0	2.8	1.5	1.8
63	S Alabama	2.1	1.3	1.0	2.0	2.2	3.2
64	Georgia	2.0	1.3	0.0	2.0	2.0	2.5
65	Miami (FL)	2.0	0.3	0.0	2.5	1.4	2.1
66	Fresno St	2.0	3.3	1.0	1.8	2.1	3.2
67	Notre Dame	2.0	2.7	2.0	2.5	1.5	1.6
68	New Mexico	2.0	3.3	6.0	2.0	2.0	1.3
69	Buffalo	2.0	2.7	5.0	1.8	2.2	2.7
70	Texas Tech	2.0	2.0	3.0	1.6	2.3	2.0
71	Nevada	2.0	1.3	0.0	2.8	1.3	1.8
72	North Texas	2.0	1.7	1.0	3.0	1.2	2.8
73	Akron	2.0	0.7	1.0	3.4	0.8	2.2
74	Hawaii	1.9	2.7	2.0	2.0	1.8	2.2
75	Fla Atlantic	1.9	1.0	2.0	2.6	1.4	2.8
76	Iowa	1.9	1.0	2.0	1.8	2.0	1.9
77	N Carolina	1.9	2.0	2.0	1.8	2.0	2.3
78	Minnesota	1.9	2.0	1.0	2.0	1.8	1.2
79	San Diego St	1.9	1.0	2.0	2.2	1.7	2.3
80	BYU	1.9	2.7	1.0	1.0	2.7	1.6
81	W Kentucky	1.8	2.3	3.0	1.8	1.8	2.2
82	Tulsa	1.8	2.3	2.0	2.0	1.7	2.5
83	UCLA	1.8	3.0	0.0	2.2	1.5	2.4
84	Colorado	1.8	2.0	2.0	1.8	1.8	1.1
85	Vanderbilt	1.8	2.0	3.0	1.9	1.8	2.0
86	GA Southern	1.8	2.3	3.0	2.5	1.4	0.0
87	Kansas St	1.8	3.3	2.0	2.0	1.6	1.9
88	TX-San Ant	1.8	0.0	0.0	1.3	2.2	1.8
89	Bowling Grn	1.8	1.7	2.0	0.6	2.6	2.2
90	Central Mich	1.7	2.7	2.0	2.0	1.5	1.8
91	Colorado St	1.7	1.3	1.0	2.4	1.2	2.3
92	Tulane	1.7	2.0	1.0	1.8	1.7	3.1
93	Indiana	1.7	1.0	0.0	2.0	1.5	1.5
94	Illinois	1.6	1.3	2.0	2.0	1.2	1.4
95	Idaho	1.6	2.0	1.0	1.2	2.0	1.9
96	Kansas	1.6	1.3	0.0	3.4	0.2	1.6
97	TX El Paso	1.6	2.3	1.0	1.5	1.7	1.1
98	UNLV	1.6	1.7	0.0	0.6	2.3	1.6
99	Purdue	1.5	1.0	2.0	1.2	2.0	1.3
100	E Carolina	1.5	2.0	2.0	2.0	1.2	3.0
101	Auburn	1.5	0.7	1.0	1.3	1.8	2.2
102	GA Tech	1.5	1.3	0.0	1.4	1.6	2.6
103	Florida St	1.4	0.3	0.0	1.7	1.2	2.5
104	Ball State	1.4	2.3	2.0	1.5	1.3	2.1
105	Arkansas	1.4	2.7	2.0	2.0	0.8	2.4
106	Troy	1.4	1.7	0.0	1.8	1.0	1.6
107	S Florida	1.4	0.7	1.0	1.8	0.8	2.1
108	S Methodist	1.3	2.0	0.0	1.8	0.8	2.4
109	W Virginia	1.3	1.0	3.0	1.2	1.3	1.4
110	Iowa State	1.3	1.0	1.0	0.7	2.0	1.3
111	Miami (OH)	1.3	1.0	2.0	1.6	1.0	1.2
112	S Mississippi	1.3	0.3	0.0	1.2	1.3	1.1
113	Pittsburgh	1.3	0.3	0.0	0.8	1.8	1.9
114	U Mass	1.2	1.3	1.0	1.3	1.2	1.0
115	Northwestern	1.2	1.0	0.0	0.8	1.6	2.3
116	California	1.2	1.3	3.0	1.2	1.2	1.6
117	Wyoming	1.2	1.3	0.0	1.6	0.8	1.9
118	Connecticut	1.1	0.7	1.0	1.5	0.6	1.5
119	Old Dominion	1.1	1.7	2.0	1.4	0.8	2.0
120	LSU	1.1	1.3	2.0	1.3	0.8	2.0
121	San Jose St	1.0	1.3	2.0	1.5	0.7	1.5
122	S Carolina	1.0	1.3	0.0	1.3	0.6	2.0
123	E Michigan	0.9	1.0	2.0	1.2	0.7	1.7
124	Georgia State	0.8	0.7	0.0	0.4	1.2	1.0
125	Army	0.8	0.7	1.0	0.8	0.8	1.2
126	Kent State	0.7	1.3	2.0	1.0	0.4	1.5
127	N Mex State	0.5	0.7	0.0	0.4	0.7	0.9
128	Navy	0.3	0.7	1.0	0.2	0.4	0.8
