1	W Virginia	3.8	4.3	5.0	4.7	2.8	2.6
2	Boise State	3.5	2.0	0.0	4.5	2.6	1.9
3	Florida St	3.4	2.3	2.0	4.3	2.6	1.2
4	NC State	3.2	4.0	2.0	3.4	3.0	1.8
5	Troy	3.0	4.3	5.0	2.6	3.2	2.5
6	Missouri	2.9	2.7	0.0	2.6	3.1	2.5
7	Kent State	2.9	3.0	7.0	3.4	2.5	2.7
8	Arkansas	2.8	3.0	0.0	2.8	2.9	2.0
9	California	2.8	1.7	3.0	3.0	2.6	2.2
10	Nebraska	2.8	2.3	0.0	3.3	2.3	3.1
11	Middle Tenn	2.8	2.7	1.0	3.2	2.4	2.9
12	Stanford	2.8	4.3	8.0	2.8	2.7	1.6
13	Fresno St	2.8	3.3	0.0	4.2	1.3	0.9
14	LSU	2.7	2.3	2.0	2.0	3.3	1.3
15	Mississippi	2.6	2.0	2.0	2.3	3.0	2.5
16	Auburn	2.6	3.3	2.0	2.9	2.3	2.2
17	S Carolina	2.6	1.7	2.0	3.3	2.0	2.2
18	Texas	2.6	2.0	2.0	2.6	2.6	3.0
19	Purdue	2.5	2.0	1.0	2.5	2.6	2.6
20	VA Tech	2.5	2.0	1.0	2.7	2.4	3.0
21	Florida Intl	2.5	1.3	2.0	2.0	2.9	1.7
22	Louisville	2.5	4.7	1.0	2.0	3.0	1.9
23	Miami (OH)	2.5	4.3	3.0	3.0	2.2	1.2
24	Oregon St	2.5	1.7	0.0	3.3	1.7	1.3
25	Arizona	2.5	2.0	0.0	3.2	1.8	2.8
26	Tulsa	2.4	3.7	6.0	2.8	2.1	2.3
27	Miami (FL)	2.4	2.7	0.0	3.0	2.0	1.7
28	Texas A&M	2.4	2.3	2.0	2.2	2.7	2.7
29	Oregon	2.4	2.0	2.0	2.2	2.6	3.1
30	S Florida	2.4	1.0	2.0	3.0	1.8	2.1
31	Colorado	2.4	5.0	1.0	3.3	1.5	2.2
32	Central FL	2.4	4.0	3.0	3.0	1.9	3.0
33	Pittsburgh	2.3	2.3	4.0	3.2	1.7	3.5
34	Marshall	2.3	3.3	4.0	2.3	2.3	2.1
35	Clemson	2.3	2.0	3.0	2.3	2.3	2.5
36	Nevada	2.3	1.7	3.0	2.5	2.1	2.4
37	Oklahoma St	2.3	3.0	5.0	2.1	2.5	2.2
38	Oklahoma	2.3	1.7	3.0	2.7	2.0	3.0
39	W Michigan	2.3	3.0	3.0	2.8	1.8	1.5
40	Maryland	2.2	2.7	1.0	3.2	1.6	2.4
41	Toledo	2.2	2.3	2.0	1.8	2.6	1.7
42	Cincinnati	2.2	3.0	0.0	2.5	1.8	3.0
43	N Carolina	2.2	3.7	4.0	1.4	2.7	2.5
44	Arkansas St	2.2	2.7	1.0	3.6	1.1	1.5
45	Utah	2.2	1.0	0.0	2.3	2.0	2.3
46	Washington	2.2	3.7	5.0	2.0	2.3	2.3
47	Tulane	2.1	2.3	3.0	1.2	3.2	1.2
48	Idaho	2.1	3.0	3.0	1.2	2.7	1.2
49	Alabama	2.1	4.7	5.0	2.2	2.0	2.2
50	Tennessee	2.1	2.7	3.0	1.3	2.8	1.5
51	UCLA	2.1	1.0	1.0	1.8	2.3	1.9
52	San Diego St	2.1	1.3	0.0	2.2	2.0	1.4
53	USC	2.1	2.0	2.0	1.8	2.3	2.7
54	N Illinois	2.1	4.0	6.0	1.5	2.3	2.5
55	S Methodist	2.1	2.3	1.0	2.3	1.9	1.9
56	Ohio	2.0	0.3	0.0	2.4	1.7	1.7
57	Temple	2.0	2.0	1.0	1.6	2.3	2.4
58	Notre Dame	2.0	0.0	0.0	2.4	1.5	1.7
59	Army	2.0	1.0	2.0	1.8	2.1	2.2
60	Arizona St	2.0	1.3	2.0	1.8	2.2	1.9
61	Hawaii	2.0	2.7	4.0	2.7	1.2	1.4
62	Syracuse	2.0	0.3	1.0	1.0	2.6	3.1
63	UAB	1.9	1.7	3.0	1.7	2.2	1.6
64	Georgia	1.9	0.7	0.0	1.8	2.0	2.0
65	LA Monroe	1.9	1.3	0.0	1.6	2.2	2.3
66	LA Tech	1.9	1.7	1.0	1.8	2.0	2.0
67	BYU	1.8	2.0	4.0	1.8	1.9	2.2
68	Miss State	1.8	1.7	0.0	2.0	1.7	1.4
69	Texas Tech	1.8	0.3	0.0	2.0	1.7	3.2
70	TX Christian	1.8	2.0	2.0	2.2	1.6	2.5
71	Wash State	1.8	2.3	0.0	1.8	1.8	1.1
72	San Jose St	1.8	2.3	2.0	2.5	1.4	1.6
73	Colorado St	1.8	1.3	3.0	1.8	1.7	1.9
74	Wisconsin	1.8	1.0	0.0	1.5	2.0	2.9
75	Connecticut	1.8	0.3	0.0	2.4	1.3	2.4
76	Ohio State	1.7	2.3	4.0	1.0	2.8	2.4
77	Fla Atlantic	1.7	1.7	2.0	1.0	2.0	1.0
78	S Mississippi	1.7	1.7	1.0	1.2	2.0	2.7
79	Florida	1.7	0.3	0.0	1.0	2.3	3.0
80	Michigan St	1.7	0.3	0.0	1.3	2.0	2.5
81	Vanderbilt	1.7	0.7	1.0	2.4	0.6	1.5
82	Central Mich	1.6	1.0	1.0	1.5	1.7	2.0
83	Wake Forest	1.6	2.7	3.0	1.8	1.5	2.1
84	Illinois	1.6	2.0	3.0	1.6	1.6	1.5
85	Iowa	1.6	1.3	2.0	1.3	1.8	2.3
86	Kansas St	1.6	1.7	2.0	1.2	1.9	1.6
87	Baylor	1.6	0.7	2.0	1.8	1.4	1.5
88	Boston Col	1.6	0.7	1.0	1.0	2.2	1.5
89	Houston	1.5	1.3	0.0	1.6	1.5	1.6
90	North Texas	1.5	1.0	0.0	2.0	1.0	1.0
91	Wyoming	1.5	4.0	6.0	1.6	1.3	1.8
92	Kentucky	1.4	2.0	0.0	2.0	0.8	1.2
93	LA Lafayette	1.4	2.3	2.0	0.8	1.9	1.5
94	Michigan	1.4	1.0	1.0	1.2	1.7	1.7
95	GA Tech	1.4	0.7	0.0	2.2	0.9	1.7
96	Bowling Grn	1.4	1.3	2.0	1.4	1.4	1.6
97	Rutgers	1.4	1.3	2.0	1.6	1.2	2.8
98	Indiana	1.4	1.0	0.0	1.2	1.5	1.9
99	Penn State	1.3	1.0	1.0	1.3	1.3	2.7
100	Akron	1.3	1.7	2.0	1.8	0.8	0.9
101	Navy	1.2	2.0	0.0	1.8	1.0	1.5
102	Ball State	1.2	0.7	0.0	1.0	1.3	1.0
103	Northwestern	1.2	0.0	0.0	2.0	0.8	2.2
104	Memphis	1.2	1.7	2.0	1.0	1.3	1.5
105	E Carolina	1.2	0.3	0.0	1.2	1.1	1.9
106	Virginia	1.1	0.3	1.0	0.6	1.6	1.9
107	Utah State	1.1	0.3	0.0	1.4	0.8	1.4
108	Rice	1.1	0.7	0.0	0.8	1.3	1.7
109	Kansas	1.0	1.7	4.0	0.7	1.4	2.5
110	Buffalo	1.0	0.7	1.0	0.8	1.2	1.7
111	TX El Paso	1.0	1.0	0.0	1.4	0.7	1.2
112	W Kentucky	1.0	0.7	0.0	0.8	1.1	0.9
113	New Mexico	0.9	1.0	2.0	1.0	0.8	1.9
114	Duke	0.9	1.3	1.0	0.8	1.0	1.6
115	E Michigan	0.8	0.0	0.0	1.0	0.7	1.4
116	UNLV	0.8	0.3	1.0	1.0	0.6	1.3
117	N Mex State	0.8	1.0	2.0	0.7	0.8	1.5
118	Iowa State	0.7	0.3	0.0	0.7	0.8	1.0
119	Air Force	0.7	1.0	1.0	0.8	0.6	1.8
120	Minnesota	0.6	1.7	1.0	0.5	0.8	1.7
