1	Texas A&M	3.9	5.3	8.0	4.1	3.7	2.4
2	Oklahoma	3.7	1.3	3.0	2.8	4.4	2.3
3	Cincinnati	3.6	4.0	2.0	4.8	2.7	2.2
4	Michigan St	3.5	4.3	4.0	3.2	3.9	1.7
5	Pittsburgh	3.3	3.7	4.0	3.4	3.2	2.3
6	Oregon	3.3	4.0	2.0	3.0	3.7	2.4
7	S Florida	3.3	2.7	1.0	2.7	4.0	2.4
8	Illinois	3.2	3.0	5.0	3.0	3.4	1.6
9	Florida St	3.1	3.0	4.0	3.2	3.0	3.4
10	VA Tech	3.1	2.7	3.0	2.4	3.5	2.5
11	Stanford	2.9	3.0	1.0	2.4	3.5	2.8
12	Connecticut	2.8	3.7	2.0	2.3	3.4	1.8
13	LSU	2.8	4.0	4.0	4.0	1.9	2.7
14	NC State	2.7	4.3	5.0	3.0	2.5	3.2
15	Georgia	2.7	1.7	1.0	3.4	2.2	1.9
16	Florida Intl	2.7	2.0	1.0	2.7	2.7	2.5
17	Arkansas St	2.7	1.7	3.0	3.2	2.3	2.2
18	W Virginia	2.6	5.0	3.0	3.7	1.5	3.8
19	Louisville	2.6	1.3	1.0	2.2	2.9	2.5
20	Temple	2.5	0.3	1.0	1.7	3.3	2.0
21	S Carolina	2.5	4.7	6.0	3.2	1.8	2.6
22	USC	2.5	4.7	4.0	3.1	1.6	2.1
23	Penn State	2.4	2.3	2.0	2.0	2.8	1.3
24	Hawaii	2.3	1.3	3.0	2.7	2.0	2.0
25	Michigan	2.3	3.0	2.0	2.2	2.4	1.4
26	Oklahoma St	2.3	1.7	2.0	2.7	2.0	2.3
27	Colorado St	2.3	0.7	1.0	1.0	3.3	1.8
28	Syracuse	2.3	1.3	4.0	2.2	2.4	2.0
29	Kent State	2.3	2.7	5.0	2.6	2.0	2.9
30	Washington	2.2	4.0	4.0	2.8	1.7	2.2
31	Miss State	2.2	3.0	6.0	2.0	2.4	1.8
32	Florida	2.2	3.7	6.0	1.8	2.7	1.7
33	Rutgers	2.2	2.0	3.0	3.5	1.0	1.4
34	Utah	2.2	0.3	0.0	2.8	1.9	2.2
35	Arkansas	2.2	4.0	7.0	1.6	2.7	2.8
36	Houston	2.2	0.7	2.0	2.7	1.9	1.5
37	San Diego St	2.2	2.3	0.0	2.7	1.7	2.1
38	Texas	2.2	2.7	6.0	2.2	2.1	2.6
39	Alabama	2.1	2.7	2.0	1.3	3.0	2.1
40	California	2.1	1.7	2.0	3.0	1.4	2.8
41	Miami (OH)	2.1	1.7	1.0	2.5	1.7	2.5
42	North Texas	2.1	1.0	1.0	2.2	2.0	1.5
43	LA Tech	2.1	3.3	0.0	2.8	1.8	1.9
44	S Methodist	2.1	3.0	7.0	3.0	1.4	2.1
45	Vanderbilt	2.1	1.7	3.0	2.8	1.3	1.7
46	Marshall	2.1	1.7	2.0	2.8	1.6	2.3
47	Tulsa	2.1	3.3	3.0	2.3	1.9	2.4
48	TX El Paso	2.0	1.3	2.0	2.0	2.0	1.0
49	N Illinois	2.0	3.0	3.0	3.2	1.2	2.1
50	W Kentucky	2.0	1.0	1.0	1.4	2.5	1.0
51	Colorado	2.0	2.3	4.0	1.4	2.4	2.4
52	S Mississippi	1.9	2.0	3.0	1.8	2.0	1.7
53	TX Christian	1.9	1.3	1.0	2.8	1.0	1.8
54	W Michigan	1.9	4.3	2.0	2.2	1.8	2.3
55	Maryland	1.9	3.3	4.0	1.2	2.8	2.2
56	Nevada	1.8	1.3	2.0	1.8	1.9	2.3
57	Notre Dame	1.8	2.0	5.0	1.0	2.8	2.0
58	Missouri	1.8	1.7	1.0	2.2	1.6	2.9
59	Auburn	1.8	1.7	1.0	2.0	1.7	2.6
60	Bowling Grn	1.8	1.0	1.0	1.2	2.3	1.4
61	LA Monroe	1.8	1.7	3.0	1.2	2.1	1.9
62	Ohio State	1.8	0.3	0.0	2.4	1.0	1.7
63	Rice	1.8	1.7	2.0	2.4	1.3	1.1
64	Kentucky	1.7	2.0	2.0	1.7	1.8	1.4
65	Minnesota	1.7	3.0	5.0	1.8	1.6	0.6
66	Clemson	1.7	1.3	0.0	1.5	1.9	2.3
67	Boise State	1.7	2.0	4.0	1.0	2.3	3.5
68	Fresno St	1.7	2.0	2.0	1.0	2.1	2.8
69	Purdue	1.7	1.7	1.0	2.2	1.2	2.5
70	Troy	1.7	2.7	2.0	1.4	1.9	3.0
71	Utah State	1.7	1.3	2.0	2.0	1.4	1.1
72	Iowa	1.7	2.3	2.0	2.0	1.3	1.6
73	Tulane	1.7	2.3	2.0	2.2	1.3	2.1
74	Toledo	1.7	2.0	1.0	2.2	1.3	2.2
75	Indiana	1.6	2.3	1.0	1.2	2.0	1.4
76	Miami (FL)	1.6	1.7	2.0	1.7	1.6	2.4
77	E Carolina	1.6	3.0	4.0	1.8	1.3	1.2
78	Virginia	1.6	1.7	1.0	1.2	2.0	1.1
79	N Carolina	1.6	1.3	0.0	2.0	1.2	2.2
80	Oregon St	1.5	2.0	1.0	1.6	1.5	2.5
81	Wisconsin	1.5	0.7	2.0	1.3	1.7	1.8
82	Kansas St	1.5	2.0	3.0	1.8	1.2	1.6
83	GA Tech	1.5	1.0	2.0	2.2	0.8	1.4
84	Middle Tenn	1.5	1.0	0.0	1.3	1.7	2.8
85	LA Lafayette	1.5	1.3	1.0	1.8	1.4	1.4
86	Ohio	1.5	2.3	1.0	1.8	1.2	2.0
87	Central FL	1.5	2.0	4.0	2.2	0.8	2.4
88	Idaho	1.5	1.0	1.0	2.2	0.8	2.1
89	Wyoming	1.5	1.0	0.0	1.8	1.3	1.5
90	Army	1.5	1.3	2.0	3.0	0.9	2.0
91	Duke	1.5	0.7	2.0	1.8	1.0	0.9
92	Arizona St	1.4	0.3	0.0	1.2	1.7	2.0
93	Iowa State	1.4	1.3	0.0	1.6	1.3	0.7
94	Baylor	1.4	1.0	0.0	2.0	0.8	1.6
95	BYU	1.4	2.7	3.0	1.7	1.2	1.8
96	Nebraska	1.3	2.0	4.0	1.5	1.2	2.8
97	San Jose St	1.3	1.3	0.0	2.4	0.6	1.8
98	Fla Atlantic	1.3	1.7	2.0	1.4	1.3	1.7
99	Ball State	1.3	0.7	0.0	1.2	1.4	1.2
100	Navy	1.3	1.7	1.0	1.0	1.4	1.2
101	Buffalo	1.3	1.0	0.0	1.8	0.8	1.0
102	Texas Tech	1.3	1.7	2.0	1.0	1.5	1.8
103	Tennessee	1.3	1.0	0.0	1.6	0.8	2.1
104	Northwestern	1.2	1.0	1.0	0.6	1.7	1.2
105	N Mex State	1.2	0.3	1.0	0.8	1.6	0.8
106	UNLV	1.2	0.0	0.0	2.0	0.7	0.8
107	E Michigan	1.1	3.0	1.0	1.5	0.8	0.8
108	Mississippi	1.1	0.0	0.0	1.0	1.2	2.6
109	UCLA	1.0	0.7	1.0	1.5	0.6	2.1
110	Memphis	1.0	1.3	1.0	0.6	1.3	1.2
111	Central Mich	1.0	0.7	0.0	1.0	1.0	1.6
112	Air Force	0.9	2.0	1.0	0.4	1.3	0.7
113	Wake Forest	0.8	0.3	1.0	0.5	1.2	1.6
114	New Mexico	0.8	0.7	1.0	0.6	1.0	0.9
115	Wash State	0.7	1.3	1.0	1.2	0.4	1.8
116	Arizona	0.7	0.7	1.0	0.8	0.7	2.5
117	UAB	0.7	0.3	0.0	0.6	0.7	1.9
118	Boston Col	0.6	0.3	0.0	1.0	0.3	1.6
119	Akron	0.5	0.7	0.0	1.0	0.2	1.3
120	Kansas	0.5	0.3	1.0	0.2	0.8	1.0
