1	Fresno St	3.2	3.0	1.0	3.7	2.8	2.6
2	Louisville	3.2	2.7	4.0	3.2	3.3	1.8
3	S Alabama	3.2	5.3	3.0	4.0	2.5	1.5
4	VA Tech	3.2	2.7	2.0	3.6	2.9	2.8
5	Stanford	3.1	3.3	4.0	3.1	3.1	3.9
6	Tulane	3.1	4.3	4.0	2.4	3.6	1.5
7	Arizona St	3.0	2.0	0.0	3.1	2.8	4.2
8	Texas	3.0	4.3	2.0	2.8	3.1	2.6
9	E Carolina	3.0	2.0	3.0	2.8	3.1	2.2
10	Ohio State	2.9	2.0	2.0	2.0	3.7	2.5
11	Missouri	2.9	2.0	3.0	2.8	3.0	1.5
12	Ohio	2.9	3.0	2.0	3.7	2.2	2.0
13	Clemson	2.9	2.7	5.0	3.2	2.7	2.8
14	Utah	2.9	2.0	3.0	2.8	3.0	2.5
15	North Texas	2.8	2.3	5.0	3.0	2.7	1.4
16	Washington	2.8	4.3	5.0	2.5	3.2	2.2
17	Syracuse	2.8	2.3	4.0	2.4	3.1	2.2
18	Toledo	2.8	2.3	2.0	3.0	2.7	1.3
19	Maryland	2.8	2.3	1.0	2.0	3.3	2.1
20	Nebraska	2.8	2.3	4.0	2.1	3.6	1.8
21	Fla Atlantic	2.8	4.3	8.0	3.4	2.3	0.9
22	TX Christian	2.7	2.0	3.0	3.2	2.3	2.2
23	Utah State	2.7	3.0	2.0	2.8	2.6	3.3
24	Buffalo	2.7	3.3	2.0	3.5	2.2	2.5
25	GA Tech	2.6	3.7	2.0	2.8	2.5	2.0
26	Houston	2.6	2.7	1.0	5.3	1.7	3.0
27	Cincinnati	2.6	2.0	0.0	3.4	2.0	2.3
28	Boston Col	2.6	2.3	1.0	3.4	2.0	0.5
29	Oklahoma	2.5	3.7	7.0	2.5	2.6	1.7
30	Georgia	2.5	1.7	1.0	3.2	2.0	2.3
31	Tulsa	2.5	3.3	1.0	2.5	2.5	3.5
32	Florida St	2.5	3.3	2.0	2.7	2.3	2.3
33	USC	2.4	1.3	0.0	2.7	2.1	2.8
34	Rutgers	2.4	1.7	0.0	2.5	2.3	1.8
35	UCLA	2.4	4.0	3.0	2.5	2.3	3.4
36	Michigan St	2.4	2.3	1.0	4.3	0.7	1.5
37	S Methodist	2.4	1.7	1.0	2.6	2.2	1.8
38	Arkansas	2.4	2.0	3.0	2.6	2.2	2.5
39	N Carolina	2.3	4.0	5.0	1.7	3.0	2.4
40	Boise State	2.3	1.3	0.0	3.0	1.9	2.9
41	San Diego St	2.3	3.0	4.0	2.0	2.6	2.3
42	Penn State	2.3	3.7	3.0	2.6	2.0	2.8
43	Colorado St	2.3	3.0	5.0	1.8	2.6	1.5
44	Memphis	2.3	2.0	0.0	2.5	2.0	2.6
45	Virginia	2.3	2.7	5.0	1.7	3.2	1.5
46	Northwestern	2.3	2.7	2.0	1.8	2.8	2.2
47	Central FL	2.2	2.3	2.0	1.7	2.7	1.9
48	Akron	2.2	0.7	1.0	1.0	3.2	1.4
49	W Kentucky	2.2	2.7	2.0	1.5	2.6	2.4
50	Hawaii	2.2	3.0	4.0	2.3	2.0	2.3
51	Bowling Grn	2.2	2.7	2.0	1.2	2.8	3.1
52	S Florida	2.1	2.7	2.0	2.0	2.2	1.7
53	Wake Forest	2.1	2.0	1.0	2.8	1.5	2.0
54	Baylor	2.1	0.7	0.0	2.5	1.7	1.3
55	Miami (FL)	2.1	1.0	1.0	2.3	1.8	0.9
56	Ball State	2.1	2.7	2.0	2.4	1.9	1.5
57	N Illinois	2.1	2.0	2.0	2.0	2.1	2.8
58	S Carolina	2.0	2.0	1.0	2.7	1.3	3.5
59	Texas Tech	2.0	2.0	3.0	1.2	2.6	1.3
60	LSU	2.0	2.0	3.0	2.2	1.8	2.7
61	Auburn	2.0	1.7	3.0	1.9	2.2	1.8
62	Marshall	2.0	1.3	3.0	2.0	2.0	1.6
63	Vanderbilt	2.0	2.3	4.0	1.7	2.3	2.4
64	Michigan	1.9	1.7	2.0	1.6	2.3	1.7
65	Oregon	1.9	1.3	2.0	2.2	1.7	1.9
66	Iowa	1.9	2.3	4.0	1.3	2.5	1.1
67	Oregon St	1.9	1.7	5.0	1.6	2.1	1.9
68	Kansas St	1.9	2.0	1.0	1.6	2.4	2.6
69	Pittsburgh	1.9	2.7	7.0	1.5	2.3	1.8
70	Idaho	1.9	3.0	4.0	1.5	2.1	1.3
71	Wyoming	1.9	3.0	2.0	3.0	1.0	1.0
72	Wisconsin	1.8	1.3	1.0	2.0	1.7	2.0
73	Kentucky	1.8	1.7	1.0	1.3	2.4	2.0
74	Nevada	1.8	2.7	2.0	2.6	1.2	1.5
75	Central Mich	1.8	1.3	1.0	1.2	2.1	1.3
76	TX-San Ant	1.8	1.7	2.0	1.8	1.7	1.5
77	Wash State	1.8	1.3	2.0	1.6	1.9	2.5
78	Middle Tenn	1.8	2.3	0.0	1.6	1.9	1.1
79	Alabama	1.8	2.0	1.0	1.5	2.0	2.6
80	Oklahoma St	1.8	1.3	2.0	1.6	1.9	1.8
81	E Michigan	1.7	3.0	2.0	2.5	1.3	0.6
82	Florida	1.7	2.0	2.0	1.8	1.7	2.3
83	Arizona	1.7	2.0	3.0	2.6	1.0	1.2
84	Texas A&M	1.7	1.3	1.0	2.1	1.0	2.5
85	Miss State	1.7	2.0	4.0	1.5	1.8	1.4
86	California	1.6	1.7	1.0	1.3	2.0	2.1
87	Troy	1.6	1.3	1.0	1.2	1.9	1.1
88	Kansas	1.6	1.7	3.0	1.7	1.6	0.8
89	Duke	1.6	0.3	0.0	1.8	1.4	1.7
90	Notre Dame	1.6	2.3	4.0	1.2	2.0	2.5
91	UNLV	1.6	1.7	1.0	2.0	1.2	1.2
92	Arkansas St	1.6	2.3	2.0	2.2	1.1	1.4
93	BYU	1.6	1.3	0.0	2.2	1.1	2.3
94	Kent State	1.5	2.3	1.0	1.8	1.4	2.4
95	NC State	1.5	1.0	0.0	1.3	2.0	2.8
96	Temple	1.5	1.7	1.0	2.0	1.2	2.1
97	LA Tech	1.5	0.3	0.0	1.5	1.6	1.6
98	San Jose St	1.5	1.0	0.0	1.6	1.3	3.0
99	Tennessee	1.5	2.0	5.0	1.5	1.4	1.3
100	Connecticut	1.5	2.7	3.0	1.5	1.4	2.8
101	Texas State	1.5	1.0	1.0	1.4	1.5	1.0
102	UAB	1.5	2.0	2.0	1.5	1.4	1.5
103	Indiana	1.5	1.3	2.0	1.6	1.2	1.9
104	Rice	1.4	1.3	1.0	1.7	1.2	2.2
105	Mississippi	1.4	1.7	1.0	1.8	1.0	2.8
106	LA Lafayette	1.4	1.7	2.0	1.2	1.5	2.0
107	W Virginia	1.4	1.0	2.0	1.4	1.3	1.6
108	Illinois	1.4	1.3	1.0	1.2	1.6	2.3
109	New Mexico	1.3	1.0	1.0	1.7	1.0	1.6
110	LA Monroe	1.3	1.3	1.0	1.0	1.4	1.8
111	Purdue	1.3	0.7	0.0	1.5	1.0	1.7
112	Iowa State	1.3	0.7	2.0	1.2	1.3	1.1
113	Miami (OH)	1.2	0.3	0.0	2.2	0.6	1.3
114	Minnesota	1.2	1.0	1.0	1.0	1.5	1.8
115	Army	1.2	1.0	0.0	1.8	0.9	1.1
116	Air Force	1.2	1.7	1.0	1.3	1.0	1.2
117	Colorado	1.1	1.0	1.0	0.8	1.3	1.5
118	Florida Intl	1.1	0.7	1.0	1.4	0.8	1.7
119	TX El Paso	1.1	1.0	1.0	1.2	1.0	1.7
120	S Mississippi	1.1	1.7	5.0	0.6	1.4	1.6
121	U Mass	1.0	1.0	1.0	1.0	1.0	1.0
122	Georgia State	1.0	1.0	0.0	1.2	0.8	0.0
123	W Michigan	1.0	0.3	0.0	2.0	0.4	1.7
124	N Mex State	0.9	0.3	1.0	1.2	0.6	0.8
125	Navy	0.8	0.7	1.0	1.0	0.6	1.2
